fp64
       24576            1           8.425        49152       393216
       24576            2          12.667        98304       786432
       24576            4          23.303       196608      1572864
       24576            8          46.940       393216      3145728
       24576           16          90.174       786432      6291456
       24576           32         162.885      1572864     12582912
       24576           64         335.290      3145728     25165824
       24576          128         629.147      6291456     50331648
       24576          256        1292.049     12582912    100663296
       24576          512        2528.734     25165824    201326592
       24576         1024        5067.727     50331648    402653184
       24576         2048       10109.554    100663296    805306368
       24576         4096       20306.898    201326592   1610612736
       24576         8192       40415.119    402653184   3221225472
       24576        16384       80844.654    805306368   6442450944
       24576        32768      162085.997   1610612736  12884901888
       26880            1           9.559        53760       430080
       26880            2          14.860       107520       860160
       26880            4          27.500       215040      1720320
       26880            8          68.172       430080      3440640
       26880           16          98.280       860160      6881280
       26880           32         175.539      1720320     13762560
       26880           64         346.595      3440640     27525120
       26880          128         701.380      6881280     55050240
       26880          256        1382.414     13762560    110100480
       26880          512        2769.559     27525120    220200960
       26880         1024        5533.987     55050240    440401920
       26880         2048       11055.135    110100480    880803840
       26880         4096       22106.971    220200960   1761607680
       26880         8192       44215.974    440401920   3523215360
       26880        16384       88420.146    880803840   7046430720
       26880        32768      176781.788   1761607680  14092861440
       29568            1           9.913        59136       473088
       29568            2          15.750       118272       946176
       29568            4          28.335       236544      1892352
       29568            8          70.489       473088      3784704
       29568           16         107.620       946176      7569408
       29568           32         192.718      1892352     15138816
       29568           64         381.379      3784704     30277632
       29568          128         769.085      7569408     60555264
       29568          256        1531.497     15138816    121110528
       29568          512        3046.981     30277632    242221056
       29568         1024        6082.423     60555264    484442112
       29568         2048       12687.042    121110528    968884224
       29568         4096       28303.100    242221056   1937768448
       29568         8192       48638.081    484442112   3875536896
       29568        16384       98579.276    968884224   7751073792
       29568        32768      194604.194   1937768448  15502147584
       32448            1           7.709        64896       519168
       32448            2          16.696       129792      1038336
       32448            4          32.956       259584      2076672
       32448            8          65.039       519168      4153344
       32448           16         112.114      1038336      8306688
       32448           32         225.448      2076672     16613376
       32448           64         419.379      4153344     33226752
       32448          128         846.216      8306688     66453504
       32448          256        1687.545     16613376    132907008
       32448          512        3357.893     33226752    265814016
       32448         1024        6720.113     66453504    531628032
       32448         2048       13434.820    132907008   1063256064
       32448         4096       26870.089    265814016   2126512128
       32448         8192       53722.028    531628032   4253024256
       32448        16384      107446.677   1063256064   8506048512
       32448        32768      215879.717   2126512128  17012097024
       35520            1          11.278        71040       568320
       35520            2          17.673       142080      1136640
       35520            4          35.962       284160      2273280
       35520            8          80.901       568320      4546560
       35520           16         118.719      1136640      9093120
       35520           32         232.448      2273280     18186240
       35520           64         458.091      4546560     36372480
       35520          128         921.880      9093120     72744960
       35520          256        1840.859     18186240    145489920
       35520          512        3675.769     36372480    290979840
       35520         1024        7342.176     72744960    581959680
       35520         2048       15708.717    145489920   1163919360
       35520         4096       29355.045    290979840   2327838720
       35520         8192       58728.487    581959680   4655677440
       35520        16384      117466.618   1163919360   9311354880
       38976            1           9.850        77952       623616
       38976            2          19.355       155904      1247232
       38976            4          39.279       311808      2494464
       38976            8          74.344       623616      4988928
       38976           16         130.342      1247232      9977856
       38976           32         255.216      2494464     19955712
       38976           64         515.937      4988928     39911424
       38976          128        1010.758      9977856     79822848
       38976          256        2019.884     19955712    159645696
       38976          512        4032.462     39911424    319291392
       38976         1024        9543.552     79822848    638582784
       38976         2048       16129.734    159645696   1277165568
       38976         4096       32239.481    319291392   2554331136
       38976         8192       64447.972    638582784   5108662272
       38976        16384      128915.348   1277165568  10217324544
       42816            1          10.805        85632       685056
       42816            2          22.088       171264      1370112
       42816            4          42.272       342528      2740224
       42816            8          81.472       685056      5480448
       42816           16         156.656      1370112     10960896
       42816           32         278.307      2740224     21921792
       42816           64         552.005      5480448     43843584
       42816          128        1118.654     10960896     87687168
       42816          256        2213.787     21921792    175374336
       42816          512        4422.719     43843584    350748672
       42816         1024        8869.447     87687168    701497344
       42816         2048       18753.471    175374336   1402994688
       42816         4096       35370.132    350748672   2805989376
       42816         8192       70750.392    701497344   5611978752
       42816        16384      141492.832   1402994688  11223957504
       47040            1          11.981        94080       752640
       47040            2          23.793       188160      1505280
       47040            4          44.545       376320      3010560
       47040            8          86.253       752640      6021120
       47040           16         155.238      1505280     12042240
       47040           32         305.496      3010560     24084480
       47040           64         619.954      6021120     48168960
       47040          128        1218.276     12042240     96337920
       47040          256        2437.986     24084480    192675840
       47040          512        4861.113     48168960    385351680
       47040         1024        9709.089     96337920    770703360
       47040         2048       20458.952    192675840   1541406720
       47040         4096       38862.507    385351680   3082813440
       47040         8192       77697.411    770703360   6165626880
       47040        16384      155462.848   1541406720  12331253760
       51648            1          11.335       103296       826368
       51648            2          25.425       206592      1652736
       51648            4          50.684       413184      3305472
       51648            8          94.324       826368      6610944
       51648           16         169.443      1652736     13221888
       51648           32         349.884      3305472     26443776
       51648           64         663.251      6610944     52887552
       51648          128        1343.009     13221888    105775104
       51648          256        2660.471     26443776    211550208
       51648          512        6367.075     52887552    423100416
       51648         1024       10653.395    105775104    846200832
       51648         2048       21321.024    211550208   1692401664
       51648         4096       42637.878    423100416   3384803328
       51648         8192       85287.879    846200832   6769606656
       51648        16384      171572.679   1692401664  13539213312
       56640            1          13.327       113280       906240
       56640            2          27.653       226560      1812480
       56640            4          51.927       453120      3624960
       56640            8         100.977       906240      7249920
       56640           16         184.921      1812480     14499840
       56640           32         367.050      3624960     28999680
       56640           64         738.708      7249920     57999360
       56640          128        1470.863     14499840    115998720
       56640          256        2941.278     28999680    231997440
       56640          512        5855.702     57999360    463994880
       56640         1024       11688.906    115998720    927989760
       56640         2048       23383.085    231997440   1855979520
       56640         4096       46755.316    463994880   3711959040
       56640         8192       93494.598    927989760   7423918080
       56640        16384      187300.224   1855979520  14847836160
       62208            1          16.030       124416       995328
       62208            2          29.616       248832      1990656
       62208            4          57.462       497664      3981312
       62208            8         109.091       995328      7962624
       62208           16         216.731      1990656     15925248
       62208           32         400.352      3981312     31850496
       62208           64         806.146      7962624     63700992
       62208          128        1597.363     15925248    127401984
       62208          256        3209.328     31850496    254803968
       62208          512        6393.202     63700992    509607936
       62208         1024       12794.609    127401984   1019215872
       62208         2048       25572.976    254803968   2038431744
       62208         4096       51166.943    509607936   4076863488
       62208         8192      102300.231   1019215872   8153726976
       62208        16384      205629.124   2038431744  16307453952
       68352            1          15.637       136704      1093632
       68352            2          31.941       273408      2187264
       68352            4          65.440       546816      4374528
       68352            8         119.121      1093632      8749056
       68352           16         223.449      2187264     17498112
       68352           32         453.757      4374528     34996224
       68352           64         884.610      8749056     69992448
       68352          128        1752.924     17498112    139984896
       68352          256        3519.393     34996224    279969792
       68352          512        7026.846     69992448    559939584
       68352         1024       14068.881    139984896   1119879168
       68352         2048       28104.746    279969792   2239758336
       68352         4096       56217.229    559939584   4479516672
       68352         8192      113476.616   1119879168   8959033344
       75072            1          17.396       150144      1201152
       75072            2          44.172       300288      2402304
       75072            4          70.722       600576      4804608
       75072            8         127.423      1201152      9609216
       75072           16         259.432      2402304     19218432
       75072           32         485.010      4804608     38436864
       75072           64         981.826      9609216     76873728
       75072          128        1937.894     19218432    153747456
       75072          256        3874.375     38436864    307494912
       75072          512        7746.828     76873728    614989824
       75072         1024       15469.262    153747456   1229979648
       75072         2048       30953.069    307494912   2459959296
       75072         4096       61904.095    614989824   4919918592
       75072         8192      124143.995   1229979648   9839837184
       82560            1          21.992       165120      1320960
       82560            2          40.095       330240      2641920
       82560            4          75.415       660480      5283840
       82560            8         155.924      1320960     10567680
       82560           16         266.993      2641920     21135360
       82560           32         529.654      5283840     42270720
       82560           64        1064.106     10567680     84541440
       82560          128        2133.698     21135360    169082880
       82560          256        4256.835     42270720    338165760
       82560          512        8485.897     84541440    676331520
       82560         1024       16975.459    169082880   1352663040
       82560         2048       34943.705    338165760   2705326080
       82560         4096       67902.048    676331520   5410652160
       82560         8192      135820.433   1352663040  10821304320
       90816            1          27.253       181632      1453056
       90816            2          53.029       363264      2906112
       90816            4         105.192       726528      5812224
       90816            8         229.341      1453056     11624448
       90816           16         414.531      2906112     23248896
       90816           32         833.400      5812224     46497792
       90816           64        1659.565     11624448     92995584
       90816          128        3300.608     23248896    185991168
       90816          256        6559.133     46497792    371982336
       90816          512        9678.557     92995584    743964672
       90816         1024       18737.841    185991168   1487929344
       90816         2048       37425.752    371982336   2975858688
       90816         4096       75911.074    743964672   5951717376
       90816         8192      149713.997   1487929344  11903434752
       99840            1          21.786       199680      1597440
       99840            2          44.561       399360      3194880
       99840            4          89.276       798720      6389760
       99840            8         163.307      1597440     12779520
       99840           16         337.479      3194880     25559040
       99840           32         640.754      6389760     51118080
       99840           64        1293.179     12779520    102236160
       99840          128        2565.200     25559040    204472320
       99840          256        5140.511     51118080    408944640
       99840          512       10297.283    102236160    817889280
       99840         1024       20523.923    204472320   1635778560
       99840         2048       41048.895    408944640   3271557120
       99840         4096       82120.384    817889280   6543114240
       99840         8192      164550.323   1635778560  13086228480
      109824            1          25.292       219648      1757184
      109824            2          48.969       439296      3514368
      109824            4          97.931       878592      7028736
      109824            8         195.926      1757184     14057472
      109824           16         352.944      3514368     28114944
      109824           32         713.936      7028736     56229888
      109824           64        1410.372     14057472    112459776
      109824          128        2828.307     28114944    224919552
      109824          256        5650.998     56229888    449839104
      109824          512       11284.797    112459776    899678208
      109824         1024       22575.391    224919552   1799356416
      109824         2048       45166.939    449839104   3598712832
      109824         4096       90316.788    899678208   7197425664
      109824         8192      181713.673   1799356416  14394851328
      120768            1          26.486       241536      1932288
      120768            2          53.579       483072      3864576
      120768            4         107.052       966144      7729152
      120768            8         196.568      1932288     15458304
      120768           16         403.423      3864576     30916608
      120768           32         773.766      7729152     61833216
      120768           64        1563.243     15458304    123666432
      120768          128        3112.303     30916608    247332864
      120768          256        6232.701     61833216    494665728
      120768          512       12448.694    123666432    989331456
      120768         1024       24876.549    247332864   1978662912
      120768         2048       49741.366    494665728   3957325824
      120768         4096       99484.418    989331456   7914651648
      120768         8192      199679.824   1978662912  15829303296
      132672            1          28.513       265344      2122752
      132672            2          59.591       530688      4245504
      132672            4         115.564      1061376      8491008
      132672            8         215.550      2122752     16982016
      132672           16         442.562      4245504     33964032
      132672           32         859.359      8491008     67928064
      132672           64        1704.964     16982016    135856128
      132672          128        3425.166     33964032    271712256
      132672          256        6832.407     67928064    543424512
      132672          512       13674.750    135856128   1086849024
      132672         1024       27332.063    271712256   2173698048
      132672         2048       54636.068    543424512   4347396096
      132672         4096      110480.836   1086849024   8694792192
      145920            1          30.559       291840      2334720
      145920            2          65.045       583680      4669440
      145920            4         126.280      1167360      9338880
      145920            8         236.840      2334720     18677760
      145920           16         484.024      4669440     37355520
      145920           32         942.929      9338880     74711040
      145920           64        1878.734     18677760    149422080
      145920          128        3744.463     37355520    298844160
      145920          256        7510.016     74711040    597688320
      145920          512       15004.985    149422080   1195376640
      145920         1024       30006.858    298844160   2390753280
      145920         2048       60021.104    597688320   4781506560
      145920         4096      120014.412   1195376640   9563013120
      160512            1          34.523       321024      2568192
      160512            2          72.876       642048      5136384
      160512            4         152.057      1284096     10272768
      160512            8         259.805      2568192     20545536
      160512           16         514.873      5136384     41091072
      160512           32        1035.264     10272768     82182144
      160512           64        2064.880     20545536    164364288
      160512          128        4151.588     41091072    328728576
      160512          256        8251.405     82182144    657457152
      160512          512       16493.385    164364288   1314914304
      160512         1024       32995.800    328728576   2629828608
      160512         2048       65978.426    657457152   5259657216
      160512         4096      131973.145   1314914304  10519314432
      176448            1          36.274       352896      2823168
      176448            2          76.168       705792      5646336
      176448            4         148.396      1411584     11292672
      176448            8         285.604      2823168     22585344
      176448           16         577.250      5646336     45170688
      176448           32        1137.386     11292672     90341376
      176448           64        2271.079     22585344    180682752
      176448          128        4545.512     45170688    361365504
      176448          256        9084.617     90341376    722731008
      176448          512       18152.709    180682752   1445462016
      176448         1024       36311.082    361365504   2890924032
      176448         2048       72650.427    722731008   5781848064
      176448         4096      145275.444   1445462016  11563696128
      193920            1          40.937       387840      3102720
      193920            2          83.362       775680      6205440
      193920            4         179.154      1551360     12410880
      193920            8         313.141      3102720     24821760
      193920           16         632.072      6205440     49643520
      193920           32        1248.765     12410880     99287040
      193920           64        2489.489     24821760    198574080
      193920          128        4985.365     49643520    397148160
      193920          256        9969.985     99287040    794296320
      193920          512       19942.931    198574080   1588592640
      193920         1024       39879.941    397148160   3177185280
      193920         2048       79750.527    794296320   6354370560
      193920         4096      159447.911   1588592640  12708741120
      213312            1          43.908       426624      3412992
      213312            2          91.677       853248      6825984
      213312            4         178.592      1706496     13651968
      213312            8         345.251      3412992     27303936
      213312           16         693.817      6825984     54607872
      213312           32        1372.775     13651968    109215744
      213312           64        2750.204     27303936    218431488
      213312          128        5493.622     54607872    436862976
      213312          256       10974.960    109215744    873725952
      213312          512       21939.871    218431488   1747451904
      213312         1024       43873.667    436862976   3494903808
      213312         2048       87776.835    873725952   6989807616
      213312         4096      175539.627   1747451904  13979615232
      234624            1          49.194       469248      3753984
      234624            2         100.523       938496      7507968
      234624            4         194.105      1876992     15015936
      234624            8         392.453      3753984     30031872
      234624           16         751.002      7507968     60063744
      234624           32        1546.542     15015936    120127488
      234624           64        3020.901     30031872    240254976
      234624          128        6033.179     60063744    480509952
      234624          256       12060.762    120127488    961019904
      234624          512       24117.049    240254976   1922039808
      234624         1024       48230.159    480509952   3844079616
      234624         2048       96470.301    961019904   7688159232
      234624         4096      193632.383   1922039808  15376318464
      258048            1          52.253       516096      4128768
      258048            2         109.726      1032192      8257536
      258048            4         211.622      2064384     16515072
      258048            8         426.951      4128768     33030144
      258048           16         826.232      8257536     66060288
      258048           32        1666.335     16515072    132120576
      258048           64        3327.019     33030144    264241152
      258048          128        6672.334     66060288    528482304
      258048          256       13262.333    132120576   1056964608
      258048          512       26530.665    264241152   2113929216
      258048         1024       53039.204    528482304   4227858432
      258048         2048      106073.658   1056964608   8455716864
      258048         4096      212168.550   2113929216  16911433728
      283776            1          58.539       567552      4540416
      283776            2         136.097      1135104      9080832
      283776            4         230.602      2270208     18161664
      283776            8         455.043      4540416     36323328
      283776           16         916.500      9080832     72646656
      283776           32        1828.714     18161664    145293312
      283776           64        3651.622     36323328    290586624
      283776          128        7292.877     72646656    581173248
      283776          256       14589.159    145293312   1162346496
      283776          512       29165.757    290586624   2324692992
      283776         1024       58340.291    581173248   4649385984
      283776         2048      116659.381   1162346496   9298771968
      312000            1          64.709       624000      4992000
      312000            2         132.763      1248000      9984000
      312000            4         252.938      2496000     19968000
      312000            8         516.577      4992000     39936000
      312000           16        1007.382      9984000     79872000
      312000           32        2011.032     19968000    159744000
      312000           64        4014.378     39936000    319488000
      312000          128        8025.169     79872000    638976000
      312000          256       16046.465    159744000   1277952000
      312000          512       32101.563    319488000   2555904000
      312000         1024       64179.082    638976000   5111808000
      312000         2048      128373.387   1277952000  10223616000
      343104            1          71.569       686208      5489664
      343104            2         144.835      1372416     10979328
      343104            4         276.919      2744832     21958656
      343104            8         565.814      5489664     43917312
      343104           16        1105.492     10979328     87834624
      343104           32        2207.132     21958656    175669248
      343104           64        4420.125     43917312    351338496
      343104          128        8827.553     87834624    702676992
      343104          256       17637.299    175669248   1405353984
      343104          512       35295.323    351338496   2810707968
      343104         1024       70679.283    702676992   5621415936
      343104         2048      141148.107   1405353984  11242831872
      377280            1          75.915       754560      6036480
      377280            2         158.117      1509120     12072960
      377280            4         304.744      3018240     24145920
      377280            8         616.469      6036480     48291840
      377280           16        1214.252     12072960     96583680
      377280           32        2424.899     24145920    193167360
      377280           64        4855.155     48291840    386334720
      377280          128        9706.513     96583680    772669440
      377280          256       19397.941    193167360   1545338880
      377280          512       38799.602    386334720   3090677760
      377280         1024       77596.226    772669440   6181355520
      377280         2048      155209.921   1545338880  12362711040
      414912            1          85.654       829824      6638592
      414912            2         174.823      1659648     13277184
      414912            4         350.536      3319296     26554368
      414912            8         667.197      6638592     53108736
      414912           16        1343.621     13277184    106217472
      414912           32        2663.947     26554368    212434944
      414912           64        5342.895     53108736    424869888
      414912          128       10672.871    106217472    849739776
      414912          256       21335.279    212434944   1699479552
      414912          512       42679.675    424869888   3398959104
      414912         1024       85349.665    849739776   6797918208
      414912         2048      170700.614   1699479552  13595836416
      456384            1          92.465       912768      7302144
      456384            2         191.731      1825536     14604288
      456384            4         366.854      3651072     29208576
      456384            8         742.711      7302144     58417152
      456384           16        1475.244     14604288    116834304
      456384           32        2937.505     29208576    233668608
      456384           64        5858.366     58417152    467337216
      456384          128       12690.079    116834304    934674432
      456384          256       23479.730    233668608   1869348864
      456384          512       47401.241    467337216   3738697728
      456384         1024       93866.304    934674432   7477395456
      456384         2048      187722.439   1869348864  14954790912
      501888            1         101.928      1003776      8030208
      501888            2         207.152      2007552     16060416
      501888            4         417.909      4015104     32120832
      501888            8         804.432      8030208     64241664
      501888           16        1622.568     16060416    128483328
      501888           32        3226.612     32120832    256966656
      501888           64        6458.047     64241664    513933312
      501888          128       12900.960    128483328   1027866624
      501888          256       25785.641    256966656   2055733248
      501888          512       51598.315    513933312   4111466496
      501888         1024      103252.393   1027866624   8222932992
      501888         2048      206331.927   2055733248  16445865984
      552000            1         111.944      1104000      8832000
      552000            2         226.691      2208000     17664000
      552000            4         459.127      4416000     35328000
      552000            8         892.612      8832000     70656000
      552000           16        1769.915     17664000    141312000
      552000           32        3558.983     35328000    282624000
      552000           64        7098.658     70656000    565248000
      552000          128       14192.455    141312000   1130496000
      552000          256       28398.278    282624000   2260992000
      552000          512       57208.633    565248000   4521984000
      552000         1024      113559.378   1130496000   9043968000
      607104            1         122.689      1214208      9713664
      607104            2         249.510      2428416     19427328
      607104            4         486.956      4856832     38854656
      607104            8         981.831      9713664     77709312
      607104           16        1954.550     19427328    155418624
      607104           32        3908.134     38854656    310837248
      607104           64        7805.996     77709312    621674496
      607104          128       15606.847    155418624   1243348992
      607104          256       31292.935    310837248   2486697984
      607104          512       62404.847    621674496   4973395968
      607104         1024      124805.237   1243348992   9946791936
      667776            1         133.714      1335552     10684416
      667776            2         289.874      2671104     21368832
      667776            4         535.042      5342208     42737664
      667776            8        1075.422     10684416     85475328
      667776           16        2158.903     21368832    170950656
      667776           32        4292.902     42737664    341901312
      667776           64        8577.263     85475328    683802624
      667776          128       17169.440    170950656   1367605248
      667776          256       34346.673    341901312   2735210496
      667776          512       68649.126    683802624   5470420992
      667776         1024      137279.609   1367605248  10940841984
      734400            1         149.398      1468800     11750400
      734400            2         315.826      2937600     23500800
      734400            4         588.707      5875200     47001600
      734400            8        1184.437     11750400     94003200
      734400           16        2369.835     23500800    188006400
      734400           32        4717.431     47001600    376012800
      734400           64        9452.269     94003200    752025600
      734400          128       18883.890    188006400   1504051200
      734400          256       37766.573    376012800   3008102400
      734400          512       75511.648    752025600   6016204800
      734400         1024      151052.842   1504051200  12032409600
      807744            1         162.797      1615488     12923904
      807744            2         344.506      3230976     25847808
      807744            4         646.558      6461952     51695616
      807744            8        1309.821     12923904    103391232
      807744           16        2593.818     25847808    206782464
      807744           32        5204.114     51695616    413564928
      807744           64       10386.510    103391232    827129856
      807744          128       20807.138    206782464   1654259712
      807744          256       41546.957    413564928   3308519424
      807744          512       83335.789    827129856   6617038848
      807744         1024      166176.120   1654259712  13234077696
      888384            1         178.800      1776768     14214144
      888384            2         378.353      3553536     28428288
      888384            4         710.605      7107072     56856576
      888384            8        1435.527     14214144    113713152
      888384           16        2859.632     28428288    227426304
      888384           32        5702.141     56856576    454852608
      888384           64       11427.061    113713152    909705216
      888384          128       22846.469    227426304   1819410432
      888384          256       45662.295    454852608   3638820864
      888384          512       91348.796    909705216   7277641728
      888384         1024      182668.547   1819410432  14555283456
      977088            1         195.350      1954176     15633408
      977088            2         395.472      3908352     31266816
      977088            4         793.505      7816704     62533632
      977088            8        1567.962     15633408    125067264
      977088           16        3150.305     31266816    250134528
      977088           32        6284.002     62533632    500269056
      977088           64       12551.160    125067264   1000538112
      977088          128       25127.638    250134528   2001076224
      977088          256       50227.038    500269056   4002152448
      977088          512      100446.842   1000538112   8004304896
      977088         1024      200948.782   2001076224  16008609792
     1074624            1         233.410      2149248     17193984
     1074624            2         435.042      4298496     34387968
     1074624            4         868.001      8596992     68775936
     1074624            8        1732.772     17193984    137551872
     1074624           16        3459.340     34387968    275103744
     1074624           32        6912.364     68775936    550207488
     1074624           64       13815.819    137551872   1100414976
     1074624          128       27647.596    275103744   2200829952
     1074624          256       55251.744    550207488   4401659904
     1074624          512      110517.041   1100414976   8803319808
     1181952            1         236.693      2363904     18911232
     1181952            2         477.779      4727808     37822464
     1181952            4         954.821      9455616     75644928
     1181952            8        1903.463     18911232    151289856
     1181952           16        3802.948     37822464    302579712
     1181952           32        7602.913     75644928    605159424
     1181952           64       15193.126    151289856   1210318848
     1181952          128       30371.614    302579712   2420637696
     1181952          256       60746.682    605159424   4841275392
     1181952          512      121523.238   1210318848   9682550784
     1300032            1         259.397      2600064     20800512
     1300032            2         525.040      5200128     41601024
     1300032            4        1048.508     10400256     83202048
     1300032            8        2113.221     20800512    166404096
     1300032           16        4181.235     41601024    332808192
     1300032           32        8361.226     83202048    665616384
     1300032           64       16714.539    166404096   1331232768
     1300032          128       33424.664    332808192   2662465536
     1300032          256       66857.067    665616384   5324931072
     1300032          512      133706.236   1331232768  10649862144
     1430016            1         285.813      2860032     22880256
     1430016            2         592.225      5720064     45760512
     1430016            4        1151.590     11440128     91521024
     1430016            8        2297.980     22880256    183042048
     1430016           16        4602.495     45760512    366084096
     1430016           32        9192.343     91521024    732168192
     1430016           64       18387.815    183042048   1464336384
     1430016          128       36760.024    366084096   2928672768
     1430016          256       73556.872    732168192   5857345536
     1430016          512      147044.807   1464336384  11714691072
     1572864            1         316.438      3145728     25165824
     1572864            2         648.919      6291456     50331648
     1572864            4        1265.317     12582912    100663296
     1572864            8        2535.551     25165824    201326592
     1572864           16        5056.091     50331648    402653184
     1572864           32       10105.357    100663296    805306368
     1572864           64       20215.797    201326592   1610612736
     1572864          128       40590.217    402653184   3221225472
     1572864          256       81072.030    805306368   6442450944
     1572864          512      161690.784   1610612736  12884901888
     1730112            1         346.946      3460224     27681792
     1730112            2         707.391      6920448     55363584
     1730112            4        1390.586     13840896    110727168
     1730112            8        2783.420     27681792    221454336
     1730112           16        5565.847     55363584    442908672
     1730112           32       11118.036    110727168    885817344
     1730112           64       22239.130    221454336   1771634688
     1730112          128       44457.223    442908672   3543269376
     1730112          256       88924.320    885817344   7086538752
     1730112          512      177846.215   1771634688  14173077504
     1903104            1         396.264      3806208     30449664
     1903104            2         774.553      7612416     60899328
     1903104            4        1527.620     15224832    121798656
     1903104            8        3062.831     30449664    243597312
     1903104           16        6116.527     60899328    487194624
     1903104           32       12226.694    121798656    974389248
     1903104           64       24460.193    243597312   1948778496
     1903104          128       48951.381    487194624   3897556992
     1903104          256       97831.623    974389248   7795113984
     1903104          512      195609.994   1948778496  15590227968
     2093376            1         436.638      4186752     33494016
     2093376            2         852.912      8373504     66988032
     2093376            4        1678.774     16747008    133976064
     2093376            8        3372.808     33494016    267952128
     2093376           16        6730.516     66988032    535904256
     2093376           32       13445.566    133976064   1071808512
     2093376           64       26917.624    267952128   2143617024
     2093376          128       53803.413    535904256   4287234048
     2093376          256      107611.683   1071808512   8574468096
     2093376          512      215230.318   2143617024  17148936192
     2302656            1         460.410      4605312     36842496
     2302656            2         935.088      9210624     73684992
     2302656            4        1852.757     18421248    147369984
     2302656            8        3705.425     36842496    294739968
     2302656           16        7400.116     73684992    589479936
     2302656           32       14796.934    147369984   1178959872
     2302656           64       29593.396    294739968   2357919744
     2302656          128       59169.431    589479936   4715839488
     2302656          256      118326.939   1178959872   9431678976
     2532864            1         531.409      5065728     40525824
     2532864            2        1026.532     10131456     81051648
     2532864            4        2037.569     20262912    162103296
     2532864            8        4069.575     40525824    324206592
     2532864           16        8137.321     81051648    648413184
     2532864           32       16272.835    162103296   1296826368
     2532864           64       32568.823    324206592   2593652736
     2532864          128       65102.671    648413184   5187305472
     2532864          256      130180.567   1296826368  10374610944
     2786112            1         572.852      5572224     44577792
     2786112            2        1125.974     11144448     89155584
     2786112            4        2238.300     22288896    178311168
     2786112            8        4486.470     44577792    356622336
     2786112           16        8957.473     89155584    713244672
     2786112           32       17907.005    178311168   1426489344
     2786112           64       35796.422    356622336   2852978688
     2786112          128       71606.749    713244672   5705957376
     2786112          256      143196.654   1426489344  11411914752
     3064704            1         627.042      6129408     49035264
     3064704            2        1236.438     12258816     98070528
     3064704            4        2471.669     24517632    196141056
     3064704            8        4932.422     49035264    392282112
     3064704           16        9851.952     98070528    784564224
     3064704           32       19686.950    196141056   1569128448
     3064704           64       39390.505    392282112   3138256896
     3064704          128       78755.370    784564224   6276513792
     3064704          256      157512.947   1569128448  12553027584
     3371136            1         688.959      6742272     53938176
     3371136            2        1357.114     13484544    107876352
     3371136            4        2714.649     26969088    215752704
     3371136            8        5411.966     53938176    431505408
     3371136           16       10835.601    107876352    863010816
     3371136           32       21663.468    215752704   1726021632
     3371136           64       43309.802    431505408   3452043264
     3371136          128       87660.025    863010816   6904086528
     3371136          256      173295.654   1726021632  13808173056
     3708096            1         756.609      7416192     59329536
     3708096            2        1491.305     14832384    118659072
     3708096            4        2980.563     29664768    237318144
     3708096            8        5957.094     59329536    474636288
     3708096           16       11914.513    118659072    949272576
     3708096           32       23826.920    237318144   1898545152
     3708096           64       47649.968    474636288   3797090304
     3708096          128       95284.254    949272576   7594180608
     3708096          256      191527.346   1898545152  15188361216
     4078848            1         828.903      8157696     65261568
     4078848            2        1643.131     16315392    130523136
     4078848            4        3285.150     32630784    261046272
     4078848            8        6547.600     65261568    522092544
     4078848           16       13108.364    130523136   1044185088
     4078848           32       26220.937    261046272   2088370176
     4078848           64       52421.084    522092544   4176740352
     4078848          128      104853.946   1044185088   8353480704
     4078848          256      209727.234   2088370176  16706961408
     4486656            1         908.129      8973312     71786496
     4486656            2        1802.197     17946624    143572992
     4486656            4        3610.606     35893248    287145984
     4486656            8        7207.804     71786496    574291968
     4486656           16       14422.569    143572992   1148583936
     4486656           32       28831.689    287145984   2297167872
     4486656           64       57664.999    574291968   4594335744
     4486656          128      116385.905   1148583936   9188671488
     4935168            1         996.771      9870336     78962688
     4935168            2        1987.563     19740672    157925376
     4935168            4        3965.756     39481344    315850752
     4935168            8        7935.677     78962688    631701504
     4935168           16       15846.419    157925376   1263403008
     4935168           32       31722.337    315850752   2526806016
     4935168           64       63428.533    631701504   5053612032
     4935168          128      126816.935   1263403008  10107224064
     5428608            1        1094.891     10857216     86857728
     5428608            2        2184.362     21714432    173715456
     5428608            4        4361.865     43428864    347430912
     5428608            8        8723.736     86857728    694861824
     5428608           16       17433.911    173715456   1389723648
     5428608           32       34876.410    347430912   2779447296
     5428608           64       69756.731    694861824   5558894592
     5428608          128      140547.998   1389723648  11117789184
     5971392            1        1203.458     11942784     95542272
     5971392            2        2401.658     23885568    191084544
     5971392            4        4800.216     47771136    382169088
     5971392            8        9599.965     95542272    764338176
     5971392           16       19182.331    191084544   1528676352
     5971392           32       38363.720    382169088   3057352704
     5971392           64       76746.726    764338176   6114705408
     5971392          128      153454.869   1528676352  12229410816
     6568512            1        1321.289     13137024    105096192
     6568512            2        2652.984     26274048    210192384
     6568512            4        5277.098     52548096    420384768
     6568512            8       10556.941    105096192    840769536
     6568512           16       21116.841    210192384   1681539072
     6568512           32       42199.384    420384768   3363078144
     6568512           64       84400.743    840769536   6726156288
     6568512          128      169175.748   1681539072  13452312576
     7225344            1        1450.332     14450688    115605504
     7225344            2        2911.242     28901376    231211008
     7225344            4        5808.282     57802752    462422016
     7225344            8       11610.857    115605504    924844032
     7225344           16       23222.930    231211008   1849688064
     7225344           32       46418.971    462422016   3699376128
     7225344           64       92874.830    924844032   7398752256
     7225344          128      185675.226   1849688064  14797504512
     7947840            1        1597.836     15895680    127165440
     7947840            2        3206.299     31791360    254330880
     7947840            4        6379.770     63582720    508661760
     7947840            8       12771.776    127165440   1017323520
     7947840           16       25651.873    254330880   2034647040
     7947840           32       51066.891    508661760   4069294080
     7947840           64      102161.439   1017323520   8138588160
     7947840          128      204710.063   2034647040  16277176320
     8742528            1        1749.807     17485056    139880448
     8742528            2        3519.949     34970112    279760896
     8742528            4        7023.559     69940224    559521792
     8742528            8       14045.437    139880448   1119043584
     8742528           16       28088.758    279760896   2238087168
     8742528           32       56162.761    559521792   4476174336
     8742528           64      112353.073   1119043584   8952348672
     9616704            1        1936.187     19233408    153867264
     9616704            2        3863.486     38466816    307734528
     9616704            4        7721.908     76933632    615469056
     9616704            8       15454.812    153867264   1230938112
     9616704           16       30896.215    307734528   2461876224
     9616704           32       61858.364    615469056   4923752448
     9616704           64      123570.248   1230938112   9847504896
    10578240            1        2132.148     21156480    169251840
    10578240            2        4261.068     42312960    338503680
    10578240            4        8497.285     84625920    677007360
    10578240            8       16991.942    169251840   1354014720
    10578240           16       33980.413    338503680   2708029440
    10578240           32       67954.841    677007360   5416058880
    10578240           64      135950.093   1354014720  10832117760
    11635968            1        2341.127     23271936    186175488
    11635968            2        4682.764     46543872    372350976
    11635968            4        9351.585     93087744    744701952
    11635968            8       18693.600    186175488   1489403904
    11635968           16       37381.664    372350976   2978807808
    11635968           32       74747.434    744701952   5957615616
    11635968           64      149514.931   1489403904  11915231232
    12799488            1        2584.206     25598976    204791808
    12799488            2        5142.669     51197952    409583616
    12799488            4       10281.122    102395904    819167232
    12799488            8       20566.599    204791808   1638334464
    12799488           16       41118.746    409583616   3276668928
    12799488           32       82252.960    819167232   6553337856
    12799488           64      164479.961   1638334464  13106675712
    14079360            1        2836.933     28158720    225269760
    14079360            2        5660.560     56317440    450539520
    14079360            4       11304.916    112634880    901079040
    14079360            8       22615.470    225269760   1802158080
    14079360           16       45222.858    450539520   3604316160
    14079360           32       90462.296    901079040   7208632320
    14079360           64      180936.159   1802158080  14417264640
    15487296            1        3114.865     30974592    247796736
    15487296            2        6219.119     61949184    495593472
    15487296            4       12432.731    123898368    991186944
    15487296            8       24876.276    247796736   1982373888
    15487296           16       49743.735    495593472   3964747776
    15487296           32      102631.466    991186944   7929495552
    15487296           64      204972.806   1982373888  15858991104
    17035968            1        3446.104     34071936    272575488
    17035968            2        6883.822     68143872    545150976
    17035968            4       13777.555    136287744   1090301952
    17035968            8       27564.575    272575488   2180603904
    17035968           16       54849.855    545150976   4361207808
    17035968           32      109639.656   1090301952   8722415616
    18739392            1        3797.187     37478784    299830272
    18739392            2        7586.859     74957568    599660544
    18739392            4       15150.224    149915136   1199321088
    18739392            8       30340.165    299830272   2398642176
    18739392           16       60623.683    599660544   4797284352
    18739392           32      121119.300   1199321088   9594568704
    20613312            1        4163.255     41226624    329812992
    20613312            2        8346.524     82453248    659625984
    20613312            4       16681.685    164906496   1319251968
    20613312            8       33390.395    329812992   2638503936
    20613312           16       66742.006    659625984   5277007872
    20613312           32      133438.917   1319251968  10554015744
    22674624            1        4589.562     45349248    362793984
    22674624            2        9182.638     90698496    725587968
    22674624            4       18338.695    181396992   1451175936
    22674624            8       36718.256    362793984   2902351872
    22674624           16       73372.390    725587968   5804703744
    22674624           32      146106.567   1451175936  11609407488
    24941952            1        5042.134     49883904    399071232
    24941952            2       10033.117     99767808    798142464
    24941952            4       20018.083    199535616   1596284928
    24941952            8       40031.612    399071232   3192569856
    24941952           16       80334.420    798142464   6385139712
    24941952           32      161134.066   1596284928  12770279424
    27436032            1        5531.188     54872064    438976512
    27436032            2       11075.158    109744128    877953024
    27436032            4       22145.377    219488256   1755906048
    27436032            8       44329.514    438976512   3511812096
    27436032           16       88655.710    877953024   7023624192
    27436032           32      177342.620   1755906048  14047248384
    30179520            1        6094.286     60359040    482872320
    30179520            2       12579.101    120718080    965744640
    30179520            4       24417.939    241436160   1931489280
    30179520            8       48769.543    482872320   3862978560
    30179520           16       97493.786    965744640   7725957120
    30179520           32      194824.715   1931489280  15451914240
    33197376            1        6719.929     66394752    531158016
    33197376            2       13396.447    132789504   1062316032
    33197376            4       26820.411    265579008   2124632064
    33197376            8       53632.711    531158016   4249264128
    33197376           16      107248.447   1062316032   8498528256
    33197376           32      214502.101   2124632064  16997056512
    36517056            1        7377.376     73034112    584272896
    36517056            2       14764.657    146068224   1168545792
    36517056            4       29511.054    292136448   2337091584
    36517056            8       59055.728    584272896   4674183168
    36517056           16      118041.585   1168545792   9348366336
    40168704            1        8112.559     80337408    642699264
    40168704            2       16223.507    160674816   1285398528
    40168704            4       32446.717    321349632   2570797056
    40168704            8       64852.386    642699264   5141594112
    40168704           16      129814.647   1285398528  10283188224
    44185536            1        8952.879     88371072    706968576
    44185536            2       17856.708    176742144   1413937152
    44185536            4       35721.124    353484288   2827874304
    44185536            8       71495.559    706968576   5655748608
    44185536           16      143009.883   1413937152  11311497216
    48604032            1        9834.791     97208064    777664512
    48604032            2       19666.426    194416128   1555329024
    48604032            4       39314.416    388832256   3110658048
    48604032            8       78662.872    777664512   6221316096
    48604032           16      157341.740   1555329024  12442632192
    53464320            1       10750.543    106928640    855429120
    53464320            2       21486.384    213857280   1710858240
    53464320            4       42958.968    427714560   3421716480
    53464320            8       85909.076    855429120   6843432960
    53464320           16      174745.177   1710858240  13686865920
    58810752            1       11824.599    117621504    940972032
    58810752            2       23630.179    235243008   1881944064
    58810752            4       47271.851    470486016   3763888128
    58810752            8       94549.483    940972032   7527776256
    58810752           16      189013.617   1881944064  15055552512
    64691712            1       12993.828    129383424   1035067392
    64691712            2       25988.665    258766848   2070134784
    64691712            4       51996.402    517533696   4140269568
    64691712            8      104003.059   1035067392   8280539136
    64691712           16      207901.094   2070134784  16561078272
    71160768            1       14283.490    142321536   1138572288
    71160768            2       28593.768    284643072   2277144576
    71160768            4       57173.057    569286144   4554289152
    71160768            8      114370.779   1138572288   9108578304
    78276672            1       15715.251    156553344   1252426752
    78276672            2       31460.746    313106688   2504853504
    78276672            4       62886.570    626213376   5009707008
    78276672            8      125789.868   1252426752  10019414016
    86104320            1       17328.542    172208640   1377669120
    86104320            2       34582.321    344417280   2755338240
    86104320            4       69175.708    688834560   5510676480
    86104320            8      138389.186   1377669120  11021352960
    94714752            1       19010.280    189429504   1515436032
    94714752            2       38042.921    378859008   3030872064
    94714752            4       76091.575    757718016   6061744128
    94714752            8      153120.362   1515436032  12123488256
   104186112            1       20915.361    208372224   1666977792
   104186112            2       41863.323    416744448   3333955584
   104186112            4       83682.282    833488896   6667911168
   104186112            8      167354.326   1666977792  13335822336
   114604608            1       23010.405    229209216   1833673728
   114604608            2       46011.936    458418432   3667347456
   114604608            4       92052.409    916836864   7334694912
   114604608            8      184110.751   1833673728  14669389824
   126064896            1       25309.146    252129792   2017038336
   126064896            2       50718.910    504259584   4034076672
   126064896            4      101341.458   1008519168   8068153344
   126064896            8      202474.873   2017038336  16136306688
   138671232            1       27859.081    277342464   2218739712
   138671232            2       55674.801    554684928   4437479424
   138671232            4      111367.882   1109369856   8874958848
   152538240            1       30633.506    305076480   2440611840
   152538240            2       61234.982    610152960   4881223680
   152538240            4      122481.826   1220305920   9762447360
   167792064            1       33661.880    335584128   2684673024
   167792064            2       67366.034    671168256   5369346048
   167792064            4      134760.424   1342336512  10738692096
   184571136            1       37548.453    369142272   2953138176
   184571136            2       74258.769    738284544   5906276352
   184571136            4      148197.062   1476569088  11812552704
   203028096            1       40745.809    406056192   3248449536
   203028096            2       81502.065    812112384   6496899072
   203028096            4      163055.036   1624224768  12993798144
   223330752            1       44823.220    446661504   3573292032
   223330752            2       89644.726    893323008   7146584064
   223330752            4      179301.846   1786646016  14293168128
   245663808            1       49360.603    491327616   3930620928
   245663808            2       98658.821    982655232   7861241856
   245663808            4      197236.957   1965310464  15722483712
   270230016            1       54219.802    540460032   4323680256
   270230016            2      108459.160   1080920064   8647360512
   297252864            1       59644.190    594505728   4756045824
   297252864            2      119310.238   1189011456   9512091648
   326978112            1       65612.842    653956224   5231649792
   326978112            2      131250.257   1307912448  10463299584
   359675904            1       72197.225    719351808   5754814464
   359675904            2      144384.479   1438703616  11509628928
   395643456            1       79400.893    791286912   6330295296
   395643456            2      158789.341   1582573824  12660590592
   435207744            1       87335.287    870415488   6963323904
   435207744            2      174655.913   1740830976  13926647808
   478728384            1       96055.135    957456768   7659654144
   478728384            2      192128.732   1914913536  15319308288
   526601088            1      105672.548   1053202176   8425617408
   526601088            2      211358.768   2106404352  16851234816
   579261120            1      116225.273   1158522240   9268177920
   637187136            1      127853.932   1274374272  10194994176
   700905792            1      140640.404   1401811584  11214492672
   770996352            1      154948.136   1541992704  12335941632
   848095872            1      170173.860   1696191744  13569533952
   932905344            1      187672.541   1865810688  14926485504
  1026195840            1      205916.285   2052391680  16419133440

META_DATA
FLOPS          128
MPI_PROCS      1
OPENMP_THREADS 24
ERT_VERSION  1.1.0
HOSTNAME  ('dp-cn26.deep', [], ['10.2.9.126'])
UNAME  uname_result(system='Linux', node='dp-cn26', release='4.18.0-513.24.1.el8_9.x86_64', version='#1 SMP Thu Apr 4 18:13:02 UTC 2024', machine='x86_64')
TIMESTAMP_DATA  1713441849.338427
CONFIG  {'ERT_RESULTS': ['Results.cn.deep.fz-juelich.de.01.gcc2023-O3-only'], 'ERT_DRIVER': ['driver1'], 'ERT_KERNEL': ['kernel1'], 'ERT_MPI': ['True'], 'ERT_MPI_CFLAGS': ['-I', '/p/software/deep/stages/2023/software/psmpi/5.9.2-1-GCC-11.3.0/include'], 'ERT_MPI_LDFLAGS': ['-L', '/p/software/deep/stages/2023/software/psmpi/5.9.2-1-GCC-11.3.0/lib', '-lmpi'], 'ERT_OPENMP': ['True'], 'ERT_OPENMP_CFLAGS': ['-fopenmp'], 'ERT_OPENMP_LDFLAGS': ['-fopenmp'], 'ERT_FLOPS': ['1,2,4,8,16,64,128'], 'ERT_ALIGN': ['64'], 'ERT_CC': ['mpicxx'], 'ERT_CFLAGS': ['-g', '-O3'], 'ERT_LD': ['mpicxx'], 'ERT_LDFLAGS': [], 'ERT_LDLIBS': [], 'ERT_PRECISION': ['FP64'], 'ERT_RUN': ['export', 'OMP_NUM_THREADS=ERT_OPENMP_THREADS;', 'export', 'OMP_PLACES="cores(ERT_OPENMP_THREADS)";', 'srun', '-p', 'dp-cn', '-n', 'ERT_MPI_PROCS', '-c', '48', '--ntasks-per-node', '1', 'ERT_CODE'], 'ERT_PROCS_THREADS': ['24'], 'ERT_MPI_PROCS': ['1'], 'ERT_OPENMP_THREADS': ['24'], 'ERT_NUM_EXPERIMENTS': ['5'], 'ERT_MEMORY_MAX': ['1073741824'], 'ERT_WORKING_SET_MIN': ['128'], 'ERT_TRIALS_MIN': ['1'], 'ERT_GNUPLOT': ['gnuplot'], 'ERT_GPU': [False], 'ERT_HIP': [False], 'ERT_OCL': [False], 'ERT_SYCL': [False], 'ERT_WSS_MULT': [1.1]}
