fp64
       24576            1           8.530        49152       393216
       24576            2          13.253        98304       786432
       24576            4          26.734       196608      1572864
       24576            8          48.967       393216      3145728
       24576           16         110.736       786432      6291456
       24576           32         166.888      1572864     12582912
       24576           64         317.228      3145728     25165824
       24576          128         640.608      6291456     50331648
       24576          256        1266.119     12582912    100663296
       24576          512        2523.869     25165824    201326592
       24576         1024        5061.191     50331648    402653184
       24576         2048       10107.819    100663296    805306368
       24576         4096       20211.958    201326592   1610612736
       24576         8192       40442.724    402653184   3221225472
       24576        16384       81261.089    805306368   6442450944
       24576        32768      161662.873   1610612736  12884901888
       26880            1           9.053        53760       430080
       26880            2          13.427       107520       860160
       26880            4          25.863       215040      1720320
       26880            8          50.332       430080      3440640
       26880           16         101.179       860160      6881280
       26880           32         175.659      1720320     13762560
       26880           64         346.939      3440640     27525120
       26880          128         699.362      6881280     55050240
       26880          256        1382.723     13762560    110100480
       26880          512        2768.176     27525120    220200960
       26880         1024        5535.731     55050240    440401920
       26880         2048       11052.468    110100480    880803840
       26880         4096       22194.584    220200960   1761607680
       26880         8192       44210.737    440401920   3523215360
       26880        16384       88424.956    880803840   7046430720
       26880        32768      176853.436   1761607680  14092861440
       29568            1           6.809        59136       473088
       29568            2          15.192       118272       946176
       29568            4          28.446       236544      1892352
       29568            8          54.141       473088      3784704
       29568           16         108.564       946176      7569408
       29568           32         192.352      1892352     15138816
       29568           64         395.744      3784704     30277632
       29568          128         758.687      7569408     60555264
       29568          256        1530.204     15138816    121110528
       29568          512        3046.241     30277632    242221056
       29568         1024        6084.092     60555264    484442112
       29568         2048       12166.232    121110528    968884224
       29568         4096       28881.213    242221056   1937768448
       29568         8192       48662.232    484442112   3875536896
       29568        16384       98668.204    968884224   7751073792
       29568        32768      194624.202   1937768448  15502147584
       32448            1           7.911        64896       519168
       32448            2          16.191       129792      1038336
       32448            4          35.119       259584      2076672
       32448            8          62.220       519168      4153344
       32448           16         112.271      1038336      8306688
       32448           32         212.415      2076672     16613376
       32448           64         432.316      4153344     33226752
       32448          128         835.770      8306688     66453504
       32448          256        1687.396     16613376    132907008
       32448          512        3368.218     33226752    265814016
       32448         1024        6712.754     66453504    531628032
       32448         2048       13462.347    132907008   1063256064
       32448         4096       26865.056    265814016   2126512128
       32448         8192       53718.658    531628032   4253024256
       32448        16384      107446.715   1063256064   8506048512
       32448        32768      215864.006   2126512128  17012097024
       35520            1          11.363        71040       568320
       35520            2          20.096       142080      1136640
       35520            4          35.822       284160      2273280
       35520            8          67.308       568320      4546560
       35520           16         119.297      1136640      9093120
       35520           32         231.473      2273280     18186240
       35520           64         474.841      4546560     36372480
       35520          128         923.928      9093120     72744960
       35520          256        1841.598     18186240    145489920
       35520          512        3667.874     36372480    290979840
       35520         1024        7351.417     72744960    581959680
       35520         2048       15658.047    145489920   1163919360
       35520         4096       29369.697    290979840   2327838720
       35520         8192       58725.300    581959680   4655677440
       35520        16384      117458.386   1163919360   9311354880
       38976            1          10.314        77952       623616
       38976            2          19.025       155904      1247232
       38976            4          38.599       311808      2494464
       38976            8          71.712       623616      4988928
       38976           16         133.367      1247232      9977856
       38976           32         270.767      2494464     19955712
       38976           64         503.125      4988928     39911424
       38976          128        1010.771      9977856     79822848
       38976          256        2019.934     19955712    159645696
       38976          512        4032.228     39911424    319291392
       38976         1024        9502.486     79822848    638582784
       38976         2048       16112.410    159645696   1277165568
       38976         4096       32248.412    319291392   2554331136
       38976         8192       64477.991    638582784   5108662272
       38976        16384      128915.329   1277165568  10217324544
       42816            1          12.493        85632       685056
       42816            2          25.310       171264      1370112
       42816            4          41.224       342528      2740224
       42816            8          80.291       685056      5480448
       42816           16         143.616      1370112     10960896
       42816           32         277.952      2740224     21921792
       42816           64         565.515      5480448     43843584
       42816          128        1109.758     10960896     87687168
       42816          256        2212.637     21921792    175374336
       42816          512        4432.522     43843584    350748672
       42816         1024        8853.274     87687168    701497344
       42816         2048       17693.363    175374336   1402994688
       42816         4096       36364.709    350748672   2805989376
       42816         8192       70753.299    701497344   5611978752
       42816        16384      141513.058   1402994688  11223957504
       47040            1          12.954        94080       752640
       47040            2          23.144       188160      1505280
       47040            4          45.901       376320      3010560
       47040            8          87.465       752640      6021120
       47040           16         171.555      1505280     12042240
       47040           32         306.619      3010560     24084480
       47040           64         605.184      6021120     48168960
       47040          128        1226.922     12042240     96337920
       47040          256        2428.382     24084480    192675840
       47040          512        4862.149     48168960    385351680
       47040         1024        9722.185     96337920    770703360
       47040         2048       19424.796    192675840   1541406720
       47040         4096       39837.903    385351680   3082813440
       47040         8192       77712.469    770703360   6165626880
       47040        16384      156393.638   1541406720  12331253760
       51648            1          13.569       103296       826368
       51648            2          25.332       206592      1652736
       51648            4          50.916       413184      3305472
       51648            8         111.721       826368      6610944
       51648           16         170.327      1652736     13221888
       51648           32         334.828      3305472     26443776
       51648           64         674.078      6610944     52887552
       51648          128        1334.578     13221888    105775104
       51648          256        2671.124     26443776    211550208
       51648          512        5332.871     52887552    423100416
       51648         1024       10666.844    105775104    846200832
       51648         2048       21319.072    211550208   1692401664
       51648         4096       42646.373    423100416   3384803328
       51648         8192       85277.151    846200832   6769606656
       51648        16384      171542.177   1692401664  13539213312
       56640            1          15.827       113280       906240
       56640            2          27.121       226560      1812480
       56640            4          52.137       453120      3624960
       56640            8         101.705       906240      7249920
       56640           16         184.894      1812480     14499840
       56640           32         366.005      3624960     28999680
       56640           64         742.013      7249920     57999360
       56640          128        1471.087     14499840    115998720
       56640          256        2925.189     28999680    231997440
       56640          512        5838.446     57999360    463994880
       56640         1024       11688.483    115998720    927989760
       56640         2048       23381.230    231997440   1855979520
       56640         4096       46761.993    463994880   3711959040
       56640         8192       93801.076    927989760   7423918080
       56640        16384      187016.163   1855979520  14847836160
       62208            1          16.489       124416       995328
       62208            2          31.495       248832      1990656
       62208            4          56.710       497664      3981312
       62208            8         126.866       995328      7962624
       62208           16         202.235      1990656     15925248
       62208           32         400.452      3981312     31850496
       62208           64         808.880      7962624     63700992
       62208          128        1608.659     15925248    127401984
       62208          256        3198.789     31850496    254803968
       62208          512        6404.732     63700992    509607936
       62208         1024       12802.896    127401984   1019215872
       62208         2048       25597.516    254803968   2038431744
       62208         4096       51162.899    509607936   4076863488
       62208         8192      103398.777   1019215872   8153726976
       62208        16384      204660.300   2038431744  16307453952
       68352            1          14.894       136704      1093632
       68352            2          33.577       273408      2187264
       68352            4          61.127       546816      4374528
       68352            8         119.733      1093632      8749056
       68352           16         237.735      2187264     17498112
       68352           32         439.487      4374528     34996224
       68352           64         885.965      8749056     69992448
       68352          128        1763.990     17498112    139984896
       68352          256        3512.444     34996224    279969792
       68352          512        7034.241     69992448    559939584
       68352         1024       14082.701    139984896   1119879168
       68352         2048       28144.288    279969792   2239758336
       68352         4096       57266.718    559939584   4479516672
       68352         8192      112424.433   1119879168   8959033344
       75072            1          19.096       150144      1201152
       75072            2          34.866       300288      2402304
       75072            4          67.759       600576      4804608
       75072            8         146.138      1201152      9609216
       75072           16         243.924      2402304     19218432
       75072           32         482.450      4804608     38436864
       75072           64         971.217      9609216     76873728
       75072          128        1940.624     19218432    153747456
       75072          256        3872.973     38436864    307494912
       75072          512        7745.015     76873728    614989824
       75072         1024       15474.140    153747456   1229979648
       75072         2048       30953.309    307494912   2459959296
       75072         4096       61901.960    614989824   4919918592
       75072         8192      124824.839   1229979648   9839837184
       82560            1          20.842       165120      1320960
       82560            2          40.875       330240      2641920
       82560            4          75.657       660480      5283840
       82560            8         141.186      1320960     10567680
       82560           16         284.153      2641920     21135360
       82560           32         529.625      5283840     42270720
       82560           64        1064.719     10567680     84541440
       82560          128        2136.185     21135360    169082880
       82560          256        4244.110     42270720    338165760
       82560          512        8490.445     84541440    676331520
       82560         1024       16975.817    169082880   1352663040
       82560         2048       33953.745    338165760   2705326080
       82560         4096       67911.618    676331520   5410652160
       82560         8192      135798.790   1352663040  10821304320
       90816            1          22.145       181632      1453056
       90816            2          42.480       363264      2906112
       90816            4          81.960       726528      5812224
       90816            8         151.775      1453056     11624448
       90816           16         309.769      2906112     23248896
       90816           32         582.860      5812224     46497792
       90816           64        1172.833     11624448     92995584
       90816          128        2349.714     23248896    185991168
       90816          256        4682.121     46497792    371982336
       90816          512        9366.546     92995584    743964672
       90816         1024       18743.514    185991168   1487929344
       90816         2048       38480.486    371982336   2975858688
       90816         4096       74860.985    743964672   5951717376
       90816         8192      149742.361   1487929344  11903434752
       99840            1          23.542       199680      1597440
       99840            2          46.587       399360      3194880
       99840            4          90.127       798720      6389760
       99840            8         167.836      1597440     12779520
       99840           16         338.475      3194880     25559040
       99840           32         640.224      6389760     51118080
       99840           64        1285.816     12779520    102236160
       99840          128        2573.277     25559040    204472320
       99840          256        5133.922     51118080    408944640
       99840          512       10269.454    102236160    817889280
       99840         1024       20538.192    204472320   1635778560
       99840         2048       41338.918    408944640   3271557120
       99840         4096       82108.169    817889280   6543114240
       99840         8192      164210.240   1635778560  13086228480
      109824            1          23.508       219648      1757184
      109824            2          49.438       439296      3514368
      109824            4          96.890       878592      7028736
      109824            8         180.764      1757184     14057472
      109824           16         367.369      3514368     28114944
      109824           32         704.299      7028736     56229888
      109824           64        1421.689     14057472    112459776
      109824          128        2818.385     28114944    224919552
      109824          256        5640.824     56229888    449839104
      109824          512       11288.718    112459776    899678208
      109824         1024       22581.264    224919552   1799356416
      109824         2048       45150.668    449839104   3598712832
      109824         4096       90288.564    899678208   7197425664
      109824         8192      180619.020   1799356416  14394851328
      120768            1          25.359       241536      1932288
      120768            2          54.395       483072      3864576
      120768            4         106.822       966144      7729152
      120768            8         213.047      1932288     15458304
      120768           16         390.422      3864576     30916608
      120768           32         784.675      7729152     61833216
      120768           64        1552.433     15458304    123666432
      120768          128        3121.294     30916608    247332864
      120768          256        6220.987     61833216    494665728
      120768          512       12432.566    123666432    989331456
      120768         1024       24869.039    247332864   1978662912
      120768         2048       49739.419    494665728   3957325824
      120768         4096       99465.076    989331456   7914651648
      120768         8192      199383.777   1978662912  15829303296
      132672            1          30.616       265344      2122752
      132672            2          59.521       530688      4245504
      132672            4         115.007      1061376      8491008
      132672            8         216.629      2122752     16982016
      132672           16         441.311      4245504     33964032
      132672           32         861.253      8491008     67928064
      132672           64        1703.606     16982016    135856128
      132672          128        3422.512     33964032    271712256
      132672          256        6841.752     67928064    543424512
      132672          512       13652.084    135856128   1086849024
      132672         1024       27326.006    271712256   2173698048
      132672         2048       54634.913    543424512   4347396096
      132672         4096      109287.825   1086849024   8694792192
      145920            1          32.463       291840      2334720
      145920            2          64.366       583680      4669440
      145920            4         125.955      1167360      9338880
      145920            8         240.620      2334720     18677760
      145920           16         479.813      4669440     37355520
      145920           32         943.167      9338880     74711040
      145920           64        1871.138     18677760    149422080
      145920          128        3765.878     37355520    298844160
      145920          256        7514.061     74711040    597688320
      145920          512       15006.343    149422080   1195376640
      145920         1024       30007.713    298844160   2390753280
      145920         2048       60012.450    597688320   4781506560
      145920         4096      120035.742   1195376640   9563013120
      160512            1          35.189       321024      2568192
      160512            2          70.843       642048      5136384
      160512            4         136.836      1284096     10272768
      160512            8         259.856      2568192     20545536
      160512           16         532.523      5136384     41091072
      160512           32        1036.702     10272768     82182144
      160512           64        2065.195     20545536    164364288
      160512          128        4127.677     41091072    328728576
      160512          256        8250.372     82182144    657457152
      160512          512       16504.218    164364288   1314914304
      160512         1024       33001.332    328728576   2629828608
      160512         2048       65999.791    657457152   5259657216
      160512         4096      132904.942   1314914304  10519314432
      176448            1          36.647       352896      2823168
      176448            2          76.321       705792      5646336
      176448            4         151.191      1411584     11292672
      176448            8         301.857      2823168     22585344
      176448           16         566.910      5646336     45170688
      176448           32        1137.258     11292672     90341376
      176448           64        2281.905     22585344    180682752
      176448          128        4539.490     45170688    361365504
      176448          256        9082.293     90341376    722731008
      176448          512       18166.229    180682752   1445462016
      176448         1024       36339.479    361365504   2890924032
      176448         2048       72617.323    722731008   5781848064
      176448         4096      145231.787   1445462016  11563696128
      193920            1          42.137       387840      3102720
      193920            2          83.284       775680      6205440
      193920            4         165.466      1551360     12410880
      193920            8         312.651      3102720     24821760
      193920           16         636.770      6205440     49643520
      193920           32        1247.236     12410880     99287040
      193920           64        2502.215     24821760    198574080
      193920          128        4986.952     49643520    397148160
      193920          256        9990.292     99287040    794296320
      193920          512       19932.770    198574080   1588592640
      193920         1024       39871.709    397148160   3177185280
      193920         2048       79741.176    794296320   6354370560
      193920         4096      159488.480   1588592640  12708741120
      213312            1          45.504       426624      3412992
      213312            2          93.188       853248      6825984
      213312            4         180.692      1706496     13651968
      213312            8         360.457      3412992     27303936
      213312           16         684.314      6825984     54607872
      213312           32        1382.081     13651968    109215744
      213312           64        2749.779     27303936    218431488
      213312          128        5484.259     54607872    436862976
      213312          256       10990.866    109215744    873725952
      213312          512       21948.197    218431488   1747451904
      213312         1024       43896.663    436862976   3494903808
      213312         2048       87786.918    873725952   6989807616
      213312         4096      175549.250   1747451904  13979615232
      234624            1          51.416       469248      3753984
      234624            2         117.711       938496      7507968
      234624            4         194.418      1876992     15015936
      234624            8         377.423      3753984     30031872
      234624           16         759.694      7507968     60063744
      234624           32        1507.798     15015936    120127488
      234624           64        3017.082     30031872    240254976
      234624          128        6031.490     60063744    480509952
      234624          256       13804.108    120127488    961019904
      234624          512       26257.110    240254976   1922039808
      234624         1024       52169.847    480509952   3844079616
      234624         2048       99560.119    961019904   7688159232
      234624         4096      192971.456   1922039808  15376318464
      258048            1          53.218       516096      4128768
      258048            2         109.835      1032192      8257536
      258048            4         209.394      2064384     16515072
      258048            8         414.896      4128768     33030144
      258048           16         836.802      8257536     66060288
      258048           32        1665.335     16515072    132120576
      258048           64        3317.947     33030144    264241152
      258048          128        6636.685     66060288    528482304
      258048          256       13260.031    132120576   1056964608
      258048          512       26531.677    264241152   2113929216
      258048         1024       53041.604    528482304   4227858432
      258048         2048      106097.401   1056964608   8455716864
      258048         4096      212180.425   2113929216  16911433728
      283776            1          61.313       567552      4540416
      283776            2         136.175      1135104      9080832
      283776            4         230.374      2270208     18161664
      283776            8         456.287      4540416     36323328
      283776           16         915.080      9080832     72646656
      283776           32        1829.593     18161664    145293312
      283776           64        3654.097     36323328    290586624
      283776          128        7291.678     72646656    581173248
      283776          256       14590.701    145293312   1162346496
      283776          512       30184.536    290586624   2324692992
      283776         1024       58351.907    581173248   4649385984
      283776         2048      116673.940   1162346496   9298771968
      312000            1          66.463       624000      4992000
      312000            2         132.058      1248000      9984000
      312000            4         252.805      2496000     19968000
      312000            8         518.406      4992000     39936000
      312000           16        1006.421      9984000     79872000
      312000           32        2009.479     19968000    159744000
      312000           64        4015.242     39936000    319488000
      312000          128        8024.542     79872000    638976000
      312000          256       16051.581    159744000   1277952000
      312000          512       32097.873    319488000   2555904000
      312000         1024       64360.999    638976000   5111808000
      312000         2048      128385.530   1277952000  10223616000
      343104            1          72.222       686208      5489664
      343104            2         143.925      1372416     10979328
      343104            4         294.026      2744832     21958656
      343104            8         550.055      5489664     43917312
      343104           16        1105.850     10979328     87834624
      343104           32        3245.414     21958656    175669248
      343104           64        4409.197     43917312    351338496
      343104          128        8825.005     87834624    702676992
      343104          256       17644.192    175669248   1405353984
      343104          512       35295.359    351338496   2810707968
      343104         1024       70567.256    702676992   5621415936
      343104         2048      141188.803   1405353984  11242831872
      377280            1          79.035       754560      6036480
      377280            2         158.136      1509120     12072960
      377280            4         304.656      3018240     24145920
      377280            8         617.502      6036480     48291840
      377280           16        1215.067     12072960     96583680
      377280           32        2434.495     24145920    193167360
      377280           64        4845.830     48291840    386334720
      377280          128        9709.027     96583680    772669440
      377280          256       19409.034    193167360   1545338880
      377280          512       38792.801    386334720   3090677760
      377280         1024       78738.930    772669440   6181355520
      377280         2048      156117.390   1545338880  12362711040
      414912            1         101.743       829824      6638592
      414912            2         172.483      1659648     13277184
      414912            4         334.441      3319296     26554368
      414912            8         677.303      6638592     53108736
      414912           16        1334.984     13277184    106217472
      414912           32        2672.670     26554368    212434944
      414912           64        5333.665     53108736    424869888
      414912          128       10670.270    106217472    849739776
      414912          256       21330.509    212434944   1699479552
      414912          512       42673.848    424869888   3398959104
      414912         1024       85338.237    849739776   6797918208
      414912         2048      170957.698   1699479552  13595836416
      456384            1         111.783       912768      7302144
      456384            2         189.692      1825536     14604288
      456384            4         367.321      3651072     29208576
      456384            8         742.443      7302144     58417152
      456384           16        1466.558     14604288    116834304
      456384           32        2939.386     29208576    233668608
      456384           64        5871.528     58417152    467337216
      456384          128       11737.963    116834304    934674432
      456384          256       23464.640    233668608   1869348864
      456384          512       46938.163    467337216   3738697728
      456384         1024       93873.921    934674432   7477395456
      456384         2048      187757.083   1869348864  14954790912
      501888            1         101.122      1003776      8030208
      501888            2         207.062      2007552     16060416
      501888            4         419.746      4015104     32120832
      501888            8         813.287      8030208     64241664
      501888           16        1611.004     16060416    128483328
      501888           32        3234.796     32120832    256966656
      501888           64        6446.204     64241664    513933312
      501888          128       12897.665    128483328   1027866624
      501888          256       25795.509    256966656   2055733248
      501888          512       51567.566    513933312   4111466496
      501888         1024      104205.264   1027866624   8222932992
      501888         2048      206327.332   2055733248  16445865984
      552000            1         113.551      1104000      8832000
      552000            2         228.806      2208000     17664000
      552000            4         460.026      4416000     35328000
      552000            8         893.653      8832000     70656000
      552000           16        1780.055     17664000    141312000
      552000           32        3544.526     35328000    282624000
      552000           64        7097.373     70656000    565248000
      552000          128       14187.792    141312000   1130496000
      552000          256       28383.854    282624000   2260992000
      552000          512       56783.703    565248000   4521984000
      552000         1024      113481.858   1130496000   9043968000
      607104            1         123.281      1214208      9713664
      607104            2         265.096      2428416     19427328
      607104            4         487.148      4856832     38854656
      607104            8         980.331      9713664     77709312
      607104           16        1955.977     19427328    155418624
      607104           32        3904.762     38854656    310837248
      607104           64        7808.834     77709312    621674496
      607104          128       15601.224    155418624   1243348992
      607104          256       31224.439    310837248   2486697984
      607104          512       62424.445    621674496   4973395968
      607104         1024      125774.273   1243348992   9946791936
      667776            1         134.367      1335552     10684416
      667776            2         273.080      2671104     21368832
      667776            4         550.525      5342208     42737664
      667776            8        1076.812     10684416     85475328
      667776           16        2146.089     21368832    170950656
      667776           32        4290.985     42737664    341901312
      667776           64        8588.207     85475328    683802624
      667776          128       17181.115    170950656   1367605248
      667776          256       34336.665    341901312   2735210496
      667776          512       68654.499    683802624   5470420992
      667776         1024      137295.053   1367605248  10940841984
      734400            1         147.615      1468800     11750400
      734400            2         299.798      2937600     23500800
      734400            4         601.010      5875200     47001600
      734400            8        1183.848     11750400     94003200
      734400           16        2359.217     23500800    188006400
      734400           32        4729.333     47001600    376012800
      734400           64        9440.436     94003200    752025600
      734400          128       18897.910    188006400   1504051200
      734400          256       37765.599    376012800   3008102400
      734400          512       75548.458    752025600   6016204800
      734400         1024      151975.208   1504051200  12032409600
      807744            1         163.026      1615488     12923904
      807744            2         328.765      3230976     25847808
      807744            4         660.706      6461952     51695616
      807744            8        1299.550     12923904    103391232
      807744           16        2603.318     25847808    206782464
      807744           32        5202.446     51695616    413564928
      807744           64       10390.539    103391232    827129856
      807744          128       20764.466    206782464   1654259712
      807744          256       41543.254    413564928   3308519424
      807744          512       86301.537    827129856   6617038848
      807744         1024      166152.213   1654259712  13234077696
      888384            1         195.187      1776768     14214144
      888384            2         360.498      3553536     28428288
      888384            4         722.666      7107072     56856576
      888384            8        1426.906     14214144    113713152
      888384           16        2859.917     28428288    227426304
      888384           32        5715.706     56856576    454852608
      888384           64       11412.478    113713152    909705216
      888384          128       22835.000    227426304   1819410432
      888384          256       45669.396    454852608   3638820864
      888384          512       92292.091    909705216   7277641728
      888384         1024      182669.649   1819410432  14555283456
      977088            1         198.665      1954176     15633408
      977088            2         396.325      3908352     31266816
      977088            4         795.263      7816704     62533632
      977088            8        1578.098     15633408    125067264
      977088           16        3143.304     31266816    250134528
      977088           32        6299.728     62533632    500269056
      977088           64       12573.478    125067264   1000538112
      977088          128       25116.739    250134528   2001076224
      977088          256       50249.119    500269056   4002152448
      977088          512      100460.223   1000538112   8004304896
      977088         1024      200910.313   2001076224  16008609792
     1074624            1         217.809      2149248     17193984
     1074624            2         435.532      4298496     34387968
     1074624            4         874.145      8596992     68775936
     1074624            8        1733.643     17193984    137551872
     1074624           16        3461.993     34387968    275103744
     1074624           32        6900.974     68775936    550207488
     1074624           64       13814.662    137551872   1100414976
     1074624          128       27628.835    275103744   2200829952
     1074624          256       55250.975    550207488   4401659904
     1074624          512      110498.526   1100414976   8803319808
     1181952            1         235.941      2363904     18911232
     1181952            2         494.094      4727808     37822464
     1181952            4         944.139      9455616     75644928
     1181952            8        1921.051     18911232    151289856
     1181952           16        3803.316     37822464    302579712
     1181952           32        7600.910     75644928    605159424
     1181952           64       15189.103    151289856   1210318848
     1181952          128       30366.904    302579712   2420637696
     1181952          256       60744.716    605159424   4841275392
     1181952          512      121496.118   1210318848   9682550784
     1300032            1         260.299      2600064     20800512
     1300032            2         541.265      5200128     41601024
     1300032            4        1047.552     10400256     83202048
     1300032            8        2090.695     20800512    166404096
     1300032           16        4176.655     41601024    332808192
     1300032           32        8351.988     83202048    665616384
     1300032           64       16708.651    166404096   1331232768
     1300032          128       33405.044    332808192   2662465536
     1300032          256       66811.362    665616384   5324931072
     1300032          512      133647.530   1331232768  10649862144
     1430016            1         287.716      2860032     22880256
     1430016            2         594.725      5720064     45760512
     1430016            4        1150.774     11440128     91521024
     1430016            8        2297.394     22880256    183042048
     1430016           16        4598.953     45760512    366084096
     1430016           32        9186.398     91521024    732168192
     1430016           64       18385.603    183042048   1464336384
     1430016          128       36740.951    366084096   2928672768
     1430016          256       73503.351    732168192   5857345536
     1430016          512      146993.914   1464336384  11714691072
     1572864            1         314.482      3145728     25165824
     1572864            2         647.221      6291456     50331648
     1572864            4        1267.138     12582912    100663296
     1572864            8        2533.584     25165824    201326592
     1572864           16        5056.102     50331648    402653184
     1572864           32       10105.700    100663296    805306368
     1572864           64       20211.669    201326592   1610612736
     1572864          128       40431.686    402653184   3221225472
     1572864          256       80846.724    805306368   6442450944
     1572864          512      161700.420   1610612736  12884901888
     1730112            1         544.720      3460224     27681792
     1730112            2         951.396      6920448     55363584
     1730112            4        1687.191     13840896    110727168
     1730112            8        3384.534     27681792    221454336
     1730112           16        6245.182     55363584    442908672
     1730112           32       12744.709    110727168    885817344
     1730112           64       23903.002    221454336   1771634688
     1730112          128       52317.693    442908672   3543269376
     1730112          256      131477.559    885817344   7086538752
     1730112          512      223452.319   1771634688  14173077504
     1903104            1         591.010      3806208     30449664
     1903104            2        1134.379      7612416     60899328
     1903104            4        2235.509     15224832    121798656
     1903104            8        4477.395     30449664    243597312
     1903104           16        9069.999     60899328    487194624
     1903104           32       18027.471    121798656    974389248
     1903104           64       35955.867    243597312   1948778496
     1903104          128       68221.528    487194624   3897556992
     1903104          256      104727.885    974389248   7795113984
     1903104          512      200943.409   1948778496  15590227968
     2093376            1         481.522      4186752     33494016
     2093376            2         927.161      8373504     66988032
     2093376            4        1870.424     16747008    133976064
     2093376            8        3739.405     33494016    267952128
     2093376           16        7449.197     66988032    535904256
     2093376           32       14604.952    133976064   1071808512
     2093376           64       28116.633    267952128   2143617024
     2093376          128       55507.458    535904256   4287234048
     2093376          256      110731.020   1071808512   8574468096
     2093376          512      219633.142   2143617024  17148936192
     2302656            1         597.895      4605312     36842496
     2302656            2        1069.988      9210624     73684992
     2302656            4        2119.079     18421248    147369984
     2302656            8        3954.570     36842496    294739968
     2302656           16        8791.980     73684992    589479936
     2302656           32       15702.053    147369984   1178959872
     2302656           64       31257.758    294739968   2357919744
     2302656          128       61378.819    589479936   4715839488
     2302656          256      121309.953   1178959872   9431678976
     2532864            1         642.587      5065728     40525824
     2532864            2        1259.848     10131456     81051648
     2532864            4        2531.255     20262912    162103296
     2532864            8        4476.116     40525824    324206592
     2532864           16        8136.604     81051648    648413184
     2532864           32       17549.337    162103296   1296826368
     2532864           64       34558.979    324206592   2593652736
     2532864          128       67157.092    648413184   5187305472
     2532864          256      132978.395   1296826368  10374610944
     2786112            1         659.023      5572224     44577792
     2786112            2        1265.949     11144448     89155584
     2786112            4        2533.744     22288896    178311168
     2786112            8        5032.675     44577792    356622336
     2786112           16       10679.768     89155584    713244672
     2786112           32       19626.530    178311168   1426489344
     2786112           64       37500.023    356622336   2852978688
     2786112          128       73696.831    713244672   5705957376
     2786112          256      143764.014   1426489344  11411914752
     3064704            1         718.174      6129408     49035264
     3064704            2        1402.377     12258816     98070528
     3064704            4        2821.024     24517632    196141056
     3064704            8        5338.947     49035264    392282112
     3064704           16       10596.064     98070528    784564224
     3064704           32       20846.182    196141056   1569128448
     3064704           64       41702.763    392282112   3138256896
     3064704          128       82365.740    784564224   6276513792
     3064704          256      167597.141   1569128448  12553027584
     3371136            1         780.814      6742272     53938176
     3371136            2        1514.693     13484544    107876352
     3371136            4        2909.880     26969088    215752704
     3371136            8        6301.773     53938176    431505408
     3371136           16       11517.953    107876352    863010816
     3371136           32       25130.856    215752704   1726021632
     3371136           64       49756.846    431505408   3452043264
     3371136          128      100094.323    863010816   6904086528
     3371136          256      204042.857   1726021632  13808173056
     3708096            1         992.488      7416192     59329536
     3708096            2        1907.980     14832384    118659072
     3708096            4        3242.907     29664768    237318144
     3708096            8        6008.054     59329536    474636288
     3708096           16       11964.231    118659072    949272576
     3708096           32       23829.672    237318144   1898545152
     3708096           64       47637.485    474636288   3797090304
     3708096          128       95427.260    949272576   7594180608
     3708096          256      191536.876   1898545152  15188361216
     4078848            1         829.437      8157696     65261568
     4078848            2        1650.748     16315392    130523136
     4078848            4        3278.831     32630784    261046272
     4078848            8        6553.221     65261568    522092544
     4078848           16       13111.715    130523136   1044185088
     4078848           32       26196.940    261046272   2088370176
     4078848           64       52391.523    522092544   4176740352
     4078848          128      104784.810   1044185088   8353480704
     4078848          256      209568.382   2088370176  16706961408
     4486656            1         907.444      8973312     71786496
     4486656            2        1815.881     17946624    143572992
     4486656            4        3601.605     35893248    287145984
     4486656            8        7205.709     71786496    574291968
     4486656           16       14417.843    143572992   1148583936
     4486656           32       28815.851    287145984   2297167872
     4486656           64       57623.285    574291968   4594335744
     4486656          128      115258.266   1148583936   9188671488
     4935168            1         997.027      9870336     78962688
     4935168            2        1991.385     19740672    157925376
     4935168            4        3968.945     39481344    315850752
     4935168            8        7927.953     78962688    631701504
     4935168           16       15842.633    157925376   1263403008
     4935168           32       31705.190    315850752   2526806016
     4935168           64       64406.571    631701504   5053612032
     4935168          128      126797.747   1263403008  10107224064
     5428608            1        1093.068     10857216     86857728
     5428608            2        2188.714     21714432    173715456
     5428608            4        4360.402     43428864    347430912
     5428608            8        8723.891     86857728    694861824
     5428608           16       17437.079    173715456   1389723648
     5428608           32       34866.862    347430912   2779447296
     5428608           64       69753.561    694861824   5558894592
     5428608          128      139462.961   1389723648  11117789184
     5971392            1        1201.852     11942784     95542272
     5971392            2        2405.803     23885568    191084544
     5971392            4        4803.054     47771136    382169088
     5971392            8        9594.546     95542272    764338176
     5971392           16       19173.085    191084544   1528676352
     5971392           32       38349.595    382169088   3057352704
     5971392           64       76717.809    764338176   6114705408
     5971392          128      153398.078   1528676352  12229410816
     6568512            1        1338.663     13137024    105096192
     6568512            2        2643.197     26274048    210192384
     6568512            4        5286.567     52548096    420384768
     6568512            8       11592.349    105096192    840769536
     6568512           16       21101.375    210192384   1681539072
     6568512           32       42213.840    420384768   3363078144
     6568512           64       84402.025    840769536   6726156288
     6568512          128      168890.214   1681539072  13452312576
     7225344            1        1465.972     14450688    115605504
     7225344            2        2904.564     28901376    231211008
     7225344            4        5808.267     57802752    462422016
     7225344            8       11652.869    115605504    924844032
     7225344           16       23246.144    231211008   1849688064
     7225344           32       46432.548    462422016   3699376128
     7225344           64       92831.566    924844032   7398752256
     7225344          128      186071.593   1849688064  14797504512
     7947840            1        1595.141     15895680    127165440
     7947840            2        3200.819     31791360    254330880
     7947840            4        6382.611     63582720    508661760
     7947840            8       12768.567    127165440   1017323520
     7947840           16       25543.999    254330880   2034647040
     7947840           32       51968.148    508661760   4069294080
     7947840           64      106549.025   1017323520   8138588160
     7947840          128      204214.846   2034647040  16277176320
     8742528            1        1767.046     17485056    139880448
     8742528            2        3513.807     34970112    279760896
     8742528            4        7024.595     69940224    559521792
     8742528            8       14047.060    139880448   1119043584
     8742528           16       28078.600    279760896   2238087168
     8742528           32       56166.459    559521792   4476174336
     8742528           64      112373.078   1119043584   8952348672
     9616704            1        1940.724     19233408    153867264
     9616704            2        3875.522     38466816    307734528
     9616704            4        7731.226     76933632    615469056
     9616704            8       15446.629    153867264   1230938112
     9616704           16       30892.482    307734528   2461876224
     9616704           32       61971.792    615469056   4923752448
     9616704           64      123549.706   1230938112   9847504896
    10578240            1        2125.976     21156480    169251840
    10578240            2        4253.055     42312960    338503680
    10578240            4        8515.460     84625920    677007360
    10578240            8       16992.977    169251840   1354014720
    10578240           16       33979.400    338503680   2708029440
    10578240           32       67942.627    677007360   5416058880
    10578240           64      135887.106   1354014720  10832117760
    11635968            1        2352.066     23271936    186175488
    11635968            2        4685.251     46543872    372350976
    11635968            4        9341.048     93087744    744701952
    11635968            8       18691.113    186175488   1489403904
    11635968           16       37362.055    372350976   2978807808
    11635968           32       74747.731    744701952   5957615616
    11635968           64      149470.532   1489403904  11915231232
    12799488            1        2584.657     25598976    204791808
    12799488            2        5148.967     51197952    409583616
    12799488            4       10280.567    102395904    819167232
    12799488            8       20561.827    204791808   1638334464
    12799488           16       41106.178    409583616   3276668928
    12799488           32       82243.445    819167232   6553337856
    12799488           64      164449.310   1638334464  13106675712
    14079360            1        2822.731     28158720    225269760
    14079360            2        5655.076     56317440    450539520
    14079360            4       11304.415    112634880    901079040
    14079360            8       22616.076    225269760   1802158080
    14079360           16       45219.200    450539520   3604316160
    14079360           32       90413.098    901079040   7208632320
    14079360           64      180854.944   1802158080  14417264640
    15487296            1        3112.089     30974592    247796736
    15487296            2        6222.178     61949184    495593472
    15487296            4       12433.286    123898368    991186944
    15487296            8       24871.301    247796736   1982373888
    15487296           16       49741.972    495593472   3964747776
    15487296           32       99472.922    991186944   7929495552
    15487296           64      198920.426   1982373888  15858991104
    17035968            1        3433.471     34071936    272575488
    17035968            2        6849.320     68143872    545150976
    17035968            4       13733.315    136287744   1090301952
    17035968            8       27344.239    272575488   2180603904
    17035968           16       54689.783    545150976   4361207808
    17035968           32      109386.363   1090301952   8722415616
    18739392            1        3807.048     37478784    299830272
    18739392            2        7523.078     74957568    599660544
    18739392            4       15042.110    149915136   1199321088
    18739392            8       30072.465    299830272   2398642176
    18739392           16       60152.066    599660544   4797284352
    18739392           32      120275.641   1199321088   9594568704
    20613312            1        4143.050     41226624    329812992
    20613312            2        8276.263     82453248    659625984
    20613312            4       16547.768    164906496   1319251968
    20613312            8       33084.069    329812992   2638503936
    20613312           16       66158.806    659625984   5277007872
    20613312           32      132327.577   1319251968  10554015744
    22674624            1        4549.168     45349248    362793984
    22674624            2        9105.126     90698496    725587968
    22674624            4       18200.878    181396992   1451175936
    22674624            8       36409.982    362793984   2902351872
    22674624           16       72778.816    725587968   5804703744
    22674624           32      145715.986   1451175936  11609407488
    24941952            1        5009.496     49883904    399071232
    24941952            2       10016.449     99767808    798142464
    24941952            4       20020.624    199535616   1596284928
    24941952            8       40032.582    399071232   3192569856
    24941952           16       80062.107    798142464   6385139712
    24941952           32      160104.635   1596284928  12770279424
    27436032            1        5506.401     54872064    438976512
    27436032            2       11021.804    109744128    877953024
    27436032            4       22017.758    219488256   1755906048
    27436032            8       44025.685    438976512   3511812096
    27436032           16       88071.956    877953024   7023624192
    27436032           32      176110.658   1755906048  14047248384
    30179520            1        6062.293     60359040    482872320
    30179520            2       12115.956    120718080    965744640
    30179520            4       24219.725    241436160   1931489280
    30179520            8       48443.688    482872320   3862978560
    30179520           16       96850.362    965744640   7725957120
    30179520           32      193716.385   1931489280  15451914240
    33197376            1        6677.227     66394752    531158016
    33197376            2       13328.127    132789504   1062316032
    33197376            4       26643.842    265579008   2124632064
    33197376            8       53270.227    531158016   4249264128
    33197376           16      106580.150   1062316032   8498528256
    33197376           32      213089.043   2124632064  16997056512
    36517056            1        7333.293     73034112    584272896
    36517056            2       14665.919    146068224   1168545792
    36517056            4       29313.864    292136448   2337091584
    36517056            8       58609.868    584272896   4674183168
    36517056           16      117199.230   1168545792   9348366336
    40168704            1        8080.882     80337408    642699264
    40168704            2       16127.868    160674816   1285398528
    40168704            4       32261.770    321349632   2570797056
    40168704            8       64502.319    642699264   5141594112
    40168704           16      129002.613   1285398528  10283188224
    44185536            1        8877.023     88371072    706968576
    44185536            2       17757.502    176742144   1413937152
    44185536            4       35488.511    353484288   2827874304
    44185536            8       71458.872    706968576   5655748608
    44185536           16      141953.643   1413937152  11311497216
    48604032            1       10168.649     97208064    777664512
    48604032            2       19522.575    194416128   1555329024
    48604032            4       39060.511    388832256   3110658048
    48604032            8       78097.129    777664512   6221316096
    48604032           16      156252.430   1555329024  12442632192
    53464320            1       10737.414    106928640    855429120
    53464320            2       21485.451    213857280   1710858240
    53464320            4       42963.709    427714560   3421716480
    53464320            8       85909.860    855429120   6843432960
    53464320           16      171828.610   1710858240  13686865920
    58810752            1       11829.349    117621504    940972032
    58810752            2       23654.312    235243008   1881944064
    58810752            4       47267.809    470486016   3763888128
    58810752            8       94709.269    940972032   7527776256
    58810752           16      189034.216   1881944064  15055552512
    64691712            1       13061.203    129383424   1035067392
    64691712            2       25996.147    258766848   2070134784
    64691712            4       51997.910    517533696   4140269568
    64691712            8      103965.717   1035067392   8280539136
    64691712           16      207951.517   2070134784  16561078272
    71160768            1       14282.749    142321536   1138572288
    71160768            2       28610.847    284643072   2277144576
    71160768            4       57195.667    569286144   4554289152
    71160768            8      114388.985   1138572288   9108578304
    78276672            1       15757.198    156553344   1252426752
    78276672            2       31467.657    313106688   2504853504
    78276672            4       62898.659    626213376   5009707008
    78276672            8      125853.727   1252426752  10019414016
    86104320            1       17298.251    172208640   1377669120
    86104320            2       34590.162    344417280   2755338240
    86104320            4       69192.683    688834560   5510676480
    86104320            8      138373.468   1377669120  11021352960
    94714752            1       19013.997    189429504   1515436032
    94714752            2       38043.148    378859008   3030872064
    94714752            4       76094.494    757718016   6061744128
    94714752            8      152208.477   1515436032  12123488256
   104186112            1       20918.612    208372224   1666977792
   104186112            2       41848.328    416744448   3333955584
   104186112            4       83708.621    833488896   6667911168
   104186112            8      167384.334   1666977792  13335822336
   114604608            1       23012.270    229209216   1833673728
   114604608            2       46076.469    458418432   3667347456
   114604608            4       92049.839    916836864   7334694912
   114604608            8      184109.382   1833673728  14669389824
   126064896            1       25299.588    252129792   2017038336
   126064896            2       50633.782    504259584   4034076672
   126064896            4      101248.446   1008519168   8068153344
   126064896            8      202483.705   2017038336  16136306688
   138671232            1       27820.604    277342464   2218739712
   138671232            2       55717.880    554684928   4437479424
   138671232            4      111362.621   1109369856   8874958848
   152538240            1       30613.635    305076480   2440611840
   152538240            2       61236.491    610152960   4881223680
   152538240            4      123499.412   1220305920   9762447360
   167792064            1       33690.572    335584128   2684673024
   167792064            2       67365.013    671168256   5369346048
   167792064            4      134717.910   1342336512  10738692096
   184571136            1       37046.988    369142272   2953138176
   184571136            2       74097.676    738284544   5906276352
   184571136            4      148206.539   1476569088  11812552704
   203028096            1       40751.125    406056192   3248449536
   203028096            2       81514.455    812112384   6496899072
   203028096            4      163032.778   1624224768  12993798144
   223330752            1       45845.794    446661504   3573292032
   223330752            2       89764.468    893323008   7146584064
   223330752            4      179313.986   1786646016  14293168128
   245663808            1       49301.143    491327616   3930620928
   245663808            2       98606.622    982655232   7861241856
   245663808            4      197220.252   1965310464  15722483712
   270230016            1       54227.762    540460032   4323680256
   270230016            2      108461.314   1080920064   8647360512
   297252864            1       59700.941    594505728   4756045824
   297252864            2      119302.442   1189011456   9512091648
   326978112            1       65643.505    653956224   5231649792
   326978112            2      131231.756   1307912448  10463299584
   359675904            1       72186.491    719351808   5754814464
   359675904            2      144352.112   1438703616  11509628928
   395643456            1       79406.928    791286912   6330295296
   395643456            2      158792.593   1582573824  12660590592
   435207744            1       87339.392    870415488   6963323904
   435207744            2      174767.210   1740830976  13926647808
   478728384            1       96140.977    957456768   7659654144
   478728384            2      192129.464   1914913536  15319308288
   526601088            1      105706.842   1053202176   8425617408
   526601088            2      211324.801   2106404352  16851234816
   579261120            1      116228.149   1158522240   9268177920
   637187136            1      127870.538   1274374272  10194994176
   700905792            1      140660.791   1401811584  11214492672
   770996352            1      154717.240   1541992704  12335941632
   848095872            1      170191.041   1696191744  13569533952
   932905344            1      187175.750   1865810688  14926485504
  1026195840            1      205913.995   2052391680  16419133440

META_DATA
FLOPS          128
MPI_PROCS      1
OPENMP_THREADS 24
ERT_VERSION  1.1.0
HOSTNAME  ('dp-cn26.deep', [], ['10.2.9.126'])
UNAME  uname_result(system='Linux', node='dp-cn26', release='4.18.0-513.24.1.el8_9.x86_64', version='#1 SMP Thu Apr 4 18:13:02 UTC 2024', machine='x86_64')
TIMESTAMP_DATA  1713441743.504399
CONFIG  {'ERT_RESULTS': ['Results.cn.deep.fz-juelich.de.01.gcc2023-O3-only'], 'ERT_DRIVER': ['driver1'], 'ERT_KERNEL': ['kernel1'], 'ERT_MPI': ['True'], 'ERT_MPI_CFLAGS': ['-I', '/p/software/deep/stages/2023/software/psmpi/5.9.2-1-GCC-11.3.0/include'], 'ERT_MPI_LDFLAGS': ['-L', '/p/software/deep/stages/2023/software/psmpi/5.9.2-1-GCC-11.3.0/lib', '-lmpi'], 'ERT_OPENMP': ['True'], 'ERT_OPENMP_CFLAGS': ['-fopenmp'], 'ERT_OPENMP_LDFLAGS': ['-fopenmp'], 'ERT_FLOPS': ['1,2,4,8,16,64,128'], 'ERT_ALIGN': ['64'], 'ERT_CC': ['mpicxx'], 'ERT_CFLAGS': ['-g', '-O3'], 'ERT_LD': ['mpicxx'], 'ERT_LDFLAGS': [], 'ERT_LDLIBS': [], 'ERT_PRECISION': ['FP64'], 'ERT_RUN': ['export', 'OMP_NUM_THREADS=ERT_OPENMP_THREADS;', 'export', 'OMP_PLACES="cores(ERT_OPENMP_THREADS)";', 'srun', '-p', 'dp-cn', '-n', 'ERT_MPI_PROCS', '-c', '48', '--ntasks-per-node', '1', 'ERT_CODE'], 'ERT_PROCS_THREADS': ['24'], 'ERT_MPI_PROCS': ['1'], 'ERT_OPENMP_THREADS': ['24'], 'ERT_NUM_EXPERIMENTS': ['5'], 'ERT_MEMORY_MAX': ['1073741824'], 'ERT_WORKING_SET_MIN': ['128'], 'ERT_TRIALS_MIN': ['1'], 'ERT_GNUPLOT': ['gnuplot'], 'ERT_GPU': [False], 'ERT_HIP': [False], 'ERT_OCL': [False], 'ERT_SYCL': [False], 'ERT_WSS_MULT': [1.1]}
