fp64
       24576            1           3.856        49152         6144
       24576            2           4.433        98304        12288
       24576            4           4.540       196608        24576
       24576            8           3.276       393216        49152
       24576           16           4.517       786432        98304
       24576           32           4.286      1572864       196608
       24576           64           3.257      3145728       393216
       24576          128           7.867      6291456       786432
       24576          256          10.625     12582912      1572864
       24576          512          16.382     25165824      3145728
       24576         1024          36.179     50331648      6291456
       24576         2048          74.054    100663296     12582912
       24576         4096         101.832    201326592     25165824
       24576         8192         174.661    402653184     50331648
       24576        16384         347.806    805306368    100663296
       24576        32768         576.514   1610612736    201326592
       26880            1           3.872        53760         6720
       26880            2          20.958       107520        13440
       26880            4           2.506       215040        26880
       26880            8           4.205       430080        53760
       26880           16           4.926       860160       107520
       26880           32           4.016      1720320       215040
       26880           64           4.748      3440640       430080
       26880          128           9.792      6881280       860160
       26880          256          10.256     13762560      1720320
       26880          512          21.625     27525120      3440640
       26880         1024          29.377     55050240      6881280
       26880         2048          89.249    110100480     13762560
       26880         4096          98.733    220200960     27525120
       26880         8192         194.076    440401920     55050240
       26880        16384         362.724    880803840    110100480
       26880        32768         643.695   1761607680    220200960
       29568            1           2.773        59136         7392
       29568            2           3.067       118272        14784
       29568            4           4.150       236544        29568
       29568            8           3.715       473088        59136
       29568           16           5.776       946176       118272
       29568           32           5.101      1892352       236544
       29568           64           4.396      3784704       473088
       29568          128           6.941      7569408       946176
       29568          256          14.225     15138816      1892352
       29568          512          25.667     30277632      3784704
       29568         1024          43.761     60555264      7569408
       29568         2048         104.238    121110528     15138816
       29568         4096         120.796    242221056     30277632
       29568         8192         237.882    484442112     60555264
       29568        16384         452.734    968884224    121110528
       29568        32768         783.609   1937768448    242221056
       32448            1           4.001        64896         8112
       32448            2           3.532       129792        16224
       32448            4           3.446       259584        32448
       32448            8           3.452       519168        64896
       32448           16           4.756      1038336       129792
       32448           32           4.959      2076672       259584
       32448           64           4.125      4153344       519168
       32448          128           7.902      8306688      1038336
       32448          256          12.025     16613376      2076672
       32448          512          26.343     33226752      4153344
       32448         1024          51.005     66453504      8306688
       32448         2048          85.272    132907008     16613376
       32448         4096         132.930    265814016     33226752
       32448         8192         271.075    531628032     66453504
       32448        16384         488.418   1063256064    132907008
       32448        32768         860.044   2126512128    265814016
       35520            1           3.252        71040         8880
       35520            2           5.936       142080        17760
       35520            4           4.072       284160        35520
       35520            8           4.923       568320        71040
       35520           16           5.206      1136640       142080
       35520           32           5.811      2273280       284160
       35520           64           5.869      4546560       568320
       35520          128           7.343      9093120      1136640
       35520          256          13.249     18186240      2273280
       35520          512          26.467     36372480      4546560
       35520         1024          75.996     72744960      9093120
       35520         2048          95.317    145489920     18186240
       35520         4096         130.677    290979840     36372480
       35520         8192         244.185    581959680     72744960
       35520        16384         450.403   1163919360    145489920
       38976            1           2.427        77952         9744
       38976            2           3.456       155904        19488
       38976            4           4.336       311808        38976
       38976            8           4.147       623616        77952
       38976           16           4.262      1247232       155904
       38976           32           5.488      2494464       311808
       38976           64           5.854      4988928       623616
       38976          128           8.575      9977856      1247232
       38976          256          15.591     19955712      2494464
       38976          512          27.410     39911424      4988928
       38976         1024          70.780     79822848      9977856
       38976         2048          82.689    159645696     19955712
       38976         4096         152.095    319291392     39911424
       38976         8192         313.494    638582784     79822848
       38976        16384         512.992   1277165568    159645696
       42816            1           4.290        85632        10704
       42816            2           3.942       171264        21408
       42816            4           6.240       342528        42816
       42816            8           4.569       685056        85632
       42816           16           5.410      1370112       171264
       42816           32           6.056      2740224       342528
       42816           64           5.041      5480448       685056
       42816          128           7.863     10960896      1370112
       42816          256          18.234     21921792      2740224
       42816          512          24.136     43843584      5480448
       42816         1024          58.158     87687168     10960896
       42816         2048          82.168    175374336     21921792
       42816         4096         140.077    350748672     43843584
       42816         8192         271.910    701497344     87687168
       42816        16384         647.328   1402994688    175374336
       47040            1           4.469        94080        11760
       47040            2           4.299       188160        23520
       47040            4           4.242       376320        47040
       47040            8           3.554       752640        94080
       47040           16           4.827      1505280       188160
       47040           32           4.428      3010560       376320
       47040           64           8.292      6021120       752640
       47040          128          11.378     12042240      1505280
       47040          256          18.154     24084480      3010560
       47040          512          28.564     48168960      6021120
       47040         1024          61.402     96337920     12042240
       47040         2048          90.547    192675840     24084480
       47040         4096         200.291    385351680     48168960
       47040         8192         348.934    770703360     96337920
       47040        16384         631.428   1541406720    192675840
       51648            1           3.319       103296        12912
       51648            2           3.515       206592        25824
       51648            4           4.762       413184        51648
       51648            8           2.992       826368       103296
       51648           16           4.022      1652736       206592
       51648           32           5.186      3305472       413184
       51648           64           6.500      6610944       826368
       51648          128          12.478     13221888      1652736
       51648          256          20.958     26443776      3305472
       51648          512          40.626     52887552      6610944
       51648         1024          75.904    105775104     13221888
       51648         2048         100.950    211550208     26443776
       51648         4096         211.447    423100416     52887552
       51648         8192         365.286    846200832    105775104
       51648        16384         656.848   1692401664    211550208
       56640            1           4.190       113280        14160
       56640            2           3.119       226560        28320
       56640            4           3.530       453120        56640
       56640            8           2.865       906240       113280
       56640           16           4.175      1812480       226560
       56640           32           4.766      3624960       453120
       56640           64           6.139      7249920       906240
       56640          128          10.806     14499840      1812480
       56640          256          20.249     28999680      3624960
       56640          512          31.769     57999360      7249920
       56640         1024          75.609    115998720     14499840
       56640         2048          94.051    231997440     28999680
       56640         4096         194.554    463994880     57999360
       56640         8192         349.321    927989760    115998720
       56640        16384         727.944   1855979520    231997440
       62208            1           2.531       124416        15552
       62208            2           5.186       248832        31104
       62208            4           3.645       497664        62208
       62208            8           4.918       995328       124416
       62208           16           3.187      1990656       248832
       62208           32           4.051      3981312       497664
       62208           64           9.857      7962624       995328
       62208          128          11.559     15925248      1990656
       62208          256          25.437     31850496      3981312
       62208          512          39.112     63700992      7962624
       62208         1024          76.012    127401984     15925248
       62208         2048         104.373    254803968     31850496
       62208         4096         215.685    509607936     63700992
       62208         8192         382.866   1019215872    127401984
       62208        16384         798.346   2038431744    254803968
       68352            1           4.062       136704        17088
       68352            2           4.047       273408        34176
       68352            4           4.800       546816        68352
       68352            8           3.667      1093632       136704
       68352           16           4.107      2187264       273408
       68352           32           4.749      4374528       546816
       68352           64           8.541      8749056      1093632
       68352          128          12.832     17498112      2187264
       68352          256          29.240     34996224      4374528
       68352          512          57.329     69992448      8749056
       68352         1024          76.282    139984896     17498112
       68352         2048         149.462    279969792     34996224
       68352         4096         252.079    559939584     69992448
       68352         8192         497.002   1119879168    139984896
       75072            1           4.919       150144        18768
       75072            2           3.323       300288        37536
       75072            4           1.287       600576        75072
       75072            8           4.169      1201152       150144
       75072           16           5.446      2402304       300288
       75072           32           5.388      4804608       600576
       75072           64           8.475      9609216      1201152
       75072          128          13.477     19218432      2402304
       75072          256          30.104     38436864      4804608
       75072          512          60.679     76873728      9609216
       75072         1024          85.286    153747456     19218432
       75072         2048         140.599    307494912     38436864
       75072         4096         273.554    614989824     76873728
       75072         8192         538.831   1229979648    153747456
       82560            1           4.395       165120        20640
       82560            2           3.381       330240        41280
       82560            4           2.081       660480        82560
       82560            8           3.424      1320960       165120
       82560           16           4.699      2641920       330240
       82560           32           7.471      5283840       660480
       82560           64          11.323     10567680      1320960
       82560          128          14.011     21135360      2641920
       82560          256          29.616     42270720      5283840
       82560          512          57.606     84541440     10567680
       82560         1024          84.130    169082880     21135360
       82560         2048         129.759    338165760     42270720
       82560         4096         250.997    676331520     84541440
       82560         8192         511.059   1352663040    169082880
       90816            1           2.807       181632        22704
       90816            2           3.677       363264        45408
       90816            4           2.674       726528        90816
       90816            8           4.408      1453056       181632
       90816           16           5.649      2906112       363264
       90816           32           6.767      5812224       726528
       90816           64          10.451     11624448      1453056
       90816          128          14.860     23248896      2906112
       90816          256          32.209     46497792      5812224
       90816          512          72.533     92995584     11624448
       90816         1024          86.429    185991168     23248896
       90816         2048         165.424    371982336     46497792
       90816         4096         338.837    743964672     92995584
       90816         8192         546.230   1487929344    185991168
       99840            1           3.699       199680        24960
       99840            2           5.076       399360        49920
       99840            4           4.859       798720        99840
       99840            8           3.113      1597440       199680
       99840           16           5.841      3194880       399360
       99840           32           7.404      6389760       798720
       99840           64           9.242     12779520      1597440
       99840          128          16.285     25559040      3194880
       99840          256          31.732     51118080      6389760
       99840          512          80.040    102236160     12779520
       99840         1024          94.934    204472320     25559040
       99840         2048         180.579    408944640     51118080
       99840         4096         361.395    817889280    102236160
       99840         8192         598.709   1635778560    204472320
      109824            1           5.102       219648        27456
      109824            2           4.004       439296        54912
      109824            4           8.700       878592       109824
      109824            8           4.750      1757184       219648
      109824           16           4.417      3514368       439296
      109824           32           6.413      7028736       878592
      109824           64          10.690     14057472      1757184
      109824          128          22.947     28114944      3514368
      109824          256          32.098     56229888      7028736
      109824          512          73.360    112459776     14057472
      109824         1024          87.982    224919552     28114944
      109824         2048         167.784    449839104     56229888
      109824         4096         325.479    899678208    112459776
      109824         8192         671.796   1799356416    224919552
      120768            1          21.425       241536        30192
      120768            2           2.429       483072        60384
      120768            4           4.089       966144       120768
      120768            8           5.825      1932288       241536
      120768           16           6.404      3864576       483072
      120768           32           6.535      7729152       966144
      120768           64          11.714     15458304      1932288
      120768          128          23.572     30916608      3864576
      120768          256          33.202     61833216      7729152
      120768          512          92.527    123666432     15458304
      120768         1024         112.701    247332864     30916608
      120768         2048         215.355    494665728     61833216
      120768         4096         417.029    989331456    123666432
      120768         8192         707.387   1978662912    247332864
      132672            1           3.762       265344        33168
      132672            2           4.415       530688        66336
      132672            4           4.746      1061376       132672
      132672            8           4.513      2122752       265344
      132672           16           4.145      4245504       530688
      132672           32           7.273      8491008      1061376
      132672           64          13.116     16982016      2122752
      132672          128          27.851     33964032      4245504
      132672          256          51.341     67928064      8491008
      132672          512          75.526    135856128     16982016
      132672         1024         122.161    271712256     33964032
      132672         2048         233.251    543424512     67928064
      132672         4096         439.060   1086849024    135856128
      145920            1           3.913       291840        36480
      145920            2           2.934       583680        72960
      145920            4           4.450      1167360       145920
      145920            8           4.615      2334720       291840
      145920           16           5.346      4669440       583680
      145920           32           7.737      9338880      1167360
      145920           64          11.631     18677760      2334720
      145920          128          27.059     37355520      4669440
      145920          256          42.102     74711040      9338880
      145920          512          82.762    149422080     18677760
      145920         1024         115.535    298844160     37355520
      145920         2048         235.458    597688320     74711040
      145920         4096         442.425   1195376640    149422080
      160512            1           4.118       321024        40128
      160512            2           4.911       642048        80256
      160512            4           5.681      1284096       160512
      160512            8           5.185      2568192       321024
      160512           16           5.424      5136384       642048
      160512           32          10.214     10272768      1284096
      160512           64          14.135     20545536      2568192
      160512          128          29.036     41091072      5136384
      160512          256          52.072     82182144     10272768
      160512          512         100.899    164364288     20545536
      160512         1024         145.751    328728576     41091072
      160512         2048         281.151    657457152     82182144
      160512         4096         516.821   1314914304    164364288
      176448            1           4.613       352896        44112
      176448            2           4.328       705792        88224
      176448            4           3.656      1411584       176448
      176448            8           4.316      2823168       352896
      176448           16           4.819      5646336       705792
      176448           32           8.482     11292672      1411584
      176448           64          15.763     22585344      2823168
      176448          128          32.712     45170688      5646336
      176448          256          53.605     90341376     11292672
      176448          512          83.563    180682752     22585344
      176448         1024         152.491    361365504     45170688
      176448         2048         260.119    722731008     90341376
      176448         4096         523.296   1445462016    180682752
      193920            1           5.493       387840        48480
      193920            2           4.059       775680        96960
      193920            4           3.521      1551360       193920
      193920            8           5.039      3102720       387840
      193920           16           5.073      6205440       775680
      193920           32           9.288     12410880      1551360
      193920           64          15.604     24821760      3102720
      193920          128          31.274     49643520      6205440
      193920          256          57.678     99287040     12410880
      193920          512          92.109    198574080     24821760
      193920         1024         146.025    397148160     49643520
      193920         2048         299.040    794296320     99287040
      193920         4096         566.058   1588592640    198574080
      213312            1           3.981       426624        53328
      213312            2           3.979       853248       106656
      213312            4           4.070      1706496       213312
      213312            8           4.028      3412992       426624
      213312           16           6.861      6825984       853248
      213312           32          10.726     13651968      1706496
      213312           64          21.194     27303936      3412992
      213312          128          30.984     54607872      6825984
      213312          256          69.732    109215744     13651968
      213312          512          84.591    218431488     27303936
      213312         1024         159.040    436862976     54607872
      213312         2048         308.859    873725952    109215744
      213312         4096         636.977   1747451904    218431488
      234624            1           5.966       469248        58656
      234624            2           3.944       938496       117312
      234624            4           5.536      1876992       234624
      234624            8           6.261      3753984       469248
      234624           16           7.394      7507968       938496
      234624           32          11.619     15015936      1876992
      234624           64          22.123     30031872      3753984
      234624          128          48.192     60063744      7507968
      234624          256          74.162    120127488     15015936
      234624          512          92.730    240254976     30031872
      234624         1024         174.037    480509952     60063744
      234624         2048         339.088    961019904    120127488
      234624         4096         712.966   1922039808    240254976
      258048            1           4.698       516096        64512
      258048            2           3.938      1032192       129024
      258048            4           5.809      2064384       258048
      258048            8           4.904      4128768       516096
      258048           16           8.179      8257536      1032192
      258048           32          13.094     16515072      2064384
      258048           64          25.390     33030144      4128768
      258048          128          49.045     66060288      8257536
      258048          256         112.975    132120576     16515072
      258048          512         120.829    264241152     33030144
      258048         1024         224.680    528482304     66060288
      258048         2048         421.356   1056964608    132120576
      258048         4096         753.583   2113929216    264241152
      283776            1           5.012       567552        70944
      283776            2          20.645      1135104       141888
      283776            4           4.117      2270208       283776
      283776            8           6.783      4540416       567552
      283776           16           8.469      9080832      1135104
      283776           32          13.093     18161664      2270208
      283776           64          27.991     36323328      4540416
      283776          128          39.851     72646656      9080832
      283776          256          79.121    145293312     18161664
      283776          512         111.854    290586624     36323328
      283776         1024         208.520    581173248     72646656
      283776         2048         422.606   1162346496    145293312
      312000            1           6.890       624000        78000
      312000            2           4.569      1248000       156000
      312000            4           4.649      2496000       312000
      312000            8           5.634      4992000       624000
      312000           16           8.036      9984000      1248000
      312000           32          12.393     19968000      2496000
      312000           64          27.264     39936000      4992000
      312000          128          45.657     79872000      9984000
      312000          256          82.903    159744000     19968000
      312000          512         119.135    319488000     39936000
      312000         1024         226.899    638976000     79872000
      312000         2048         460.647   1277952000    159744000
      343104            1           7.741       686208        85776
      343104            2           4.279      1372416       171552
      343104            4           5.987      2744832       343104
      343104            8           6.940      5489664       686208
      343104           16          10.817     10979328      1372416
      343104           32          14.431     21958656      2744832
      343104           64          32.081     43917312      5489664
      343104          128          54.287     87834624     10979328
      343104          256         101.331    175669248     21958656
      343104          512         130.475    351338496     43917312
      343104         1024         248.024    702676992     87834624
      343104         2048         496.897   1405353984    175669248
      377280            1           5.951       754560        94320
      377280            2           5.860      1509120       188640
      377280            4           6.253      3018240       377280
      377280            8           7.426      6036480       754560
      377280           16          10.885     12072960      1509120
      377280           32          17.135     24145920      3018240
      377280           64          32.931     48291840      6036480
      377280          128          55.680     96583680     12072960
      377280          256          90.501    193167360     24145920
      377280          512         141.536    386334720     48291840
      377280         1024         304.471    772669440     96583680
      377280         2048         549.967   1545338880    193167360
      414912            1           6.269       829824       103728
      414912            2           4.248      1659648       207456
      414912            4           7.228      3319296       414912
      414912            8           6.266      6638592       829824
      414912           16          11.210     13277184      1659648
      414912           32          17.438     26554368      3319296
      414912           64          32.954     53108736      6638592
      414912          128          59.063    106217472     13277184
      414912          256         118.307    212434944     26554368
      414912          512         181.860    424869888     53108736
      414912         1024         354.314    849739776    106217472
      414912         2048         597.867   1699479552    212434944
      456384            1           7.908       912768       114096
      456384            2           4.738      1825536       228192
      456384            4           4.019      3651072       456384
      456384            8           7.387      7302144       912768
      456384           16          13.891     14604288      1825536
      456384           32          37.634     29208576      3651072
      456384           64          33.626     58417152      7302144
      456384          128          71.739    116834304     14604288
      456384          256          89.187    233668608     29208576
      456384          512         168.627    467337216     58417152
      456384         1024         341.987    934674432    116834304
      456384         2048         681.732   1869348864    233668608
      501888            1           7.128      1003776       125472
      501888            2           5.944      2007552       250944
      501888            4           5.792      4015104       501888
      501888            8           7.969      8030208      1003776
      501888           16          12.622     16060416      2007552
      501888           32          21.152     32120832      4015104
      501888           64          34.643     64241664      8030208
      501888          128          95.765    128483328     16060416
      501888          256          97.638    256966656     32120832
      501888          512         184.221    513933312     64241664
      501888         1024         357.886   1027866624    128483328
      501888         2048         749.223   2055733248    256966656
      552000            1           7.518      1104000       138000
      552000            2           5.857      2208000       276000
      552000            4           5.724      4416000       552000
      552000            8           9.933      8832000      1104000
      552000           16          13.490     17664000      2208000
      552000           32          25.912     35328000      4416000
      552000           64          37.014     70656000      8832000
      552000          128          80.019    141312000     17664000
      552000          256         124.150    282624000     35328000
      552000          512         203.661    565248000     70656000
      552000         1024         392.677   1130496000    141312000
      607104            1           8.162      1214208       151776
      607104            2           6.654      2428416       303552
      607104            4           5.346      4856832       607104
      607104            8           9.937      9713664      1214208
      607104           16          12.904     19427328      2428416
      607104           32          30.827     38854656      4856832
      607104           64          44.071     77709312      9713664
      607104          128          80.656    155418624     19427328
      607104          256         116.030    310837248     38854656
      607104          512         220.309    621674496     77709312
      607104         1024         458.399   1243348992    155418624
      667776            1           9.373      1335552       166944
      667776            2           6.983      2671104       333888
      667776            4           7.407      5342208       667776
      667776            8          10.268     10684416      1335552
      667776           16          15.926     21368832      2671104
      667776           32          33.199     42737664      5342208
      667776           64          53.197     85475328     10684416
      667776          128         100.688    170950656     21368832
      667776          256         148.774    341901312     42737664
      667776          512         306.132    683802624     85475328
      667776         1024         503.992   1367605248    170950656
      734400            1          10.671      1468800       183600
      734400            2           6.651      2937600       367200
      734400            4           6.675      5875200       734400
      734400            8          10.289     11750400      1468800
      734400           16          16.947     23500800      2937600
      734400           32          34.170     47001600      5875200
      734400           64          55.790     94003200     11750400
      734400          128          87.436    188006400     23500800
      734400          256         137.706    376012800     47001600
      734400          512         264.642    752025600     94003200
      734400         1024         531.564   1504051200    188006400
      807744            1          10.575      1615488       201936
      807744            2           5.781      3230976       403872
      807744            4           9.170      6461952       807744
      807744            8           9.840     12923904      1615488
      807744           16          17.931     25847808      3230976
      807744           32          35.968     51695616      6461952
      807744           64          60.692    103391232     12923904
      807744          128         100.050    206782464     25847808
      807744          256         171.687    413564928     51695616
      807744          512         293.553    827129856    103391232
      807744         1024         603.597   1654259712    206782464
      888384            1          10.363      1776768       222096
      888384            2           6.840      3553536       444192
      888384            4           9.544      7107072       888384
      888384            8          14.156     14214144      1776768
      888384           16          18.352     28428288      3553536
      888384           32          36.145     56856576      7107072
      888384           64          73.990    113713152     14214144
      888384          128          94.209    227426304     28428288
      888384          256         177.653    454852608     56856576
      888384          512         368.236    909705216    113713152
      888384         1024         687.712   1819410432    227426304
      977088            1          11.934      1954176       244272
      977088            2           6.517      3908352       488544
      977088            4           8.798      7816704       977088
      977088            8          14.825     15633408      1954176
      977088           16          20.141     31266816      3908352
      977088           32          39.166     62533632      7816704
      977088           64          79.521    125067264     15633408
      977088          128         102.653    250134528     31266816
      977088          256         191.894    500269056     62533632
      977088          512         405.575   1000538112    125067264
      977088         1024         771.366   2001076224    250134528
     1074624            1          14.854      2149248       268656
     1074624            2           9.257      4298496       537312
     1074624            4           9.669      8596992      1074624
     1074624            8          15.627     17193984      2149248
     1074624           16          28.255     34387968      4298496
     1074624           32          43.709     68775936      8596992
     1074624           64          78.387    137551872     17193984
     1074624          128         113.129    275103744     34387968
     1074624          256         228.890    550207488     68775936
     1074624          512         427.724   1100414976    137551872
     1181952            1          14.661      2363904       295488
     1181952            2           7.517      4727808       590976
     1181952            4           9.520      9455616      1181952
     1181952            8          15.888     18911232      2363904
     1181952           16          43.170     37822464      4727808
     1181952           32          55.618     75644928      9455616
     1181952           64          85.016    151289856     18911232
     1181952          128         141.046    302579712     37822464
     1181952          256         271.671    605159424     75644928
     1181952          512         486.571   1210318848    151289856
     1300032            1          16.863      2600064       325008
     1300032            2           9.233      5200128       650016
     1300032            4          10.796     10400256      1300032
     1300032            8          17.305     20800512      2600064
     1300032           16          32.094     41601024      5200128
     1300032           32          69.598     83202048     10400256
     1300032           64          84.311    166404096     20800512
     1300032          128         154.615    332808192     41601024
     1300032          256         331.407    665616384     83202048
     1300032          512         522.996   1331232768    166404096
     1430016            1          16.414      2860032       357504
     1430016            2          11.728      5720064       715008
     1430016            4          11.161     11440128      1430016
     1430016            8          17.658     22880256      2860032
     1430016           16          33.373     45760512      5720064
     1430016           32          58.872     91521024     11440128
     1430016           64          88.738    183042048     22880256
     1430016          128         145.576    366084096     45760512
     1430016          256         293.661    732168192     91521024
     1430016          512         587.816   1464336384    183042048
     1572864            1          18.383      3145728       393216
     1572864            2          11.889      6291456       786432
     1572864            4          11.326     12582912      1572864
     1572864            8          18.971     25165824      3145728
     1572864           16          36.023     50331648      6291456
     1572864           32          81.597    100663296     12582912
     1572864           64          94.258    201326592     25165824
     1572864          128         158.370    402653184     50331648
     1572864          256         314.900    805306368    100663296
     1572864          512         621.907   1610612736    201326592
     1730112            1          21.422      3460224       432528
     1730112            2           9.442      6920448       865056
     1730112            4          14.108     13840896      1730112
     1730112            8          23.227     27681792      3460224
     1730112           16          35.702     55363584      6920448
     1730112           32          73.474    110727168     13840896
     1730112           64          94.117    221454336     27681792
     1730112          128         192.708    442908672     55363584
     1730112          256         351.414    885817344    110727168
     1730112          512         704.707   1771634688    221454336
     1903104            1          22.873      3806208       475776
     1903104            2          11.056      7612416       951552
     1903104            4          15.635     15224832      1903104
     1903104            8          22.522     30449664      3806208
     1903104           16          40.113     60899328      7612416
     1903104           32          77.145    121798656     15224832
     1903104           64         101.447    243597312     30449664
     1903104          128         209.171    487194624     60899328
     1903104          256         458.513    974389248    121798656
     1903104          512         788.423   1948778496    243597312
     2093376            1          23.869      4186752       523344
     2093376            2          11.803      8373504      1046688
     2093376            4          17.815     16747008      2093376
     2093376            8          28.727     33494016      4186752
     2093376           16          49.141     66988032      8373504
     2093376           32         106.568    133976064     16747008
     2093376           64         150.475    267952128     33494016
     2093376          128         245.406    535904256     66988032
     2093376          256         442.014   1071808512    133976064
     2093376          512         831.080   2143617024    267952128
     2302656            1          27.458      4605312       575664
     2302656            2          12.932      9210624      1151328
     2302656            4          19.191     18421248      2302656
     2302656            8          30.367     36842496      4605312
     2302656           16          52.315     73684992      9210624
     2302656           32          84.184    147369984     18421248
     2302656           64         122.604    294739968     36842496
     2302656          128         228.484    589479936     73684992
     2302656          256         469.489   1178959872    147369984
     2532864            1          27.397      5065728       633216
     2532864            2          12.758     10131456      1266432
     2532864            4          21.765     20262912      2532864
     2532864            8          34.084     40525824      5065728
     2532864           16          55.157     81051648     10131456
     2532864           32          88.250    162103296     20262912
     2532864           64         133.242    324206592     40525824
     2532864          128         266.156    648413184     81051648
     2532864          256         492.334   1296826368    162103296
     2786112            1          54.248      5572224       696528
     2786112            2          14.116     11144448      1393056
     2786112            4          23.063     22288896      2786112
     2786112            8          38.872     44577792      5572224
     2786112           16          57.958     89155584     11144448
     2786112           32          93.876    178311168     22288896
     2786112           64         145.489    356622336     44577792
     2786112          128         275.921    713244672     89155584
     2786112          256         559.929   1426489344    178311168
     3064704            1          34.717      6129408       766176
     3064704            2          15.350     12258816      1532352
     3064704            4          24.104     24517632      3064704
     3064704            8          50.633     49035264      6129408
     3064704           16          70.836     98070528     12258816
     3064704           32         101.772    196141056     24517632
     3064704           64         203.526    392282112     49035264
     3064704          128         348.879    784564224     98070528
     3064704          256         625.126   1569128448    196141056
     3371136            1          41.222      6742272       842784
     3371136            2          17.749     13484544      1685568
     3371136            4          26.147     26969088      3371136
     3371136            8          41.313     53938176      6742272
     3371136           16          77.580    107876352     13484544
     3371136           32          94.969    215752704     26969088
     3371136           64         191.235    431505408     53938176
     3371136          128         346.787    863010816    107876352
     3371136          256         682.965   1726021632    215752704
     3708096            1          40.245      7416192       927024
     3708096            2          20.173     14832384      1854048
     3708096            4          28.227     29664768      3708096
     3708096            8          56.417     59329536      7416192
     3708096           16          78.774    118659072     14832384
     3708096           32         121.396    237318144     29664768
     3708096           64         227.685    474636288     59329536
     3708096          128         463.278    949272576    118659072
     3708096          256         760.505   1898545152    237318144
     4078848            1          52.785      8157696      1019712
     4078848            2          28.717     16315392      2039424
     4078848            4          41.963     32630784      4078848
     4078848            8          67.267     65261568      8157696
     4078848           16         112.295    130523136     16315392
     4078848           32         210.086    261046272     32630784
     4078848           64         397.212    522092544     65261568
     4078848          128         792.243   1044185088    130523136
     4078848          256        1577.096   2088370176    261046272
     4486656            1          60.259      8973312      1121664
     4486656            2          32.951     17946624      2243328
     4486656            4          44.832     35893248      4486656
     4486656            8          71.093     71786496      8973312
     4486656           16         131.131    143572992     17946624
     4486656           32         228.942    287145984     35893248
     4486656           64         435.905    574291968     71786496
     4486656          128         868.497   1148583936    143572992
     4935168            1          59.457      9870336      1233792
     4935168            2          35.930     19740672      2467584
     4935168            4          48.738     39481344      4935168
     4935168            8          79.042     78962688      9870336
     4935168           16         153.557    157925376     19740672
     4935168           32         294.644    315850752     39481344
     4935168           64         529.115    631701504     78962688
     4935168          128         976.476   1263403008    157925376
     5428608            1          63.161     10857216      1357152
     5428608            2          45.250     21714432      2714304
     5428608            4          43.300     43428864      5428608
     5428608            8          62.237     86857728     10857216
     5428608           16          97.746    173715456     21714432
     5428608           32         148.393    347430912     43428864
     5428608           64         273.014    694861824     86857728
     5428608          128         552.479   1389723648    173715456
     5971392            1          71.117     11942784      1492848
     5971392            2          29.894     23885568      2985696
     5971392            4          44.475     47771136      5971392
     5971392            8          65.579     95542272     11942784
     5971392           16         101.736    191084544     23885568
     5971392           32         162.256    382169088     47771136
     5971392           64         318.405    764338176     95542272
     5971392          128         595.856   1528676352    191084544
     6568512            1          75.361     13137024      1642128
     6568512            2          31.619     26274048      3284256
     6568512            4          47.828     52548096      6568512
     6568512            8          78.077    105096192     13137024
     6568512           16         101.580    210192384     26274048
     6568512           32         177.040    420384768     52548096
     6568512           64         360.736    840769536    105096192
     6568512          128         660.762   1681539072    210192384
     7225344            1          84.475     14450688      1806336
     7225344            2          34.957     28901376      3612672
     7225344            4          51.140     57802752      7225344
     7225344            8          88.735    115605504     14450688
     7225344           16         111.659    231211008     28901376
     7225344           32         194.967    462422016     57802752
     7225344           64         375.063    924844032    115605504
     7225344          128         727.503   1849688064    231211008
     7947840            1          93.733     15895680      1986960
     7947840            2          38.482     31791360      3973920
     7947840            4          54.550     63582720      7947840
     7947840            8          91.831    127165440     15895680
     7947840           16         122.152    254330880     31791360
     7947840           32         212.963    508661760     63582720
     7947840           64         420.673   1017323520    127165440
     7947840          128         794.576   2034647040    254330880
     8742528            1         101.874     17485056      2185632
     8742528            2          41.137     34970112      4371264
     8742528            4          61.414     69940224      8742528
     8742528            8          95.590    139880448     17485056
     8742528           16         132.697    279760896     34970112
     8742528           32         240.828    559521792     69940224
     8742528           64         467.722   1119043584    139880448
     9616704            1         112.559     19233408      2404176
     9616704            2          44.356     38466816      4808352
     9616704            4          66.612     76933632      9616704
     9616704            8         120.127    153867264     19233408
     9616704           16         147.130    307734528     38466816
     9616704           32         260.341    615469056     76933632
     9616704           64         512.831   1230938112    153867264
    10578240            1         124.020     21156480      2644560
    10578240            2          48.209     42312960      5289120
    10578240            4          73.246     84625920     10578240
    10578240            8         105.174    169251840     21156480
    10578240           16         157.987    338503680     42312960
    10578240           32         296.119    677007360     84625920
    10578240           64         540.516   1354014720    169251840
    11635968            1         161.013     23271936      2908992
    11635968            2          56.562     46543872      5817984
    11635968            4          78.201     93087744     11635968
    11635968            8         108.520    186175488     23271936
    11635968           16         175.118    372350976     46543872
    11635968           32         307.639    744701952     93087744
    11635968           64         608.074   1489403904    186175488
    12799488            1         153.054     25598976      3199872
    12799488            2          58.953     51197952      6399744
    12799488            4          85.648    102395904     12799488
    12799488            8         139.150    204791808     25598976
    12799488           16         190.583    409583616     51197952
    12799488           32         352.521    819167232    102395904
    12799488           64         661.035   1638334464    204791808
    14079360            1         166.169     28158720      3519840
    14079360            2          65.985     56317440      7039680
    14079360            4          95.009    112634880     14079360
    14079360            8         126.467    225269760     28158720
    14079360           16         228.455    450539520     56317440
    14079360           32         389.397    901079040    112634880
    14079360           64         732.123   1802158080    225269760
    15487296            1         182.049     30974592      3871824
    15487296            2          70.821     61949184      7743648
    15487296            4         106.361    123898368     15487296
    15487296            8         161.621    247796736     30974592
    15487296           16         228.550    495593472     61949184
    15487296           32         440.593    991186944    123898368
    15487296           64         926.802   1982373888    247796736
    17035968            1         186.189     34071936      4258992
    17035968            2          80.351     68143872      8517984
    17035968            4         112.416    136287744     17035968
    17035968            8         183.561    272575488     34071936
    17035968           16         299.144    545150976     68143872
    17035968           32         540.535   1090301952    136287744
    18739392            1         214.915     37478784      4684848
    18739392            2          88.990     74957568      9369696
    18739392            4         144.741    149915136     18739392
    18739392            8         197.371    299830272     37478784
    18739392           16         339.073    599660544     74957568
    18739392           32         584.279   1199321088    149915136
    20613312            1         255.877     41226624      5153328
    20613312            2         107.965     82453248     10306656
    20613312            4         142.814    164906496     20613312
    20613312            8         183.520    329812992     41226624
    20613312           16         319.406    659625984     82453248
    20613312           32         579.987   1319251968    164906496
    22674624            1         251.494     45349248      5668656
    22674624            2         139.181     90698496     11337312
    22674624            4         137.988    181396992     22674624
    22674624            8         206.590    362793984     45349248
    22674624           16         333.844    725587968     90698496
    22674624           32         643.292   1451175936    181396992
    24941952            1         231.704     49883904      6235488
    24941952            2         122.132     99767808     12470976
    24941952            4         197.925    199535616     24941952
    24941952            8         257.236    399071232     49883904
    24941952           16         420.128    798142464     99767808
    24941952           32         801.926   1596284928    199535616
    27436032            1         222.473     54872064      6859008
    27436032            2         139.756    109744128     13718016
    27436032            4         166.284    219488256     27436032
    27436032            8         297.715    438976512     54872064
    27436032           16         533.106    877953024    109744128
    27436032           32         874.494   1755906048    219488256
    30179520            1         194.934     60359040      7544880
    30179520            2         153.613    120718080     15089760
    30179520            4         201.088    241436160     30179520
    30179520            8         333.172    482872320     60359040
    30179520           16         585.212    965744640    120718080
    30179520           32        1017.844   1931489280    241436160
    33197376            1         218.301     66394752      8299344
    33197376            2         188.602    132789504     16598688
    33197376            4         226.741    265579008     33197376
    33197376            8         403.596    531158016     66394752
    33197376           16         682.867   1062316032    132789504
    33197376           32        1223.232   2124632064    265579008
    36517056            1         232.533     73034112      9129264
    36517056            2         224.804    146068224     18258528
    36517056            4         269.427    292136448     36517056
    36517056            8         409.720    584272896     73034112
    36517056           16         722.877   1168545792    146068224
    40168704            1         263.991     80337408     10042176
    40168704            2         263.772    160674816     20084352
    40168704            4         295.007    321349632     40168704
    40168704            8         471.167    642699264     80337408
    40168704           16         810.254   1285398528    160674816
    44185536            1         276.433     88371072     11046384
    44185536            2         281.159    176742144     22092768
    44185536            4         321.170    353484288     44185536
    44185536            8         534.439    706968576     88371072
    44185536           16         916.339   1413937152    176742144
    48604032            1         338.847     97208064     12151008
    48604032            2         361.719    194416128     24302016
    48604032            4         366.261    388832256     48604032
    48604032            8         623.701    777664512     97208064
    48604032           16        1110.007   1555329024    194416128
    53464320            1         378.308    106928640     13366080
    53464320            2         412.482    213857280     26732160
    53464320            4         496.326    427714560     53464320
    53464320            8         769.106    855429120    106928640
    53464320           16        1438.715   1710858240    213857280
    58810752            1         404.814    117621504     14702688
    58810752            2         508.715    235243008     29405376
    58810752            4         574.997    470486016     58810752
    58810752            8         955.938    940972032    117621504
    58810752           16        1667.140   1881944064    235243008
    64691712            1         486.224    129383424     16172928
    64691712            2         602.382    258766848     32345856
    64691712            4         707.428    517533696     64691712
    64691712            8        1146.151   1035067392    129383424
    64691712           16        2113.206   2070134784    258766848
    71160768            1         515.278    142321536     17790192
    71160768            2         779.963    284643072     35580384
    71160768            4         832.832    569286144     71160768
    71160768            8        1361.455   1138572288    142321536
    78276672            1         620.551    156553344     19569168
    78276672            2         977.754    313106688     39138336
    78276672            4        1113.641    626213376     78276672
    78276672            8        1839.194   1252426752    156553344
    86104320            1         652.561    172208640     21526080
    86104320            2        1197.981    344417280     43052160
    86104320            4        1437.497    688834560     86104320
    86104320            8        2395.881   1377669120    172208640
    94714752            1         720.848    189429504     23678688
    94714752            2        1320.647    378859008     47357376
    94714752            4        1803.741    757718016     94714752
    94714752            8        2941.808   1515436032    189429504
   104186112            1         878.934    208372224     26046528
   104186112            2        1605.004    416744448     52093056
   104186112            4        2236.288    833488896    104186112
   104186112            8        3614.243   1666977792    208372224
   114604608            1         978.205    229209216     28651152
   114604608            2        1811.739    458418432     57302304
   114604608            4        2602.707    916836864    114604608
   114604608            8        4298.251   1833673728    229209216
   126064896            1        1113.820    252129792     31516224
   126064896            2        2103.247    504259584     63032448
   126064896            4        2980.231   1008519168    126064896
   126064896            8        4957.911   2017038336    252129792
   138671232            1        1289.440    277342464     34667808
   138671232            2        2339.567    554684928     69335616
   138671232            4        3337.583   1109369856    138671232
   152538240            1        1369.314    305076480     38134560
   152538240            2        2653.772    610152960     76269120
   152538240            4        3829.739   1220305920    152538240
   167792064            1        1583.445    335584128     41948016
   167792064            2        2995.911    671168256     83896032
   167792064            4        4387.312   1342336512    167792064
   184571136            1        1784.552    369142272     46142784
   184571136            2        3394.466    738284544     92285568
   184571136            4        4956.143   1476569088    184571136
   203028096            1        2004.233    406056192     50757024
   203028096            2        3884.188    812112384    101514048
   203028096            4        5614.328   1624224768    203028096
   223330752            1        2157.109    446661504     55832688
   223330752            2        4185.763    893323008    111665376
   223330752            4        6211.187   1786646016    223330752
   245663808            1        2441.504    491327616     61415952
   245663808            2        4752.438    982655232    122831904
   245663808            4        7175.925   1965310464    245663808
   270230016            1        2699.492    540460032     67557504
   270230016            2        5201.009   1080920064    135115008
   297252864            1        3024.498    594505728     74313216
   297252864            2        5858.632   1189011456    148626432
   326978112            1        3302.133    653956224     81744528
   326978112            2        6617.608   1307912448    163489056
   359675904            1        3743.655    719351808     89918976
   359675904            2        7276.587   1438703616    179837952
   395643456            1        4109.415    791286912     98910864
   395643456            2        8023.178   1582573824    197821728
   435207744            1        4545.864    870415488    108801936
   435207744            2        8878.414   1740830976    217603872
   478728384            1        5032.094    957456768    119682096
   478728384            2        9959.813   1914913536    239364192
   526601088            1        5590.666   1053202176    131650272
   526601088            2       10881.589   2106404352    263300544
   579261120            1        6119.739   1158522240    144815280
   637187136            1        6723.145   1274374272    159296784
   700905792            1        7383.850   1401811584    175226448
   770996352            1        8179.828   1541992704    192749088
   848095872            1        9035.394   1696191744    212023968
   932905344            1        9927.270   1865810688    233226336
  1026195840            1       10947.575   2052391680    256548960

META_DATA
FLOPS          2
MPI_PROCS      1
OPENMP_THREADS 24
ERT_VERSION  1.1.0
HOSTNAME  ('dp-cn26.deep', [], ['10.2.9.126'])
UNAME  uname_result(system='Linux', node='dp-cn26', release='4.18.0-513.24.1.el8_9.x86_64', version='#1 SMP Thu Apr 4 18:13:02 UTC 2024', machine='x86_64')
TIMESTAMP_DATA  1713441554.4115584
CONFIG  {'ERT_RESULTS': ['Results.cn.deep.fz-juelich.de.01.gcc2023-O3-only'], 'ERT_DRIVER': ['driver1'], 'ERT_KERNEL': ['kernel1'], 'ERT_MPI': ['True'], 'ERT_MPI_CFLAGS': ['-I', '/p/software/deep/stages/2023/software/psmpi/5.9.2-1-GCC-11.3.0/include'], 'ERT_MPI_LDFLAGS': ['-L', '/p/software/deep/stages/2023/software/psmpi/5.9.2-1-GCC-11.3.0/lib', '-lmpi'], 'ERT_OPENMP': ['True'], 'ERT_OPENMP_CFLAGS': ['-fopenmp'], 'ERT_OPENMP_LDFLAGS': ['-fopenmp'], 'ERT_FLOPS': ['1,2,4,8,16,64,128'], 'ERT_ALIGN': ['64'], 'ERT_CC': ['mpicxx'], 'ERT_CFLAGS': ['-g', '-O3'], 'ERT_LD': ['mpicxx'], 'ERT_LDFLAGS': [], 'ERT_LDLIBS': [], 'ERT_PRECISION': ['FP64'], 'ERT_RUN': ['export', 'OMP_NUM_THREADS=ERT_OPENMP_THREADS;', 'export', 'OMP_PLACES="cores(ERT_OPENMP_THREADS)";', 'srun', '-p', 'dp-cn', '-n', 'ERT_MPI_PROCS', '-c', '48', '--ntasks-per-node', '1', 'ERT_CODE'], 'ERT_PROCS_THREADS': ['24'], 'ERT_MPI_PROCS': ['1'], 'ERT_OPENMP_THREADS': ['24'], 'ERT_NUM_EXPERIMENTS': ['5'], 'ERT_MEMORY_MAX': ['1073741824'], 'ERT_WORKING_SET_MIN': ['128'], 'ERT_TRIALS_MIN': ['1'], 'ERT_GNUPLOT': ['gnuplot'], 'ERT_GPU': [False], 'ERT_HIP': [False], 'ERT_OCL': [False], 'ERT_SYCL': [False], 'ERT_WSS_MULT': [1.1]}
