fp64
       24576            1           4.079        49152         6144
       24576            2           4.050        98304        12288
       24576            4           4.384       196608        24576
       24576            8           6.094       393216        49152
       24576           16           5.107       786432        98304
       24576           32           3.216      1572864       196608
       24576           64           5.613      3145728       393216
       24576          128           5.283      6291456       786432
       24576          256          10.043     12582912      1572864
       24576          512          16.724     25165824      3145728
       24576         1024          36.801     50331648      6291456
       24576         2048          63.024    100663296     12582912
       24576         4096         115.961    201326592     25165824
       24576         8192         177.197    402653184     50331648
       24576        16384         362.644    805306368    100663296
       24576        32768         590.551   1610612736    201326592
       26880            1           2.982        53760         6720
       26880            2           5.598       107520        13440
       26880            4           3.927       215040        26880
       26880            8           5.750       430080        53760
       26880           16           5.151       860160       107520
       26880           32           4.289      1720320       215040
       26880           64           4.624      3440640       430080
       26880          128           5.860      6881280       860160
       26880          256          13.279     13762560      1720320
       26880          512          21.566     27525120      3440640
       26880         1024          31.211     55050240      6881280
       26880         2048          86.925    110100480     13762560
       26880         4096         100.748    220200960     27525120
       26880         8192         189.818    440401920     55050240
       26880        16384         373.539    880803840    110100480
       26880        32768         626.219   1761607680    220200960
       29568            1           5.151        59136         7392
       29568            2           4.262       118272        14784
       29568            4           4.013       236544        29568
       29568            8           5.404       473088        59136
       29568           16           3.473       946176       118272
       29568           32           4.284      1892352       236544
       29568           64           5.904      3784704       473088
       29568          128           6.694      7569408       946176
       29568          256          11.418     15138816      1892352
       29568          512          25.227     30277632      3784704
       29568         1024          34.716     60555264      7569408
       29568         2048          97.655    121110528     15138816
       29568         4096         124.572    242221056     30277632
       29568         8192         229.065    484442112     60555264
       29568        16384         443.995    968884224    121110528
       29568        32768         783.559   1937768448    242221056
       32448            1           4.731        64896         8112
       32448            2           5.248       129792        16224
       32448            4           4.340       259584        32448
       32448            8           5.005       519168        64896
       32448           16           3.173      1038336       129792
       32448           32           5.565      2076672       259584
       32448           64           5.314      4153344       519168
       32448          128           8.529      8306688      1038336
       32448          256          13.314     16613376      2076672
       32448          512          27.993     33226752      4153344
       32448         1024          51.481     66453504      8306688
       32448         2048          85.731    132907008     16613376
       32448         4096         128.186    265814016     33226752
       32448         8192         252.880    531628032     66453504
       32448        16384         501.756   1063256064    132907008
       32448        32768         844.847   2126512128    265814016
       35520            1           4.572        71040         8880
       35520            2           5.185       142080        17760
       35520            4           4.304       284160        35520
       35520            8           4.657       568320        71040
       35520           16           4.256      1136640       142080
       35520           32           5.348      2273280       284160
       35520           64           5.496      4546560       568320
       35520          128           6.413      9093120      1136640
       35520          256          11.570     18186240      2273280
       35520          512          27.715     36372480      4546560
       35520         1024          53.181     72744960      9093120
       35520         2048          85.914    145489920     18186240
       35520         4096         127.703    290979840     36372480
       35520         8192         263.685    581959680     72744960
       35520        16384         437.198   1163919360    145489920
       38976            1           4.300        77952         9744
       38976            2           7.202       155904        19488
       38976            4           4.504       311808        38976
       38976            8           5.353       623616        77952
       38976           16           4.439      1247232       155904
       38976           32           4.112      2494464       311808
       38976           64           7.785      4988928       623616
       38976          128           9.205      9977856      1247232
       38976          256          14.451     19955712      2494464
       38976          512          47.636     39911424      4988928
       38976         1024          62.809     79822848      9977856
       38976         2048         109.990    159645696     19955712
       38976         4096         153.372    319291392     39911424
       38976         8192         296.071    638582784     79822848
       38976        16384         535.555   1277165568    159645696
       42816            1           4.512        85632        10704
       42816            2           3.662       171264        21408
       42816            4           6.136       342528        42816
       42816            8           4.087       685056        85632
       42816           16           3.570      1370112       171264
       42816           32           5.974      2740224       342528
       42816           64           6.631      5480448       685056
       42816          128           8.893     10960896      1370112
       42816          256          13.990     21921792      2740224
       42816          512          34.192     43843584      5480448
       42816         1024          76.832     87687168     10960896
       42816         2048          90.264    175374336     21921792
       42816         4096         168.143    350748672     43843584
       42816         8192         340.021    701497344     87687168
       42816        16384         599.476   1402994688    175374336
       47040            1           3.135        94080        11760
       47040            2           4.270       188160        23520
       47040            4           3.567       376320        47040
       47040            8           4.897       752640        94080
       47040           16           3.475      1505280       188160
       47040           32           4.875      3010560       376320
       47040           64           5.660      6021120       752640
       47040          128          10.185     12042240      1505280
       47040          256          20.868     24084480      3010560
       47040          512          28.872     48168960      6021120
       47040         1024          65.364     96337920     12042240
       47040         2048          93.529    192675840     24084480
       47040         4096         181.268    385351680     48168960
       47040         8192         361.040    770703360     96337920
       47040        16384         618.412   1541406720    192675840
       51648            1           2.676       103296        12912
       51648            2           3.616       206592        25824
       51648            4           4.075       413184        51648
       51648            8           5.707       826368       103296
       51648           16           5.621      1652736       206592
       51648           32           3.558      3305472       413184
       51648           64           9.033      6610944       826368
       51648          128          11.217     13221888      1652736
       51648          256          21.336     26443776      3305472
       51648          512          39.367     52887552      6610944
       51648         1024          74.679    105775104     13221888
       51648         2048         104.488    211550208     26443776
       51648         4096         193.867    423100416     52887552
       51648         8192         377.750    846200832    105775104
       51648        16384         642.645   1692401664    211550208
       56640            1           2.687       113280        14160
       56640            2           3.545       226560        28320
       56640            4           6.542       453120        56640
       56640            8           5.653       906240       113280
       56640           16           4.200      1812480       226560
       56640           32           3.782      3624960       453120
       56640           64           8.456      7249920       906240
       56640          128          11.578     14499840      1812480
       56640          256          19.465     28999680      3624960
       56640          512          31.999     57999360      7249920
       56640         1024          85.708    115998720     14499840
       56640         2048         113.435    231997440     28999680
       56640         4096         210.587    463994880     57999360
       56640         8192         394.661    927989760    115998720
       56640        16384         716.272   1855979520    231997440
       62208            1           4.406       124416        15552
       62208            2           3.871       248832        31104
       62208            4           4.301       497664        62208
       62208            8           3.812       995328       124416
       62208           16           4.459      1990656       248832
       62208           32           7.289      3981312       497664
       62208           64           7.488      7962624       995328
       62208          128          13.910     15925248      1990656
       62208          256          24.083     31850496      3981312
       62208          512          35.177     63700992      7962624
       62208         1024          97.010    127401984     15925248
       62208         2048         119.649    254803968     31850496
       62208         4096         232.585    509607936     63700992
       62208         8192         441.384   1019215872    127401984
       62208        16384         770.515   2038431744    254803968
       68352            1           1.686       136704        17088
       68352            2           3.540       273408        34176
       68352            4           4.968       546816        68352
       68352            8           4.015      1093632       136704
       68352           16           6.283      2187264       273408
       68352           32           6.414      4374528       546816
       68352           64           7.507      8749056      1093632
       68352          128          12.489     17498112      2187264
       68352          256          23.755     34996224      4374528
       68352          512          40.927     69992448      8749056
       68352         1024         106.904    139984896     17498112
       68352         2048         132.614    279969792     34996224
       68352         4096         252.478    559939584     69992448
       68352         8192         507.392   1119879168    139984896
       75072            1           3.808       150144        18768
       75072            2           4.247       300288        37536
       75072            4           5.094       600576        75072
       75072            8           4.189      1201152       150144
       75072           16           5.027      2402304       300288
       75072           32           6.329      4804608       600576
       75072           64           9.653      9609216      1201152
       75072          128          13.565     19218432      2402304
       75072          256          30.860     38436864      4804608
       75072          512          48.530     76873728      9609216
       75072         1024          80.826    153747456     19218432
       75072         2048         119.395    307494912     38436864
       75072         4096         247.787    614989824     76873728
       75072         8192         549.218   1229979648    153747456
       82560            1           3.830       165120        20640
       82560            2           3.382       330240        41280
       82560            4           8.033       660480        82560
       82560            8           4.892      1320960       165120
       82560           16           4.544      2641920       330240
       82560           32           5.990      5283840       660480
       82560           64           9.750     10567680      1320960
       82560          128          14.090     21135360      2641920
       82560          256          29.526     42270720      5283840
       82560          512          56.004     84541440     10567680
       82560         1024          85.393    169082880     21135360
       82560         2048         131.967    338165760     42270720
       82560         4096         251.836    676331520     84541440
       82560         8192         519.957   1352663040    169082880
       90816            1           4.966       181632        22704
       90816            2           3.690       363264        45408
       90816            4           4.376       726528        90816
       90816            8           6.075      1453056       181632
       90816           16           3.224      2906112       363264
       90816           32           6.904      5812224       726528
       90816           64          11.413     11624448      1453056
       90816          128          15.378     23248896      2906112
       90816          256          33.460     46497792      5812224
       90816          512          75.305     92995584     11624448
       90816         1024          89.259    185991168     23248896
       90816         2048         186.123    371982336     46497792
       90816         4096         321.143    743964672     92995584
       90816         8192         582.463   1487929344    185991168
       99840            1           3.414       199680        24960
       99840            2           4.247       399360        49920
       99840            4           4.921       798720        99840
       99840            8           4.918      1597440       199680
       99840           16           5.369      3194880       399360
       99840           32           7.411      6389760       798720
       99840           64          10.050     12779520      1597440
       99840          128          19.637     25559040      3194880
       99840          256          31.930     51118080      6389760
       99840          512          64.402    102236160     12779520
       99840         1024          91.433    204472320     25559040
       99840         2048         155.613    408944640     51118080
       99840         4096         313.401    817889280    102236160
       99840         8192         603.566   1635778560    204472320
      109824            1           4.170       219648        27456
      109824            2           4.230       439296        54912
      109824            4           4.355       878592       109824
      109824            8           3.025      1757184       219648
      109824           16           3.743      3514368       439296
      109824           32           5.601      7028736       878592
      109824           64          11.158     14057472      1757184
      109824          128          21.430     28114944      3514368
      109824          256          30.976     56229888      7028736
      109824          512          64.734    112459776     14057472
      109824         1024         101.715    224919552     28114944
      109824         2048         168.582    449839104     56229888
      109824         4096         325.575    899678208    112459776
      109824         8192         668.977   1799356416    224919552
      120768            1           4.270       241536        30192
      120768            2           2.850       483072        60384
      120768            4           2.779       966144       120768
      120768            8           5.484      1932288       241536
      120768           16           4.911      3864576       483072
      120768           32           7.647      7729152       966144
      120768           64          11.783     15458304      1932288
      120768          128          22.142     30916608      3864576
      120768          256          32.575     61833216      7729152
      120768          512          93.941    123666432     15458304
      120768         1024         100.453    247332864     30916608
      120768         2048         182.418    494665728     61833216
      120768         4096         354.095    989331456    123666432
      120768         8192         726.557   1978662912    247332864
      132672            1           5.501       265344        33168
      132672            2           5.411       530688        66336
      132672            4           5.662      1061376       132672
      132672            8           4.836      2122752       265344
      132672           16           5.424      4245504       530688
      132672           32           8.155      8491008      1061376
      132672           64          12.164     16982016      2122752
      132672          128          26.580     33964032      4245504
      132672          256          36.633     67928064      8491008
      132672          512         118.474    135856128     16982016
      132672         1024         125.063    271712256     33964032
      132672         2048         233.179    543424512     67928064
      132672         4096         423.184   1086849024    135856128
      145920            1           4.549       291840        36480
      145920            2           3.971       583680        72960
      145920            4           3.489      1167360       145920
      145920            8           4.826      2334720       291840
      145920           16           6.129      4669440       583680
      145920           32           9.229      9338880      1167360
      145920           64          13.369     18677760      2334720
      145920          128          27.211     37355520      4669440
      145920          256          41.887     74711040      9338880
      145920          512          84.878    149422080     18677760
      145920         1024         113.455    298844160     37355520
      145920         2048         217.410    597688320     74711040
      145920         4096         453.698   1195376640    149422080
      160512            1           5.022       321024        40128
      160512            2           3.801       642048        80256
      160512            4           5.929      1284096       160512
      160512            8           4.341      2568192       321024
      160512           16           7.561      5136384       642048
      160512           32           8.438     10272768      1284096
      160512           64          13.345     20545536      2568192
      160512          128          30.945     41091072      5136384
      160512          256          51.410     82182144     10272768
      160512          512         102.687    164364288     20545536
      160512         1024         145.127    328728576     41091072
      160512         2048         298.684    657457152     82182144
      160512         4096         518.447   1314914304    164364288
      176448            1           4.915       352896        44112
      176448            2           5.039       705792        88224
      176448            4           4.993      1411584       176448
      176448            8           4.439      2823168       352896
      176448           16           6.419      5646336       705792
      176448           32          10.009     11292672      1411584
      176448           64          16.856     22585344      2823168
      176448          128          31.518     45170688      5646336
      176448          256          57.342     90341376     11292672
      176448          512          88.068    180682752     22585344
      176448         1024         134.248    361365504     45170688
      176448         2048         258.896    722731008     90341376
      176448         4096         533.889   1445462016    180682752
      193920            1           5.012       387840        48480
      193920            2           4.519       775680        96960
      193920            4           5.215      1551360       193920
      193920            8           8.064      3102720       387840
      193920           16           7.688      6205440       775680
      193920           32          10.749     12410880      1551360
      193920           64          15.451     24821760      3102720
      193920          128          31.882     49643520      6205440
      193920          256          61.545     99287040     12410880
      193920          512          91.024    198574080     24821760
      193920         1024         164.668    397148160     49643520
      193920         2048         283.773    794296320     99287040
      193920         4096         579.517   1588592640    198574080
      213312            1           5.407       426624        53328
      213312            2           5.118       853248       106656
      213312            4           5.104      1706496       213312
      213312            8           5.236      3412992       426624
      213312           16           6.783      6825984       853248
      213312           32          11.013     13651968      1706496
      213312           64          19.071     27303936      3412992
      213312          128          32.404     54607872      6825984
      213312          256          64.651    109215744     13651968
      213312          512          94.553    218431488     27303936
      213312         1024         159.332    436862976     54607872
      213312         2048         323.394    873725952    109215744
      213312         4096         624.466   1747451904    218431488
      234624            1           5.613       469248        58656
      234624            2           4.876       938496       117312
      234624            4           5.540      1876992       234624
      234624            8          18.552      3753984       469248
      234624           16           6.117      7507968       938496
      234624           32          13.477     15015936      1876992
      234624           64          17.956     30031872      3753984
      234624          128          33.836     60063744      7507968
      234624          256          72.190    120127488     15015936
      234624          512          94.377    240254976     30031872
      234624         1024         176.078    480509952     60063744
      234624         2048         358.416    961019904    120127488
      234624         4096         693.710   1922039808    240254976
      258048            1           6.367       516096        64512
      258048            2           6.252      1032192       129024
      258048            4           6.170      2064384       258048
      258048            8           5.148      4128768       516096
      258048           16           8.084      8257536      1032192
      258048           32          12.694     16515072      2064384
      258048           64          22.374     33030144      4128768
      258048          128          34.944     66060288      8257536
      258048          256          76.686    132120576     16515072
      258048          512         129.589    264241152     33030144
      258048         1024         226.072    528482304     66060288
      258048         2048         425.729   1056964608    132120576
      258048         4096         758.072   2113929216    264241152
      283776            1           5.574       567552        70944
      283776            2           5.978      1135104       141888
      283776            4           5.189      2270208       283776
      283776            8           4.941      4540416       567552
      283776           16           8.113      9080832      1135104
      283776           32          15.615     18161664      2270208
      283776           64          27.712     36323328      4540416
      283776          128          66.951     72646656      9080832
      283776          256          79.263    145293312     18161664
      283776          512         109.604    290586624     36323328
      283776         1024         209.526    581173248     72646656
      283776         2048         406.266   1162346496    145293312
      312000            1           6.262       624000        78000
      312000            2           4.480      1248000       156000
      312000            4           4.547      2496000       312000
      312000            8           6.735      4992000       624000
      312000           16          11.067      9984000      1248000
      312000           32          14.103     19968000      2496000
      312000           64          29.598     39936000      4992000
      312000          128          48.785     79872000      9984000
      312000          256          78.612    159744000     19968000
      312000          512         118.463    319488000     39936000
      312000         1024         227.171    638976000     79872000
      312000         2048         457.993   1277952000    159744000
      343104            1           7.394       686208        85776
      343104            2           5.439      1372416       171552
      343104            4           7.615      2744832       343104
      343104            8           5.716      5489664       686208
      343104           16          10.561     10979328      1372416
      343104           32          12.976     21958656      2744832
      343104           64          31.104     43917312      5489664
      343104          128          54.011     87834624     10979328
      343104          256          87.746    175669248     21958656
      343104          512         130.027    351338496     43917312
      343104         1024         266.082    702676992     87834624
      343104         2048         594.657   1405353984    175669248
      377280            1           5.888       754560        94320
      377280            2           5.723      1509120       188640
      377280            4           6.483      3018240       377280
      377280            8           5.760      6036480       754560
      377280           16          10.989     12072960      1509120
      377280           32          16.619     24145920      3018240
      377280           64          34.255     48291840      6036480
      377280          128          58.913     96583680     12072960
      377280          256          93.778    193167360     24145920
      377280          512         143.199    386334720     48291840
      377280         1024         271.960    772669440     96583680
      377280         2048         561.896   1545338880    193167360
      414912            1           8.473       829824       103728
      414912            2           5.247      1659648       207456
      414912            4           6.854      3319296       414912
      414912            8           7.295      6638592       829824
      414912           16          12.167     13277184      1659648
      414912           32          19.322     26554368      3319296
      414912           64          30.952     53108736      6638592
      414912          128          61.851    106217472     13277184
      414912          256         119.077    212434944     26554368
      414912          512         199.345    424869888     53108736
      414912         1024         360.774    849739776    106217472
      414912         2048         634.417   1699479552    212434944
      456384            1           8.354       912768       114096
      456384            2           4.831      1825536       228192
      456384            4           7.501      3651072       456384
      456384            8           7.428      7302144       912768
      456384           16          11.863     14604288      1825536
      456384           32          23.572     29208576      3651072
      456384           64          35.882     58417152      7302144
      456384          128          70.412    116834304     14604288
      456384          256         103.992    233668608     29208576
      456384          512         171.660    467337216     58417152
      456384         1024         427.713    934674432    116834304
      456384         2048         650.962   1869348864    233668608
      501888            1           5.295      1003776       125472
      501888            2           5.048      2007552       250944
      501888            4           8.201      4015104       501888
      501888            8          11.879      8030208      1003776
      501888           16          13.164     16060416      2007552
      501888           32          23.615     32120832      4015104
      501888           64          33.083     64241664      8030208
      501888          128          74.372    128483328     16060416
      501888          256         117.975    256966656     32120832
      501888          512         185.809    513933312     64241664
      501888         1024         372.016   1027866624    128483328
      501888         2048         722.841   2055733248    256966656
      552000            1           6.955      1104000       138000
      552000            2           5.328      2208000       276000
      552000            4           6.761      4416000       552000
      552000            8           9.291      8832000      1104000
      552000           16          15.567     17664000      2208000
      552000           32          27.988     35328000      4416000
      552000           64          37.543     70656000      8832000
      552000          128          84.102    141312000     17664000
      552000          256         106.350    282624000     35328000
      552000          512         201.317    565248000     70656000
      552000         1024         407.224   1130496000    141312000
      607104            1           8.569      1214208       151776
      607104            2           6.275      2428416       303552
      607104            4           6.577      4856832       607104
      607104            8          10.088      9713664      1214208
      607104           16          15.531     19427328      2428416
      607104           32          33.666     38854656      4856832
      607104           64          48.388     77709312      9713664
      607104          128          79.872    155418624     19427328
      607104          256         119.389    310837248     38854656
      607104          512         236.354    621674496     77709312
      607104         1024         446.990   1243348992    155418624
      667776            1          11.097      1335552       166944
      667776            2           6.763      2671104       333888
      667776            4           6.941      5342208       667776
      667776            8           8.960     10684416      1335552
      667776           16          17.866     21368832      2671104
      667776           32          32.627     42737664      5342208
      667776           64          55.477     85475328     10684416
      667776          128         122.930    170950656     21368832
      667776          256         149.608    341901312     42737664
      667776          512         285.066    683802624     85475328
      667776         1024         518.978   1367605248    170950656
      734400            1           8.892      1468800       183600
      734400            2           7.888      2937600       367200
      734400            4           7.528      5875200       734400
      734400            8          12.755     11750400      1468800
      734400           16          17.926     23500800      2937600
      734400           32          30.767     47001600      5875200
      734400           64          56.136     94003200     11750400
      734400          128          90.054    188006400     23500800
      734400          256         139.535    376012800     47001600
      734400          512         279.792    752025600     94003200
      734400         1024         535.450   1504051200    188006400
      807744            1          12.389      1615488       201936
      807744            2           5.811      3230976       403872
      807744            4           8.855      6461952       807744
      807744            8          13.329     12923904      1615488
      807744           16          18.076     25847808      3230976
      807744           32          52.552     51695616      6461952
      807744           64          63.976    103391232     12923904
      807744          128         119.879    206782464     25847808
      807744          256         180.007    413564928     51695616
      807744          512         347.119    827129856    103391232
      807744         1024         618.998   1654259712    206782464
      888384            1          12.439      1776768       222096
      888384            2           5.136      3553536       444192
      888384            4           9.554      7107072       888384
      888384            8          14.183     14214144      1776768
      888384           16          18.488     28428288      3553536
      888384           32          35.995     56856576      7107072
      888384           64          70.881    113713152     14214144
      888384          128          98.370    227426304     28428288
      888384          256         192.798    454852608     56856576
      888384          512         347.669    909705216    113713152
      888384         1024         711.373   1819410432    227426304
      977088            1          12.726      1954176       244272
      977088            2           7.692      3908352       488544
      977088            4           8.580      7816704       977088
      977088            8          14.466     15633408      1954176
      977088           16          22.901     31266816      3908352
      977088           32          37.143     62533632      7816704
      977088           64          80.429    125067264     15633408
      977088          128         102.075    250134528     31266816
      977088          256         207.104    500269056     62533632
      977088          512         374.071   1000538112    125067264
      977088         1024         780.737   2001076224    250134528
     1074624            1          11.979      2149248       268656
     1074624            2           8.856      4298496       537312
     1074624            4           9.294      8596992      1074624
     1074624            8          15.966     17193984      2149248
     1074624           16          27.966     34387968      4298496
     1074624           32          39.276     68775936      8596992
     1074624           64          83.340    137551872     17193984
     1074624          128         111.428    275103744     34387968
     1074624          256         226.394    550207488     68775936
     1074624          512         416.678   1100414976    137551872
     1181952            1          13.653      2363904       295488
     1181952            2           7.057      4727808       590976
     1181952            4          10.297      9455616      1181952
     1181952            8          15.456     18911232      2363904
     1181952           16          29.438     37822464      4727808
     1181952           32          46.061     75644928      9455616
     1181952           64         103.390    151289856     18911232
     1181952          128         123.645    302579712     37822464
     1181952          256         230.522    605159424     75644928
     1181952          512         466.023   1210318848    151289856
     1300032            1          13.724      2600064       325008
     1300032            2           8.359      5200128       650016
     1300032            4          12.172     10400256      1300032
     1300032            8          17.502     20800512      2600064
     1300032           16          30.647     41601024      5200128
     1300032           32          50.812     83202048     10400256
     1300032           64          88.748    166404096     20800512
     1300032          128         132.838    332808192     41601024
     1300032          256         254.460    665616384     83202048
     1300032          512         522.302   1331232768    166404096
     1430016            1          17.003      2860032       357504
     1430016            2          12.487      5720064       715008
     1430016            4          11.388     11440128      1430016
     1430016            8          17.492     22880256      2860032
     1430016           16          44.469     45760512      5720064
     1430016           32          53.479     91521024     11440128
     1430016           64          92.518    183042048     22880256
     1430016          128         186.437    366084096     45760512
     1430016          256         325.205    732168192     91521024
     1430016          512         649.202   1464336384    183042048
     1572864            1          18.485      3145728       393216
     1572864            2           8.335      6291456       786432
     1572864            4          11.800     12582912      1572864
     1572864            8          19.176     25165824      3145728
     1572864           16          45.766     50331648      6291456
     1572864           32          62.154    100663296     12582912
     1572864           64          99.262    201326592     25165824
     1572864          128         185.250    402653184     50331648
     1572864          256         367.168    805306368    100663296
     1572864          512         627.154   1610612736    201326592
     1730112            1          18.706      3460224       432528
     1730112            2          10.771      6920448       865056
     1730112            4          16.349     13840896      1730112
     1730112            8          22.684     27681792      3460224
     1730112           16          35.096     55363584      6920448
     1730112           32          76.650    110727168     13840896
     1730112           64          92.985    221454336     27681792
     1730112          128         173.314    442908672     55363584
     1730112          256         362.755    885817344    110727168
     1730112          512         670.262   1771634688    221454336
     1903104            1          26.710      3806208       475776
     1903104            2          11.205      7612416       951552
     1903104            4          17.109     15224832      1903104
     1903104            8          26.965     30449664      3806208
     1903104           16          39.911     60899328      7612416
     1903104           32          88.673    121798656     15224832
     1903104           64         127.803    243597312     30449664
     1903104          128         224.085    487194624     60899328
     1903104          256         444.376    974389248    121798656
     1903104          512         840.996   1948778496    243597312
     2093376            1          23.685      4186752       523344
     2093376            2          12.774      8373504      1046688
     2093376            4          17.581     16747008      2093376
     2093376            8          27.388     33494016      4186752
     2093376           16          43.330     66988032      8373504
     2093376           32          87.979    133976064     16747008
     2093376           64         110.838    267952128     33494016
     2093376          128         207.451    535904256     66988032
     2093376          256         430.692   1071808512    133976064
     2093376          512         836.384   2143617024    267952128
     2302656            1          26.402      4605312       575664
     2302656            2          13.382      9210624      1151328
     2302656            4          20.406     18421248      2302656
     2302656            8          32.621     36842496      4605312
     2302656           16          50.331     73684992      9210624
     2302656           32          85.852    147369984     18421248
     2302656           64         120.566    294739968     36842496
     2302656          128         227.337    589479936     73684992
     2302656          256         487.198   1178959872    147369984
     2532864            1          29.985      5065728       633216
     2532864            2          14.529     10131456      1266432
     2532864            4          24.775     20262912      2532864
     2532864            8          34.390     40525824      5065728
     2532864           16          55.052     81051648     10131456
     2532864           32          82.724    162103296     20262912
     2532864           64         149.774    324206592     40525824
     2532864          128         249.448    648413184     81051648
     2532864          256         499.971   1296826368    162103296
     2786112            1          31.991      5572224       696528
     2786112            2          15.113     11144448      1393056
     2786112            4          22.158     22288896      2786112
     2786112            8          35.563     44577792      5572224
     2786112           16          58.823     89155584     11144448
     2786112           32          93.839    178311168     22288896
     2786112           64         146.246    356622336     44577792
     2786112          128         290.183    713244672     89155584
     2786112          256         558.612   1426489344    178311168
     3064704            1          34.702      6129408       766176
     3064704            2          15.032     12258816      1532352
     3064704            4          25.639     24517632      3064704
     3064704            8          38.234     49035264      6129408
     3064704           16          79.061     98070528     12258816
     3064704           32         117.424    196141056     24517632
     3064704           64         187.055    392282112     49035264
     3064704          128         353.307    784564224     98070528
     3064704          256         661.530   1569128448    196141056
     3371136            1          38.612      6742272       842784
     3371136            2          18.052     13484544      1685568
     3371136            4          25.457     26969088      3371136
     3371136            8          51.881     53938176      6742272
     3371136           16          75.528    107876352     13484544
     3371136           32         112.426    215752704     26969088
     3371136           64         226.925    431505408     53938176
     3371136          128         371.522    863010816    107876352
     3371136          256         697.797   1726021632    215752704
     3708096            1          39.183      7416192       927024
     3708096            2          19.013     14832384      1854048
     3708096            4          28.461     29664768      3708096
     3708096            8          41.638     59329536      7416192
     3708096           16          82.514    118659072     14832384
     3708096           32         105.566    237318144     29664768
     3708096           64         242.712    474636288     59329536
     3708096          128         442.364    949272576    118659072
     3708096          256         759.385   1898545152    237318144
     4078848            1          48.528      8157696      1019712
     4078848            2          29.825     16315392      2039424
     4078848            4          44.716     32630784      4078848
     4078848            8          67.846     65261568      8157696
     4078848           16         114.244    130523136     16315392
     4078848           32         225.579    261046272     32630784
     4078848           64         403.154    522092544     65261568
     4078848          128         797.528   1044185088    130523136
     4078848          256        1568.084   2088370176    261046272
     4486656            1          52.142      8973312      1121664
     4486656            2          33.302     17946624      2243328
     4486656            4          46.547     35893248      4486656
     4486656            8          70.660     71786496      8973312
     4486656           16         124.697    143572992     17946624
     4486656           32         238.730    287145984     35893248
     4486656           64         440.414    574291968     71786496
     4486656          128         868.946   1148583936    143572992
     4935168            1          51.762      9870336      1233792
     4935168            2          34.981     19740672      2467584
     4935168            4          49.745     39481344      4935168
     4935168            8          79.053     78962688      9870336
     4935168           16         136.410    157925376     19740672
     4935168           32         250.075    315850752     39481344
     4935168           64         490.196    631701504     78962688
     4935168          128         943.851   1263403008    157925376
     5428608            1          57.961     10857216      1357152
     5428608            2          28.547     21714432      2714304
     5428608            4          41.226     43428864      5428608
     5428608            8          67.788     86857728     10857216
     5428608           16          89.057    173715456     21714432
     5428608           32         150.027    347430912     43428864
     5428608           64         368.935    694861824     86857728
     5428608          128         597.974   1389723648    173715456
     5971392            1          63.556     11942784      1492848
     5971392            2          29.822     23885568      2985696
     5971392            4          44.796     47771136      5971392
     5971392            8          72.958     95542272     11942784
     5971392           16          93.367    191084544     23885568
     5971392           32         164.410    382169088     47771136
     5971392           64         307.733    764338176     95542272
     5971392          128         614.685   1528676352    191084544
     6568512            1          73.093     13137024      1642128
     6568512            2          35.094     26274048      3284256
     6568512            4          46.245     52548096      6568512
     6568512            8          94.862    105096192     13137024
     6568512           16         102.690    210192384     26274048
     6568512           32         177.563    420384768     52548096
     6568512           64         339.979    840769536    105096192
     6568512          128         676.490   1681539072    210192384
     7225344            1          84.329     14450688      1806336
     7225344            2          35.466     28901376      3612672
     7225344            4          50.254     57802752      7225344
     7225344            8          85.408    115605504     14450688
     7225344           16         127.703    231211008     28901376
     7225344           32         196.603    462422016     57802752
     7225344           64         377.494    924844032    115605504
     7225344          128         734.951   1849688064    231211008
     7947840            1          87.225     15895680      1986960
     7947840            2          37.616     31791360      3973920
     7947840            4          53.085     63582720      7947840
     7947840            8          92.565    127165440     15895680
     7947840           16         138.033    254330880     31791360
     7947840           32         214.560    508661760     63582720
     7947840           64         413.581   1017323520    127165440
     7947840          128         822.154   2034647040    254330880
     8742528            1          98.384     17485056      2185632
     8742528            2          40.431     34970112      4371264
     8742528            4          60.733     69940224      8742528
     8742528            8          96.255    139880448     17485056
     8742528           16         149.173    279760896     34970112
     8742528           32         234.413    559521792     69940224
     8742528           64         483.883   1119043584    139880448
     9616704            1         102.412     19233408      2404176
     9616704            2          45.811     38466816      4808352
     9616704            4          66.345     76933632      9616704
     9616704            8         100.408    153867264     19233408
     9616704           16         144.278    307734528     38466816
     9616704           32         256.117    615469056     76933632
     9616704           64         502.110   1230938112    153867264
    10578240            1         116.126     21156480      2644560
    10578240            2          49.526     42312960      5289120
    10578240            4          72.617     84625920     10578240
    10578240            8         104.435    169251840     21156480
    10578240           16         173.608    338503680     42312960
    10578240           32         290.015    677007360     84625920
    10578240           64         541.313   1354014720    169251840
    11635968            1         122.170     23271936      2908992
    11635968            2          53.620     46543872      5817984
    11635968            4          77.922     93087744     11635968
    11635968            8         110.285    186175488     23271936
    11635968           16         175.881    372350976     46543872
    11635968           32         387.521    744701952     93087744
    11635968           64         647.968   1489403904    186175488
    12799488            1         160.356     25598976      3199872
    12799488            2          63.390     51197952      6399744
    12799488            4          84.471    102395904     12799488
    12799488            8         115.783    204791808     25598976
    12799488           16         190.668    409583616     51197952
    12799488           32         352.528    819167232    102395904
    12799488           64         664.754   1638334464    204791808
    14079360            1         155.103     28158720      3519840
    14079360            2          64.271     56317440      7039680
    14079360            4         108.044    112634880     14079360
    14079360            8         127.938    225269760     28158720
    14079360           16         208.044    450539520     56317440
    14079360           32         402.734    901079040    112634880
    14079360           64         747.756   1802158080    225269760
    15487296            1         175.929     30974592      3871824
    15487296            2          87.431     61949184      7743648
    15487296            4         102.985    123898368     15487296
    15487296            8         140.840    247796736     30974592
    15487296           16         229.292    495593472     61949184
    15487296           32         422.565    991186944    123898368
    15487296           64         823.448   1982373888    247796736
    17035968            1         213.350     34071936      4258992
    17035968            2          81.449     68143872      8517984
    17035968            4         114.709    136287744     17035968
    17035968            8         183.126    272575488     34071936
    17035968           16         295.713    545150976     68143872
    17035968           32         517.686   1090301952    136287744
    18739392            1         198.257     37478784      4684848
    18739392            2          89.813     74957568      9369696
    18739392            4         123.686    149915136     18739392
    18739392            8         167.695    299830272     37478784
    18739392           16         287.913    599660544     74957568
    18739392           32         520.107   1199321088    149915136
    20613312            1         229.943     41226624      5153328
    20613312            2         104.394     82453248     10306656
    20613312            4         153.682    164906496     20613312
    20613312            8         218.764    329812992     41226624
    20613312           16         376.027    659625984     82453248
    20613312           32         605.639   1319251968    164906496
    22674624            1         247.006     45349248      5668656
    22674624            2         112.732     90698496     11337312
    22674624            4         164.598    181396992     22674624
    22674624            8         258.570    362793984     45349248
    22674624           16         397.277    725587968     90698496
    22674624           32         665.268   1451175936    181396992
    24941952            1         240.824     49883904      6235488
    24941952            2         121.244     99767808     12470976
    24941952            4         195.602    199535616     24941952
    24941952            8         262.923    399071232     49883904
    24941952           16         430.741    798142464     99767808
    24941952           32         693.078   1596284928    199535616
    27436032            1         204.581     54872064      6859008
    27436032            2         132.621    109744128     13718016
    27436032            4         211.217    219488256     27436032
    27436032            8         296.528    438976512     54872064
    27436032           16         467.019    877953024    109744128
    27436032           32         839.047   1755906048    219488256
    30179520            1         147.762     60359040      7544880
    30179520            2         142.801    120718080     15089760
    30179520            4         216.128    241436160     30179520
    30179520            8         356.279    482872320     60359040
    30179520           16         611.492    965744640    120718080
    30179520           32        1081.575   1931489280    241436160
    33197376            1         183.387     66394752      8299344
    33197376            2         173.662    132789504     16598688
    33197376            4         228.183    265579008     33197376
    33197376            8         364.291    531158016     66394752
    33197376           16         672.926   1062316032    132789504
    33197376           32        1157.946   2124632064    265579008
    36517056            1         209.694     73034112      9129264
    36517056            2         183.095    146068224     18258528
    36517056            4         268.128    292136448     36517056
    36517056            8         448.756    584272896     73034112
    36517056           16         726.589   1168545792    146068224
    40168704            1         243.919     80337408     10042176
    40168704            2         220.047    160674816     20084352
    40168704            4         274.607    321349632     40168704
    40168704            8         485.034    642699264     80337408
    40168704           16         810.190   1285398528    160674816
    44185536            1         249.008     88371072     11046384
    44185536            2         265.996    176742144     22092768
    44185536            4         331.801    353484288     44185536
    44185536            8         513.032    706968576     88371072
    44185536           16         864.321   1413937152    176742144
    48604032            1         274.776     97208064     12151008
    48604032            2         322.191    194416128     24302016
    48604032            4         377.501    388832256     48604032
    48604032            8         588.502    777664512     97208064
    48604032           16        1011.605   1555329024    194416128
    53464320            1         317.923    106928640     13366080
    53464320            2         399.923    213857280     26732160
    53464320            4         421.552    427714560     53464320
    53464320            8         713.171    855429120    106928640
    53464320           16        1267.693   1710858240    213857280
    58810752            1         361.058    117621504     14702688
    58810752            2         423.073    235243008     29405376
    58810752            4         591.307    470486016     58810752
    58810752            8         868.205    940972032    117621504
    58810752           16        1594.504   1881944064    235243008
    64691712            1         431.778    129383424     16172928
    64691712            2         533.172    258766848     32345856
    64691712            4         649.706    517533696     64691712
    64691712            8        1069.276   1035067392    129383424
    64691712           16        1939.605   2070134784    258766848
    71160768            1         481.908    142321536     17790192
    71160768            2         669.066    284643072     35580384
    71160768            4         818.636    569286144     71160768
    71160768            8        1441.037   1138572288    142321536
    78276672            1         530.943    156553344     19569168
    78276672            2         845.760    313106688     39138336
    78276672            4        1149.208    626213376     78276672
    78276672            8        1886.849   1252426752    156553344
    86104320            1         629.596    172208640     21526080
    86104320            2        1043.685    344417280     43052160
    86104320            4        1425.178    688834560     86104320
    86104320            8        2339.718   1377669120    172208640
    94714752            1         707.319    189429504     23678688
    94714752            2        1264.382    378859008     47357376
    94714752            4        1792.091    757718016     94714752
    94714752            8        2980.237   1515436032    189429504
   104186112            1         802.284    208372224     26046528
   104186112            2        1471.203    416744448     52093056
   104186112            4        2137.626    833488896    104186112
   104186112            8        3576.175   1666977792    208372224
   114604608            1         905.298    229209216     28651152
   114604608            2        1673.564    458418432     57302304
   114604608            4        2507.094    916836864    114604608
   114604608            8        4172.262   1833673728    229209216
   126064896            1        1044.075    252129792     31516224
   126064896            2        1915.157    504259584     63032448
   126064896            4        2882.255   1008519168    126064896
   126064896            8        4826.771   2017038336    252129792
   138671232            1        1174.683    277342464     34667808
   138671232            2        2245.157    554684928     69335616
   138671232            4        3327.614   1109369856    138671232
   152538240            1        1303.723    305076480     38134560
   152538240            2        2595.156    610152960     76269120
   152538240            4        3813.002   1220305920    152538240
   167792064            1        1469.444    335584128     41948016
   167792064            2        2951.805    671168256     83896032
   167792064            4        4316.317   1342336512    167792064
   184571136            1        1676.698    369142272     46142784
   184571136            2        3316.248    738284544     92285568
   184571136            4        4896.251   1476569088    184571136
   203028096            1        1892.453    406056192     50757024
   203028096            2        3684.341    812112384    101514048
   203028096            4        5491.980   1624224768    203028096
   223330752            1        2120.149    446661504     55832688
   223330752            2        4104.930    893323008    111665376
   223330752            4        6165.468   1786646016    223330752
   245663808            1        2340.722    491327616     61415952
   245663808            2        4585.089    982655232    122831904
   245663808            4        6935.047   1965310464    245663808
   270230016            1        2636.508    540460032     67557504
   270230016            2        5168.376   1080920064    135115008
   297252864            1        2877.758    594505728     74313216
   297252864            2        5722.637   1189011456    148626432
   326978112            1        3204.713    653956224     81744528
   326978112            2        6355.292   1307912448    163489056
   359675904            1        3568.447    719351808     89918976
   359675904            2        7101.411   1438703616    179837952
   395643456            1        3949.735    791286912     98910864
   395643456            2        7916.990   1582573824    197821728
   435207744            1        4470.836    870415488    108801936
   435207744            2        8755.541   1740830976    217603872
   478728384            1        4900.546    957456768    119682096
   478728384            2        9784.915   1914913536    239364192
   526601088            1        5399.151   1053202176    131650272
   526601088            2       10813.984   2106404352    263300544
   579261120            1        5992.564   1158522240    144815280
   637187136            1        6601.153   1274374272    159296784
   700905792            1        7341.188   1401811584    175226448
   770996352            1        8195.547   1541992704    192749088
   848095872            1        8924.700   1696191744    212023968
   932905344            1        9864.069   1865810688    233226336
  1026195840            1       10856.687   2052391680    256548960

META_DATA
FLOPS          2
MPI_PROCS      1
OPENMP_THREADS 24
ERT_VERSION  1.1.0
HOSTNAME  ('dp-cn26.deep', [], ['10.2.9.126'])
UNAME  uname_result(system='Linux', node='dp-cn26', release='4.18.0-513.24.1.el8_9.x86_64', version='#1 SMP Thu Apr 4 18:13:02 UTC 2024', machine='x86_64')
TIMESTAMP_DATA  1713441561.0179434
CONFIG  {'ERT_RESULTS': ['Results.cn.deep.fz-juelich.de.01.gcc2023-O3-only'], 'ERT_DRIVER': ['driver1'], 'ERT_KERNEL': ['kernel1'], 'ERT_MPI': ['True'], 'ERT_MPI_CFLAGS': ['-I', '/p/software/deep/stages/2023/software/psmpi/5.9.2-1-GCC-11.3.0/include'], 'ERT_MPI_LDFLAGS': ['-L', '/p/software/deep/stages/2023/software/psmpi/5.9.2-1-GCC-11.3.0/lib', '-lmpi'], 'ERT_OPENMP': ['True'], 'ERT_OPENMP_CFLAGS': ['-fopenmp'], 'ERT_OPENMP_LDFLAGS': ['-fopenmp'], 'ERT_FLOPS': ['1,2,4,8,16,64,128'], 'ERT_ALIGN': ['64'], 'ERT_CC': ['mpicxx'], 'ERT_CFLAGS': ['-g', '-O3'], 'ERT_LD': ['mpicxx'], 'ERT_LDFLAGS': [], 'ERT_LDLIBS': [], 'ERT_PRECISION': ['FP64'], 'ERT_RUN': ['export', 'OMP_NUM_THREADS=ERT_OPENMP_THREADS;', 'export', 'OMP_PLACES="cores(ERT_OPENMP_THREADS)";', 'srun', '-p', 'dp-cn', '-n', 'ERT_MPI_PROCS', '-c', '48', '--ntasks-per-node', '1', 'ERT_CODE'], 'ERT_PROCS_THREADS': ['24'], 'ERT_MPI_PROCS': ['1'], 'ERT_OPENMP_THREADS': ['24'], 'ERT_NUM_EXPERIMENTS': ['5'], 'ERT_MEMORY_MAX': ['1073741824'], 'ERT_WORKING_SET_MIN': ['128'], 'ERT_TRIALS_MIN': ['1'], 'ERT_GNUPLOT': ['gnuplot'], 'ERT_GPU': [False], 'ERT_HIP': [False], 'ERT_OCL': [False], 'ERT_SYCL': [False], 'ERT_WSS_MULT': [1.1]}
