fp64
 24576 32768 399.916 404.777 417.879 3854.2562224950284 3979.012483416795 4027.3775892937515 240.89101390593927 248.6882802135497 251.71109933085947
 26880 32768 490.475 494.258 508.329 3465.487273006262 3564.146012811123 3591.6360263010347 216.59295456289138 222.7591258006952 224.47725164381467
 29568 32768 468.127 483.007 483.236 4009.9836270476535 4011.884813263576 4139.407571022393 250.62397669047834 250.7428008289735 258.7129731888996
 32448 32768 504.891 509.027 534.167 3980.9874589781843 4177.60183251576 4211.82419175624 248.81171618613652 261.100114532235 263.239011984765
 35520 16384 269.426 274.603 290.245 4010.1271684266735 4238.5529655539085 4319.996436869494 250.6329480266671 264.9095603471193 269.99977730434335
 38976 16384 290.085 293.539 308.779 4136.1801417842535 4350.922936986227 4402.728745023011 258.51125886151584 271.9326835616392 275.17054656393816
 42816 16384 318.429 335.475 337.176 4161.015873015873 4182.113981667784 4405.98905250464 260.06349206349205 261.3821238542365 275.37431578154
 47040 16384 338.847 341.082 361.171 4267.803118190553 4519.167590198252 4548.975555339135 266.73769488690954 282.44797438739073 284.31097220869594
 51648 16384 367.451 369.506 382.263 4427.322717605418 4580.173702186162 4605.788701078511 276.7076698503386 286.2608563866351 287.8617938174069
 56640 16384 398.75 412.585 733.764 2529.3957185143995 4498.41734430481 4654.494094043887 158.08723240714997 281.15108401905064 290.90588087774296
 62208 16384 458.806 465.237 475.493 4286.985810516663 4381.4910336022285 4442.905594085518 267.93661315729145 273.8431896001393 277.68159963034486
 68352 8192 254.194 270.629 349.935 3200.249097689571 4138.060473932948 4405.608189020983 200.0155686055982 258.62877962080927 275.35051181381147
 75072 8192 271.569 276.331 288.56 4262.474521763238 4451.109893569668 4529.160721584569 266.4046576102024 278.19436834810426 283.07254509903555
 82560 8192 298.359 300.277 326.794 4139.191784426886 4504.717444226498 4533.67600776246 258.6994865266804 281.5448402641561 283.3547504851538
 90816 8192 325.573 327.758 342.136 4348.941192975893 4539.719378321811 4570.186544953053 271.8088245609933 283.7324611451132 285.63665905956583
 99840 8192 354.209 367.291 376.062 4349.757646345549 4453.630935688596 4618.116874500648 271.8598528965968 278.35193348053724 288.6323046562905
 109824 8192 390.316 403.297 409.942 4389.295110039957 4461.616168729249 4609.999118662827 274.3309443774973 278.85101054557805 288.12494491642667
 120768 8192 425.013 427.997 436.342 4534.660683592228 4623.076591658353 4655.535035398918 283.4162927245143 288.9422869786471 290.97093971243237
 132672 4096 234.145 240.189 339.816 3198.345645878946 4524.974182831021 4641.777633517691 199.89660286743413 282.8108864269388 290.1111020948557
 145920 4096 253.954 258.463 276.83 4318.089224433768 4624.942989905712 4707.059703725871 269.8805765271105 289.058936869107 294.19123148286695
 160512 4096 282.342 287.021 311.314 4223.755770700964 4581.2477275181955 4657.16862528423 263.98473566881023 286.3279829698872 291.0730390802644
 176448 4096 306.485 312.862 337.5 4282.850417777778 4620.126496666262 4716.256965267468 267.6781511111111 288.7579060416414 294.76606032921677
 193920 4096 332.321 334.58 360.109 4411.421652888431 4748.020323988284 4780.295677974007 275.7138533055269 296.75127024926775 298.76847987337544
 213312 4096 368.364 381.37 397.639 4394.568701762151 4582.038188635708 4743.818353585041 274.66054386013445 286.37738678973176 296.4886470990651
 234624 4096 402.614 405.606 417.933 4598.918506076333 4738.686824159407 4773.902069972729 287.4324066297708 296.1679265099629 298.36887937329556
 258048 4096 445.575 458.109 458.525 4610.28126274467 4614.4677707707115 4744.272492846322 288.1425789215419 288.40423567316947 296.51703080289514
 283776 2048 245.501 252.196 277.429 4189.707982943384 4608.901394153754 4734.589659512589 261.8567489339615 288.05633713460963 295.9118537195368
 312000 2048 268.329 269.011 288.75 4425.807792207792 4750.5566686864095 4762.630949319679 276.612987012987 296.9097917929006 297.6644343324799
 343104 2048 293.557 300.502 317.621 4424.625525390324 4676.68762271133 4787.329152430362 276.53909533689523 292.2929764194581 299.20807202689764
 377280 2048 322.885 325.567 352.329 4386.067794589716 4746.607856447367 4786.034904068012 274.12923716185725 296.66299102796046 299.12718150425076
 414912 2048 353.373 366.852 379.073 4483.2513842980115 4632.60266265415 4809.307875813942 280.2032115186257 289.53766641588436 300.58174223837136
 456384 2048 387.959 397.337 416.671 4486.390615137603 4704.693658028324 4818.418606089819 280.3994134461002 294.0433536267702 301.1511628806137
 501888 2048 427.332 440.071 452.411 4543.950628963487 4671.367229378895 4810.623234393867 283.99691431021796 291.96045183618094 300.6639521496167
 552000 1024 238.745 245.708 267.811 4221.245579905232 4600.9735132759215 4735.160945778969 263.827848744077 287.5608445797451 295.94755911118557
 607104 1024 260.887 264.108 282.112 4407.2885662431945 4707.72938343405 4765.852618183351 275.45553539019966 294.2330864646281 297.86578863645946
 667776 1024 287.275 289.883 307.509 4447.36657463684 4717.783547155232 4760.613516665217 277.9604109148025 294.861471697202 297.53834479157604
 734400 1024 316.868 324.694 337.849 4451.84446305894 4632.211251208831 4746.617518966888 278.24027894118376 289.5132032005519 296.6635949354305
 807744 1024 393.645 406.345 426.057 3882.719241791591 4071.071901955235 4202.4151507068555 242.66995261197442 254.44199387220218 262.65094691917847
 888384 1024 600.851 608.099 608.521 2989.8893086680655 2991.9641900414235 3028.0559273430517 186.8680817917541 186.99776187758897 189.25349545894073
 977088 1024 655.172 667.753 672.874 2973.924128440094 2996.731162570591 3054.276165648105 185.87025802750588 187.29569766066194 190.89226035300655
 1074624 512 363.352 377.898 381.682 2883.067516938184 2911.936490799104 3028.509478412118 180.1917198086365 181.996030674944 189.28184240075737
 1181952 512 398.975 414.278 416.03 2909.2105088575345 2921.513688875586 3033.5706447772413 181.8256568035959 182.59460555472413 189.59816529857758
 1300032 512 437.991 442.677 458.319 2904.598692177283 3007.232740801984 3039.406672739851 181.53741826108018 187.952046300124 189.96291704624068
 1430016 512 482.342 494.195 504.679 2901.5203406521773 2963.074057811188 3035.888195512728 181.34502129076108 185.19212861319926 189.7430122195455
 1572864 512 528.748 541.189 546.551 2946.8663235452864 2976.0633272294895 3046.0876182983197 184.1791452215804 186.0039579518431 190.38047614364498
 1730112 512 581.77 593.934 597.284 2966.151258028007 2982.8814110658764 3045.249304708046 185.38445362675043 186.43008819161727 190.32808154425288
 1903104 512 637.587 650.579 656.889 2966.678534729612 2995.452506152212 3056.4903236734754 185.41740842060074 187.21578163451326 191.0306452295922
 2093376 512 702.475 707.819 716.752 2990.737415451928 3028.4818915570227 3051.5207288515603 186.9210884657455 189.28011822231392 190.72004555322252
 2302656 256 388.759 407.149 416.039 2833.7724876754346 2895.6472249716935 3032.623995843183 177.11078047971466 180.97795156073084 189.53899974019893
 2532864 256 426.658 434.048 441.631 2936.4477765374268 2987.748746682395 3039.4985398140902 183.52798603358917 186.7342966676497 189.96865873838064
 2786112 256 470.474 483.543 490.479 2908.3596728911944 2950.077540156718 3032.0258802824387 181.77247955569965 184.37984625979487 189.50161751765242
 3064704 256 516.108 537.46 569.472 2755.4093054619016 2919.5260075168385 3040.3102606431216 172.21308159136885 182.4703754698024 190.0193912901951
 3371136 256 567.464 577.642 587.097 2939.925824863694 2988.0473234286974 3041.640759590035 183.74536405398086 186.7529577142936 190.1025474743772
 3708096 256 624.418 636.521 644.964 2943.6451522875695 2982.690519244456 3040.5035601151794 183.9778220179731 186.4181574527785 190.0314725071987
 4078848 256 684.582 699.869 707.781 2950.5880717340538 2983.94438959291 3050.577105445367 184.41175448337836 186.49652434955686 190.66106909033545
 4486656 128 380.12 388.766 397.971 2886.0995801201598 2954.435151222072 3021.635104703778 180.38122375750999 184.6521969513795 188.85219404398612
 4935168 128 418.266 433.163 566.214 2231.3171486399133 2916.6918873495656 3020.5730515987434 139.45732178999458 182.29324295934785 188.78581572492146
 5428608 128 460.357 466.534 673.578 2063.196315794162 2978.826083415142 3018.7955173919368 128.9497697371351 186.17663021344637 188.67471983699605
 5971392 128 520.255 531.146 748.062 2043.5155802593904 2878.071852183769 2938.321307820204 127.7197237662119 179.87949076148556 183.64508173876274
 6568512 128 554.965 569.089 808.481 2079.8745697177797 2954.791029171184 3029.9912102565027 129.99216060736123 184.674439323199 189.37445064103142
 7225344 128 613.928 635.405 904.705 2044.5206603257416 2911.03794272944 3012.874578126425 127.78254127035885 181.93987142059 188.30466113290157
 7947840 128 683.587 687.706 986.047 2063.4381931084417 2958.6000994611063 2976.427345751162 128.9648870692776 184.91250621631914 186.02670910944764
 8742528 64 372.723 375.48 531.398 2105.848317080606 2980.3014381591556 3002.3464717766274 131.6155198175379 186.26883988494723 187.6466544860392
 9616704 64 410.805 424.442 425.799 2890.890096031226 2900.132673015394 2996.404892832366 180.68063100195164 181.25829206346214 187.27530580202287
 10578240 64 449.493 460.872 467.058 2899.0290713358936 2937.9409467270734 3012.3154754356574 181.18931695849335 183.6213091704421 188.2697172147286
 11635968 64 508.277 510.055 514.664 2893.934497069933 2920.0849006479693 2930.2996279587705 180.87090606687082 182.50530629049808 183.14372674742316
 12799488 64 543.126 545.427 558.79 2931.93232520267 3003.7648741261432 3016.490582295821 183.2457703251669 187.73530463288395 188.5306613934888
 14079360 64 597.63 599.347 616.019 2925.491064398988 3006.8692760621147 3015.5080568244566 182.84319152493674 187.92932975388217 188.46925355152854
 15487296 64 657.727 672.771 679.456 2917.5897894786413 2946.5804679452594 3013.9767532730143 182.34936184241508 184.16127924657872 188.3735470795634
 17035968 32 371.423 375.933 390.302 2793.482872237395 2900.2560349849573 2935.472364393158 174.5926795148372 181.26600218655983 183.46702277457237
 18739392 32 405.357 406.463 433.606 2765.9236449680125 2950.6279489153994 2958.6786166268253 172.87022781050078 184.41424680721246 184.91741353917658
 20613312 32 446.239 447.212 471.993 2795.06680819419 2949.947604268222 2956.379805440583 174.69167551213687 184.3717252667639 184.77373784003643
 22674624 32 494.391 514.697 524.818 2765.103209112492 2819.476188903374 2935.279841259246 172.81895056953076 176.21726180646087 183.45499007870288
 24941952 32 551.865 568.169 584.304 2731.9424956871767 2809.524856160755 2892.5279334619877 170.74640598044854 175.5953035100472 180.78299584137423
 27436032 32 678.165 705.31 711.699 2467.203196857098 2489.5521798925297 2589.2018137179 154.20019980356864 155.5970112432831 161.82511335736876
 30179520 32 872.444 876.235 883.953 2185.058798375027 2204.305100800584 2213.883389650224 136.5661748984392 137.7690688000365 138.367711853139
 33197376 32 1064.792 1071.386 1075.015 1976.3743426835902 1983.068720330488 1995.3493865468563 123.52339641772438 123.9417950206555 124.70933665917852
 36517056 16 670.067 672.346 673.418 1735.245853244196 1738.0125590097955 1743.923804634462 108.45286582776225 108.62578493811222 108.99523778965387
 40168704 16 745.336 758.034 758.67 1694.2788406026336 1695.7003617251996 1724.589350306439 105.8924275376646 105.98127260782498 107.78683439415244
 44185536 16 837.703 841.275 853.493 1656.64762569816 1680.7074404921102 1687.874046052121 103.540476606135 105.04421503075689 105.49212787825756
 48604032 16 922.944 935.319 1132.786 1373.012222961795 1662.886163971864 1685.182442271687 85.81326393511219 103.9303852482415 105.32390264198044
 53464320 16 1059.582 1094.921 1492.441 1146.348994700628 1562.5403476597855 1614.6539295684524 71.64681216878925 97.6587717287366 100.91587059802828
 58810752 16 1327.89 1349.067 1937.552 971.2999000801011 1394.9967377454195 1417.2439464112235 60.70624375500632 87.18729610908872 88.57774665070147
 64691712 16 1547.371 1596.077 2522.435 820.6890500647193 1297.0143570767575 1337.8399776136428 51.29306562904495 81.06339731729734 83.61499860085267
 71160768 8 1119.371 1168.142 1790.653 635.8419459269886 974.6865432455985 1017.1536407500283 39.74012162043679 60.917908952849906 63.57210254687677
 78276672 8 1591.923 1630.249 2114.172 592.395865615475 768.2426132449706 786.7382731451207 37.02474160096719 48.01516332781066 49.171142071570046
 86104320 8 2098.744 2212.101 2458.786 560.3046056061812 622.7876213608691 656.4255192629496 35.019037850386326 38.92422633505432 41.02659495393435
 94714752 8 2647.124 2705.577 2847.094 532.2746744575346 560.1156544426567 572.4839607060342 33.26716715359591 35.007228402666044 35.780247544127135
 104186112 8 3188.962 3246.105 3341.043 498.9393407986667 513.5316916735595 522.7336644337562 31.18370879991667 32.09573072959747 32.67085402710976
 114604608 8 3743.57 3885.145 3999.688 458.45419142693123 471.9704742036655 489.81953803454985 28.653386964183202 29.498154637729094 30.613721127159366
 126064896 8 4417.942 4497.127 4690.328 430.0420644355789 448.51709458060674 456.55609240682656 26.87762902722368 28.03231841128792 28.53475577542666
 138671232 4 3059.995 3117.682 3254.373 340.88589599286865 355.83162618894426 362.5397610126814 21.30536849955429 22.239476636809016 22.65873506329259
 152538240 4 3539.499 3607.706 3660.71 333.352251339221 338.24982412646705 344.76797987511793 20.834515708701314 21.14061400790419 21.54799874219487
 167792064 4 4002.221 4117.004 4159.411 322.72273934939346 326.0469292718686 335.39789831695947 20.17017120933709 20.377933079491786 20.962368644809967
 184571136 4 4590.404 4679.935 4750.041 310.85396694470637 315.51059747624697 321.6642996999828 19.428372934044148 19.719412342265436 20.104018731248924
 203028096 4 5213.527 5351.916 5356.886 303.20316094088986 303.48472733876986 311.5404922617644 18.950197558805616 18.967795458673116 19.471280766360277
 223330752 4 5913.449 5974.498 6065.521 294.55771664132396 299.0453785405904 302.1326498292283 18.409857290082748 18.6903361587869 18.883290614326768
 245663808 4 6604.234 6691.876 6809.893 288.59637941447835 293.6860252640665 297.58340846190487 18.037273713404897 18.355376579004155 18.598963028869054
 270230016 2 4968.048 5084.315 5160.104 209.4764105529656 212.59895659493955 217.5744002473406 13.09227565956035 13.287434787183722 13.598400015458788
 297252864 2 5575.235 5657.706 6278.325 189.38354672623672 210.15787246633175 213.26660777527766 11.836471670389795 13.134867029145735 13.329162985954854
 326978112 2 6265.242 6334.092 6710.846 194.89531543414944 206.4877567297728 208.75689207216575 12.18095721463434 12.9054847956108 13.04730575451036
 359675904 2 6989.131 7056.816 7226.178 199.09606655136366 203.87432745872925 205.848712236185 12.443504159460229 12.742145466170578 12.865544514761563
 395643456 2 7781.858 7819.525 8083.323 195.78257902102885 202.38746266557115 203.36709099549233 12.236411188814303 12.649216416598197 12.71044318721827
 435207744 2 8656.863 8708.714 8913.678 195.29884027670735 199.89529751465028 201.0925870029363 12.20617751729421 12.493456094665643 12.56828668768352
 478728384 2 9650.139 9705.745 9831.513 194.77302588116396 197.2969139411761 198.43377758600164 12.173314117572748 12.331057121323505 12.402111099125102
 526601088 2 10672.373 10767.944 10809.431 194.86727395734334 195.6180633926031 197.3698213134043 12.179204622333959 12.226128962037693 12.335613832087768
 579261120 1 5972.811 6016.074 6042.709 191.72232851193067 192.5711419108209 193.9659969150204 11.982645531995667 12.035696369426306 12.122874807188776
 637187136 1 6583.711 6626.093 6645.491 191.7652543657045 192.32665041073224 193.56473453953248 11.98532839785653 12.020415650670765 12.09779590872078
 700905792 1 7302.422 7337.317 7378.231 189.99291076682204 191.05234024916737 191.96529370666337 11.874556922926377 11.94077126557296 11.99783085666646
 770996352 1 8000.337 8088.448 8114.806 190.02212794735942 190.64135715529113 192.74096878668988 11.876382996709964 11.915084822205696 12.046310549168117
 848095872 1 8879.447 9214.293 9588.962 176.8900266785915 184.08267937648608 191.02447979023918 11.05562666741197 11.50516746103038 11.939029986889949
 932905344 1 9785.559 9848.152 9910.108 188.27349691849977 189.45794987729676 190.66981130050928 11.767093557406236 11.841121867331047 11.91686320628183
 1026195840 1 10866.696 10879.726 10963.616 187.20025217957286 188.64369194591848 188.86989016716763 11.700015761223304 11.790230746619905 11.804368135447977
 
META_DATA
 FLOPS          1
 MPI_PROCS      1
 OPENMP_THREADS 24
 ERT_VERSION  1.1.0
 HOSTNAME  ('deepv.deep', [], ['10.2.8.6'])
 UNAME  uname_result(system='Linux', node='deepv', release='4.18.0-513.24.1.el8_9.x86_64', version='#1 SMP Thu Apr 4 18:13:02 UTC 2024', machine='x86_64')
 TIMESTAMP_DATA  1713372723.817236
 CONFIG  {'ERT_RESULTS': ['Results.cn.deep.fz-juelich.de.01.gcc2023-O3-fastmath'], 'ERT_DRIVER': ['driver1'], 'ERT_KERNEL': ['kernel1'], 'ERT_MPI': ['True'], 'ERT_MPI_CFLAGS': ['-I', '/p/software/deep/stages/2023/software/psmpi/5.9.2-1-GCC-11.3.0/include'], 'ERT_MPI_LDFLAGS': ['-L', '/p/software/deep/stages/2023/software/psmpi/5.9.2-1-GCC-11.3.0/lib', '-lmpi'], 'ERT_OPENMP': ['True'], 'ERT_OPENMP_CFLAGS': ['-fopenmp'], 'ERT_OPENMP_LDFLAGS': ['-fopenmp'], 'ERT_FLOPS': ['1,2,4,8,16,64,128'], 'ERT_ALIGN': ['64'], 'ERT_CC': ['mpicxx'], 'ERT_CFLAGS': ['-g', '-O3', '-mavx'], 'ERT_LD': ['mpicxx'], 'ERT_LDFLAGS': [], 'ERT_LDLIBS': [], 'ERT_PRECISION': ['FP64'], 'ERT_RUN': ['export', 'OMP_NUM_THREADS=ERT_OPENMP_THREADS;', 'export', 'OMP_PLACES="cores(ERT_OPENMP_THREADS)";', 'srun', '-p', 'dp-cn', '-n', 'ERT_MPI_PROCS', '-c', '48', '--ntasks-per-node', '1', 'ERT_CODE'], 'ERT_PROCS_THREADS': ['24'], 'ERT_MPI_PROCS': ['1'], 'ERT_OPENMP_THREADS': ['24'], 'ERT_NUM_EXPERIMENTS': ['5'], 'ERT_MEMORY_MAX': ['1073741824'], 'ERT_WORKING_SET_MIN': ['128'], 'ERT_TRIALS_MIN': ['1'], 'ERT_GNUPLOT': ['gnuplot'], 'ERT_GPU': [False], 'ERT_HIP': [False], 'ERT_OCL': [False], 'ERT_SYCL': [False], 'ERT_WSS_MULT': [1.1]}
 TIMESTAMP_DATA  1713372780.017721
 TIMESTAMP_DATA  1713372871.5154366
 TIMESTAMP_DATA  1713372958.5518782
 TIMESTAMP_DATA  1713373051.6613042
 