srun: job 501138 queued and waiting for resources
srun: job 501138 has been allocated resources
fp64
       24576            1           2.483        49152         3072
       24576            2           4.951        98304         6144
       24576            4           4.365       196608        12288
       24576            8           3.513       393216        24576
       24576           16           4.245       786432        49152
       24576           32           3.339      1572864        98304
       24576           64           5.312      3145728       196608
       24576          128           8.105      6291456       393216
       24576          256           5.994     12582912       786432
       24576          512          11.574     25165824      1572864
       24576         1024          17.920     50331648      3145728
       24576         2048          36.741    100663296      6291456
       24576         4096          64.398    201326592     12582912
       24576         8192         104.186    402653184     25165824
       24576        16384         203.444    805306368     50331648
       24576        32768         417.879   1610612736    100663296
       26880            1           3.211        53760         3360
       26880            2           5.696       107520         6720
       26880            4           8.643       215040        13440
       26880            8          19.586       430080        26880
       26880           16           6.197       860160        53760
       26880           32           4.719      1720320       107520
       26880           64           4.069      3440640       215040
       26880          128           7.296      6881280       430080
       26880          256           8.063     13762560       860160
       26880          512          13.339     27525120      1720320
       26880         1024          28.521     55050240      3440640
       26880         2048          48.984    110100480      6881280
       26880         4096          86.101    220200960     13762560
       26880         8192         126.729    440401920     27525120
       26880        16384         247.718    880803840     55050240
       26880        32768         494.258   1761607680    110100480
       29568            1           2.846        59136         3696
       29568            2          22.305       118272         7392
       29568            4           2.771       236544        14784
       29568            8           4.093       473088        29568
       29568           16           4.610       946176        59136
       29568           32           4.480      1892352       118272
       29568           64           4.970      3784704       236544
       29568          128           6.347      7569408       473088
       29568          256           7.001     15138816       946176
       29568          512          13.647     30277632      1892352
       29568         1024          22.559     60555264      3784704
       29568         2048          38.229    121110528      7569408
       29568         4096          63.180    242221056     15138816
       29568         8192         121.939    484442112     30277632
       29568        16384         253.468    968884224     60555264
       29568        32768         468.127   1937768448    121110528
       32448            1           3.134        64896         4056
       32448            2           3.957       129792         8112
       32448            4           4.520       259584        16224
       32448            8           2.971       519168        32448
       32448           16           3.945      1038336        64896
       32448           32           3.972      2076672       129792
       32448           64           5.439      4153344       259584
       32448          128           6.086      8306688       519168
       32448          256           8.462     16613376      1038336
       32448          512          14.998     33226752      2076672
       32448         1024          24.754     66453504      4153344
       32448         2048          47.490    132907008      8306688
       32448         4096          69.292    265814016     16613376
       32448         8192         131.744    531628032     33226752
       32448        16384         254.964   1063256064     66453504
       32448        32768         534.167   2126512128    132907008
       35520            1           3.270        71040         4440
       35520            2          14.324       142080         8880
       35520            4           4.492       284160        17760
       35520            8           9.575       568320        35520
       35520           16           5.322      1136640        71040
       35520           32           5.145      2273280       142080
       35520           64           4.468      4546560       284160
       35520          128           5.453      9093120       568320
       35520          256           9.461     18186240      1136640
       35520          512          15.543     36372480      2273280
       35520         1024          25.706     72744960      4546560
       35520         2048          64.431    145489920      9093120
       35520         4096          72.818    290979840     18186240
       35520         8192         138.680    581959680     36372480
       35520        16384         271.391   1163919360     72744960
       38976            1           3.525        77952         4872
       38976            2           4.210       155904         9744
       38976            4          15.711       311808        19488
       38976            8           4.192       623616        38976
       38976           16           4.239      1247232        77952
       38976           32           4.176      2494464       155904
       38976           64           5.614      4988928       311808
       38976          128           5.676      9977856       623616
       38976          256           9.314     19955712      1247232
       38976          512          15.874     39911424      2494464
       38976         1024          32.215     79822848      4988928
       38976         2048          42.367    159645696      9977856
       38976         4096          79.208    319291392     19955712
       38976         8192         149.387    638582784     39911424
       38976        16384         292.325   1277165568     79822848
       42816            1           4.810        85632         5352
       42816            2          19.476       171264        10704
       42816            4          13.980       342528        21408
       42816            8           8.736       685056        42816
       42816           16           5.907      1370112        85632
       42816           32           3.703      2740224       171264
       42816           64           4.940      5480448       342528
       42816          128           8.646     10960896       685056
       42816          256           8.686     21921792      1370112
       42816          512          16.539     43843584      2740224
       42816         1024          30.894     87687168      5480448
       42816         2048          49.133    175374336     10960896
       42816         4096          83.789    350748672     21921792
       42816         8192         164.708    701497344     43843584
       42816        16384         335.856   1402994688     87687168
       47040            1           2.214        94080         5880
       47040            2           5.119       188160        11760
       47040            4          21.097       376320        23520
       47040            8           3.877       752640        47040
       47040           16           4.584      1505280        94080
       47040           32           5.224      3010560       188160
       47040           64           4.719      6021120       376320
       47040          128           4.980     12042240       752640
       47040          256           9.611     24084480      1505280
       47040          512          21.028     48168960      3010560
       47040         1024          30.249     96337920      6021120
       47040         2048          53.458    192675840     12042240
       47040         4096         108.448    385351680     24084480
       47040         8192         172.297    770703360     48168960
       47040        16384         338.847   1541406720     96337920
       51648            1           4.327       103296         6456
       51648            2           4.132       206592        12912
       51648            4           5.408       413184        25824
       51648            8           3.477       826368        51648
       51648           16           3.650      1652736       103296
       51648           32           5.492      3305472       206592
       51648           64           6.810      6610944       413184
       51648          128           7.159     13221888       826368
       51648          256          12.246     26443776      1652736
       51648          512          22.493     52887552      3305472
       51648         1024          37.885    105775104      6610944
       51648         2048          53.426    211550208     13221888
       51648         4096          97.979    423100416     26443776
       51648         8192         200.776    846200832     52887552
       51648        16384         367.451   1692401664    105775104
       56640            1           3.739       113280         7080
       56640            2          12.480       226560        14160
       56640            4          15.160       453120        28320
       56640            8          11.985       906240        56640
       56640           16           4.632      1812480       113280
       56640           32           4.388      3624960       226560
       56640           64           4.741      7249920       453120
       56640          128           6.014     14499840       906240
       56640          256          12.771     28999680      1812480
       56640          512          22.309     57999360      3624960
       56640         1024          44.486    115998720      7249920
       56640         2048          56.493    231997440     14499840
       56640         4096         106.763    463994880     28999680
       56640         8192         211.072    927989760     57999360
       56640        16384         420.760   1855979520    115998720
       62208            1           4.557       124416         7776
       62208            2          13.826       248832        15552
       62208            4           4.579       497664        31104
       62208            8           4.603       995328        62208
       62208           16           4.409      1990656       124416
       62208           32           6.369      3981312       248832
       62208           64           5.403      7962624       497664
       62208          128           9.498     15925248       995328
       62208          256          13.905     31850496      1990656
       62208          512          26.390     63700992      3981312
       62208         1024          48.469    127401984      7962624
       62208         2048          63.522    254803968     15925248
       62208         4096         120.846    509607936     31850496
       62208         8192         238.150   1019215872     63700992
       62208        16384         474.676   2038431744    127401984
       68352            1           3.628       136704         8544
       68352            2          18.126       273408        17088
       68352            4           5.179       546816        34176
       68352            8           5.331      1093632        68352
       68352           16           3.166      2187264       136704
       68352           32           5.329      4374528       273408
       68352           64           4.987      8749056       546816
       68352          128          12.053     17498112      1093632
       68352          256          14.972     34996224      2187264
       68352          512          29.802     69992448      4374528
       68352         1024          45.724    139984896      8749056
       68352         2048          90.313    279969792     17498112
       68352         4096         196.842    559939584     34996224
       68352         8192         349.935   1119879168     69992448
       75072            1           3.811       150144         9384
       75072            2           4.320       300288        18768
       75072            4           7.968       600576        37536
       75072            8           3.598      1201152        75072
       75072           16           4.422      2402304       150144
       75072           32           4.753      4804608       300288
       75072           64           5.213      9609216       600576
       75072          128           8.775     19218432      1201152
       75072          256          16.286     38436864      2402304
       75072          512          29.855     76873728      4804608
       75072         1024          48.572    153747456      9609216
       75072         2048          72.948    307494912     19218432
       75072         4096         140.461    614989824     38436864
       75072         8192         279.240   1229979648     76873728
       82560            1           2.202       165120        10320
       82560            2           5.047       330240        20640
       82560            4           5.508       660480        41280
       82560            8          19.959      1320960        82560
       82560           16           2.891      2641920       165120
       82560           32           5.152      5283840       330240
       82560           64           5.920     10567680       660480
       82560          128           9.083     21135360      1320960
       82560          256          17.469     42270720      2641920
       82560          512          32.115     84541440      5283840
       82560         1024          50.493    169082880     10567680
       82560         2048          81.865    338165760     21135360
       82560         4096         156.740    676331520     42270720
       82560         8192         298.999   1352663040     84541440
       90816            1           2.811       181632        11352
       90816            2           3.975       363264        22704
       90816            4           4.419       726528        45408
       90816            8           3.926      1453056        90816
       90816           16           6.282      2906112       181632
       90816           32           5.373      5812224       363264
       90816           64           5.901     11624448       726528
       90816          128          11.438     23248896      1453056
       90816          256          18.991     46497792      2906112
       90816          512          30.752     92995584      5812224
       90816         1024          56.334    185991168     11624448
       90816         2048          85.754    371982336     23248896
       90816         4096         166.835    743964672     46497792
       90816         8192         342.136   1487929344     92995584
       99840            1           4.329       199680        12480
       99840            2           4.364       399360        24960
       99840            4          11.384       798720        49920
       99840            8           5.200      1597440        99840
       99840           16           5.605      3194880       199680
       99840           32           5.150      6389760       399360
       99840           64           7.939     12779520       798720
       99840          128          10.258     25559040      1597440
       99840          256          21.204     51118080      3194880
       99840          512          41.714    102236160      6389760
       99840         1024          67.236    204472320     12779520
       99840         2048          93.287    408944640     25559040
       99840         4096         179.553    817889280     51118080
       99840         8192         354.209   1635778560    102236160
      109824            1           4.413       219648        13728
      109824            2          18.143       439296        27456
      109824            4          15.096       878592        54912
      109824            8           3.806      1757184       109824
      109824           16           4.615      3514368       219648
      109824           32           4.041      7028736       439296
      109824           64           7.497     14057472       878592
      109824          128          12.939     28114944      1757184
      109824          256          21.653     56229888      3514368
      109824          512          44.075    112459776      7028736
      109824         1024          53.796    224919552     14057472
      109824         2048         104.950    449839104     28114944
      109824         4096         198.142    899678208     56229888
      109824         8192         403.297   1799356416    112459776
      120768            1           4.531       241536        15096
      120768            2          20.542       483072        30192
      120768            4          18.746       966144        60384
      120768            8           4.799      1932288       120768
      120768           16           3.974      3864576       241536
      120768           32           6.207      7729152       483072
      120768           64           6.534     15458304       966144
      120768          128          13.720     30916608      1932288
      120768          256          24.803     61833216      3864576
      120768          512          46.090    123666432      7729152
      120768         1024          59.900    247332864     15458304
      120768         2048         111.223    494665728     30916608
      120768         4096         234.615    989331456     61833216
      120768         8192         427.997   1978662912    123666432
      132672            1           2.353       265344        16584
      132672            2           3.625       530688        33168
      132672            4          14.829      1061376        66336
      132672            8           3.839      2122752       132672
      132672           16           7.330      4245504       265344
      132672           32           8.051      8491008       530688
      132672           64           8.914     16982016      1061376
      132672          128          13.933     33964032      2122752
      132672          256          25.777     67928064      4245504
      132672          512          48.027    135856128      8491008
      132672         1024          64.288    271712256     16982016
      132672         2048         121.262    543424512     33964032
      132672         4096         234.145   1086849024     67928064
      145920            1           4.603       291840        18240
      145920            2          17.674       583680        36480
      145920            4          16.025      1167360        72960
      145920            8           3.892      2334720       145920
      145920           16           5.113      4669440       291840
      145920           32           5.123      9338880       583680
      145920           64           9.271     18677760      1167360
      145920          128          14.913     37355520      2334720
      145920          256          26.666     74711040      4669440
      145920          512          51.198    149422080      9338880
      145920         1024          69.863    298844160     18677760
      145920         2048         132.554    597688320     37355520
      145920         4096         258.463   1195376640     74711040
      160512            1           3.327       321024        20064
      160512            2          17.824       642048        40128
      160512            4          13.863      1284096        80256
      160512            8           4.307      2568192       160512
      160512           16           4.382      5136384       321024
      160512           32           5.909     10272768       642048
      160512           64           7.978     20545536      1284096
      160512          128          15.613     41091072      2568192
      160512          256          29.610     82182144      5136384
      160512          512          46.984    164364288     10272768
      160512         1024          78.405    328728576     20545536
      160512         2048         144.749    657457152     41091072
      160512         4096         311.314   1314914304     82182144
      176448            1           5.462       352896        22056
      176448            2          30.562       705792        44112
      176448            4           4.233      1411584        88224
      176448            8           4.553      2823168       176448
      176448           16           4.181      5646336       352896
      176448           32           9.598     11292672       705792
      176448           64          10.324     22585344      1411584
      176448          128          19.011     45170688      2823168
      176448          256          30.649     90341376      5646336
      176448          512          53.140    180682752     11292672
      176448         1024          81.697    361365504     22585344
      176448         2048         157.132    722731008     45170688
      176448         4096         337.500   1445462016     90341376
      193920            1           5.912       387840        24240
      193920            2           4.200       775680        48480
      193920            4          12.652      1551360        96960
      193920            8           5.573      3102720       193920
      193920           16           4.306      6205440       387840
      193920           32           7.122     12410880       775680
      193920           64          11.751     24821760      1551360
      193920          128          20.913     49643520      3102720
      193920          256          31.309     99287040      6205440
      193920          512          57.594    198574080     12410880
      193920         1024         107.248    397148160     24821760
      193920         2048         178.333    794296320     49643520
      193920         4096         334.000   1588592640     99287040
      213312            1           3.801       426624        26664
      213312            2           4.963       853248        53328
      213312            4          22.440      1706496       106656
      213312            8           4.773      3412992       213312
      213312           16           4.296      6825984       426624
      213312           32          10.136     13651968       853248
      213312           64          10.748     27303936      1706496
      213312          128          19.945     54607872      3412992
      213312          256          39.048    109215744      6825984
      213312          512          51.311    218431488     13651968
      213312         1024         104.204    436862976     27303936
      213312         2048         188.246    873725952     54607872
      213312         4096         380.857   1747451904    109215744
      234624            1           5.327       469248        29328
      234624            2          15.218       938496        58656
      234624            4          12.492      1876992       117312
      234624            8           5.803      3753984       234624
      234624           16           6.668      7507968       469248
      234624           32           8.690     15015936       938496
      234624           64          11.204     30031872      1876992
      234624          128          23.061     60063744      3753984
      234624          256          42.003    120127488      7507968
      234624          512          57.043    240254976     15015936
      234624         1024         113.949    480509952     30031872
      234624         2048         221.250    961019904     60063744
      234624         4096         404.491   1922039808    120127488
      258048            1           5.657       516096        32256
      258048            2           5.372      1032192        64512
      258048            4          16.312      2064384       129024
      258048            8           6.578      4128768       258048
      258048           16           4.644      8257536       516096
      258048           32           7.599     16515072      1032192
      258048           64          12.222     33030144      2064384
      258048          128          25.996     66060288      4128768
      258048          256          48.072    132120576      8257536
      258048          512          66.699    264241152     16515072
      258048         1024         117.136    528482304     33030144
      258048         2048         234.104   1056964608     66060288
      258048         4096         458.148   2113929216    132120576
      283776            1           5.834       567552        35472
      283776            2          18.908      1135104        70944
      283776            4          15.504      2270208       141888
      283776            8           4.232      4540416       283776
      283776           16           5.121      9080832       567552
      283776           32           8.064     18161664      1135104
      283776           64          15.606     36323328      2270208
      283776          128          26.743     72646656      4540416
      283776          256          48.930    145293312      9080832
      283776          512          67.053    290586624     18161664
      283776         1024         126.026    581173248     36323328
      283776         2048         264.083   1162346496     72646656
      312000            1           8.852       624000        39000
      312000            2          14.652      1248000        78000
      312000            4           4.604      2496000       156000
      312000            8           4.509      4992000       312000
      312000           16           6.937      9984000       624000
      312000           32           7.706     19968000      1248000
      312000           64          13.544     39936000      2496000
      312000          128          31.395     79872000      4992000
      312000          256          51.046    159744000      9984000
      312000          512          71.511    319488000     19968000
      312000         1024         163.552    638976000     39936000
      312000         2048         268.790   1277952000     79872000
      343104            1           8.149       686208        42888
      343104            2          13.598      1372416        85776
      343104            4           4.952      2744832       171552
      343104            8           5.797      5489664       343104
      343104           16           7.347     10979328       686208
      343104           32           8.884     21958656      1372416
      343104           64          15.505     43917312      2744832
      343104          128          34.535     87834624      5489664
      343104          256          52.479    175669248     10979328
      343104          512         105.140    351338496     21958656
      343104         1024         151.757    702676992     43917312
      343104         2048         294.757   1405353984     87834624
      377280            1           7.425       754560        47160
      377280            2          17.074      1509120        94320
      377280            4           2.977      3018240       188640
      377280            8           6.930      6036480       377280
      377280           16           8.418     12072960       754560
      377280           32          10.584     24145920      1509120
      377280           64          37.211     48291840      3018240
      377280          128          33.033     96583680      6036480
      377280          256          54.909    193167360     12072960
      377280          512          86.440    386334720     24145920
      377280         1024         166.384    772669440     48291840
      377280         2048         325.567   1545338880     96583680
      414912            1           5.595       829824        51864
      414912            2          18.897      1659648       103728
      414912            4          15.087      3319296       207456
      414912            8           6.104      6638592       414912
      414912           16           7.105     13277184       829824
      414912           32          11.258     26554368      1659648
      414912           64          18.544     53108736      3319296
      414912          128          32.144    106217472      6638592
      414912          256          62.759    212434944     13277184
      414912          512          93.786    424869888     26554368
      414912         1024         180.878    849739776     53108736
      414912         2048         366.852   1699479552    106217472
      456384            1           7.468       912768        57048
      456384            2          14.371      1825536       114096
      456384            4          12.605      3651072       228192
      456384            8           4.680      7302144       456384
      456384           16           6.657     14604288       912768
      456384           32          11.263     29208576      1825536
      456384           64          21.721     58417152      3651072
      456384          128          35.725    116834304      7302144
      456384          256          63.499    233668608     14604288
      456384          512         102.388    467337216     29208576
      456384         1024         200.286    934674432     58417152
      456384         2048         408.368   1869348864    116834304
      501888            1           6.027      1003776        62736
      501888            2          15.341      2007552       125472
      501888            4           4.143      4015104       250944
      501888            8           5.315      8030208       501888
      501888           16           7.482     16060416      1003776
      501888           32          11.410     32120832      2007552
      501888           64          26.515     64241664      4015104
      501888          128          46.148    128483328      8030208
      501888          256          60.945    256966656     16060416
      501888          512         111.663    513933312     32120832
      501888         1024         216.505   1027866624     64241664
      501888         2048         444.063   2055733248    128483328
      552000            1           8.436      1104000        69000
      552000            2           4.569      2208000       138000
      552000            4          15.418      4416000       276000
      552000            8           5.441      8832000       552000
      552000           16          11.807     17664000      1104000
      552000           32          14.082     35328000      2208000
      552000           64          27.599     70656000      4416000
      552000          128          48.439    141312000      8832000
      552000          256          64.520    282624000     17664000
      552000          512         122.231    565248000     35328000
      552000         1024         267.811   1130496000     70656000
      607104            1          10.420      1214208        75888
      607104            2          13.030      2428416       151776
      607104            4           6.118      4856832       303552
      607104            8           5.933      9713664       607104
      607104           16          10.552     19427328      1214208
      607104           32          14.710     38854656      2428416
      607104           64          30.758     77709312      4856832
      607104          128          51.987    155418624      9713664
      607104          256          71.909    310837248     19427328
      607104          512         140.678    621674496     38854656
      607104         1024         282.112   1243348992     77709312
      667776            1           9.839      1335552        83472
      667776            2          15.194      2671104       166944
      667776            4           3.144      5342208       333888
      667776            8           9.611     10684416       667776
      667776           16           9.285     21368832      1335552
      667776           32          15.123     42737664      2671104
      667776           64          35.911     85475328      5342208
      667776          128          54.831    170950656     10684416
      667776          256          78.206    341901312     21368832
      667776          512         173.825    683802624     42737664
      667776         1024         287.275   1367605248     85475328
      734400            1           8.596      1468800        91800
      734400            2          13.746      2937600       183600
      734400            4          16.368      5875200       367200
      734400            8           6.759     11750400       734400
      734400           16          10.156     23500800      1468800
      734400           32          17.135     47001600      2937600
      734400           64          37.142     94003200      5875200
      734400          128          77.842    188006400     11750400
      734400          256          95.068    376012800     23500800
      734400          512         165.129    752025600     47001600
      734400         1024         318.896   1504051200     94003200
      807744            1           9.763      1615488       100968
      807744            2          14.423      3230976       201936
      807744            4          17.507      6461952       403872
      807744            8           6.729     12923904       807744
      807744           16          13.331     25847808      1615488
      807744           32          21.074     51695616      3230976
      807744           64          37.473    103391232      6461952
      807744          128          63.998    206782464     12923904
      807744          256         108.055    413564928     25847808
      807744          512         201.688    827129856     51695616
      807744         1024         406.345   1654259712    103391232
      888384            1          10.857      1776768       111048
      888384            2           5.232      3553536       222096
      888384            4          14.042      7107072       444192
      888384            8           8.481     14214144       888384
      888384           16          15.517     28428288      1776768
      888384           32          26.869     56856576      3553536
      888384           64          49.760    113713152      7107072
      888384          128          76.059    227426304     14214144
      888384          256         160.679    454852608     28428288
      888384          512         320.790    909705216     56856576
      888384         1024         600.851   1819410432    113713152
      977088            1          10.841      1954176       122136
      977088            2          10.664      3908352       244272
      977088            4           6.086      7816704       488544
      977088            8          11.997     15633408       977088
      977088           16          16.837     31266816      1954176
      977088           32          30.294     62533632      3908352
      977088           64          53.048    125067264      7816704
      977088          128          87.237    250134528     15633408
      977088          256         168.342    500269056     31266816
      977088          512         344.280   1000538112     62533632
      977088         1024         655.172   2001076224    125067264
     1074624            1          12.679      2149248       134328
     1074624            2          26.898      4298496       268656
     1074624            4           6.790      8596992       537312
     1074624            8          13.643     17193984      1074624
     1074624           16          16.065     34387968      2149248
     1074624           32          33.308     68775936      4298496
     1074624           64          57.631    137551872      8596992
     1074624          128          94.788    275103744     17193984
     1074624          256         187.018    550207488     34387968
     1074624          512         378.990   1100414976     68775936
     1181952            1          12.070      2363904       147744
     1181952            2          17.309      4727808       295488
     1181952            4           8.159      9455616       590976
     1181952            8          12.746     18911232      1181952
     1181952           16          17.014     37822464      2363904
     1181952           32          34.370     75644928      4727808
     1181952           64          60.764    151289856      9455616
     1181952          128         104.057    302579712     18911232
     1181952          256         202.911    605159424     37822464
     1181952          512         415.117   1210318848     75644928
     1300032            1          16.112      2600064       162504
     1300032            2          18.919      5200128       325008
     1300032            4           7.816     10400256       650016
     1300032            8          12.095     20800512      1300032
     1300032           16          19.476     41601024      2600064
     1300032           32          34.986     83202048      5200128
     1300032           64          85.172    166404096     10400256
     1300032          128         114.567    332808192     20800512
     1300032          256         223.774    665616384     41601024
     1300032          512         442.677   1331232768     83202048
     1430016            1          15.353      2860032       178752
     1430016            2          15.420      5720064       357504
     1430016            4           8.118     11440128       715008
     1430016            8          13.383     22880256      1430016
     1430016           16          20.783     45760512      2860032
     1430016           32          37.885     91521024      5720064
     1430016           64          71.760    183042048     11440128
     1430016          128         124.962    366084096     22880256
     1430016          256         252.361    732168192     45760512
     1430016          512         501.291   1464336384     91521024
     1572864            1          38.066      3145728       196608
     1572864            2           5.141      6291456       393216
     1572864            4           7.900     12582912       786432
     1572864            8          14.780     25165824      1572864
     1572864           16          21.516     50331648      3145728
     1572864           32          61.792    100663296      6291456
     1572864           64          75.844    201326592     12582912
     1572864          128         136.809    402653184     25165824
     1572864          256         276.671    805306368     50331648
     1572864          512         544.426   1610612736    100663296
     1730112            1          19.180      3460224       216264
     1730112            2           6.057      6920448       432528
     1730112            4           9.856     13840896       865056
     1730112            8          14.551     27681792      1730112
     1730112           16          24.889     55363584      3460224
     1730112           32          45.754    110727168      6920448
     1730112           64          81.750    221454336     13840896
     1730112          128         150.706    442908672     27681792
     1730112          256         321.805    885817344     55363584
     1730112          512         581.770   1771634688    110727168
     1903104            1          31.661      3806208       237888
     1903104            2           6.227      7612416       475776
     1903104            4           9.743     15224832       951552
     1903104            8          15.232     30449664      1903104
     1903104           16          30.078     60899328      3806208
     1903104           32          52.005    121798656      7612416
     1903104           64          85.922    243597312     15224832
     1903104          128         168.491    487194624     30449664
     1903104          256         345.350    974389248     60899328
     1903104          512         637.587   1948778496    121798656
     2093376            1          33.115      4186752       261672
     2093376            2           7.887      8373504       523344
     2093376            4           9.510     16747008      1046688
     2093376            8          16.370     33494016      2093376
     2093376           16          31.234     66988032      4186752
     2093376           32          55.916    133976064      8373504
     2093376           64          92.523    267952128     16747008
     2093376          128         180.714    535904256     33494016
     2093376          256         375.692   1071808512     66988032
     2093376          512         702.939   2143617024    133976064
     2302656            1          35.128      4605312       287832
     2302656            2          10.848      9210624       575664
     2302656            4          10.629     18421248      1151328
     2302656            8          19.242     36842496      2302656
     2302656           16          34.961     73684992      4605312
     2302656           32          59.644    147369984      9210624
     2302656           64         102.038    294739968     18421248
     2302656          128         199.744    589479936     36842496
     2302656          256         414.138   1178959872     73684992
     2532864            1          37.010      5065728       316608
     2532864            2           7.375     10131456       633216
     2532864            4          12.166     20262912      1266432
     2532864            8          18.642     40525824      2532864
     2532864           16          36.926     81051648      5065728
     2532864           32          64.799    162103296     10131456
     2532864           64         128.575    324206592     20262912
     2532864          128         216.864    648413184     40525824
     2532864          256         434.048   1296826368     81051648
     2786112            1          39.140      5572224       348264
     2786112            2           8.212     11144448       696528
     2786112            4          12.513     22288896      1393056
     2786112            8          20.018     44577792      2786112
     2786112           16          40.861     89155584      5572224
     2786112           32          69.503    178311168     11144448
     2786112           64         123.263    356622336     22288896
     2786112          128         239.413    713244672     44577792
     2786112          256         490.479   1426489344     89155584
     3064704            1          43.031      6129408       383088
     3064704            2           8.717     12258816       766176
     3064704            4          12.830     24517632      1532352
     3064704            8          23.270     49035264      3064704
     3064704           16          42.463     98070528      6129408
     3064704           32          75.941    196141056     12258816
     3064704           64         153.346    392282112     24517632
     3064704          128         265.895    784564224     49035264
     3064704          256         569.472   1569128448     98070528
     3371136            1          51.465      6742272       421392
     3371136            2           9.019     13484544       842784
     3371136            4          14.617     26969088      1685568
     3371136            8          23.594     53938176      3371136
     3371136           16          45.930    107876352      6742272
     3371136           32          79.944    215752704     13484544
     3371136           64         147.801    431505408     26969088
     3371136          128         305.220    863010816     53938176
     3371136          256         577.642   1726021632    107876352
     3708096            1          51.752      7416192       463512
     3708096            2          10.134     14832384       927024
     3708096            4          15.694     29664768      1854048
     3708096            8          27.223     59329536      3708096
     3708096           16          53.326    118659072      7416192
     3708096           32          84.379    237318144     14832384
     3708096           64         161.466    474636288     29664768
     3708096          128         315.761    949272576     59329536
     3708096          256         644.964   1898545152    118659072
     4078848            1          80.140      8157696       509856
     4078848            2          10.344     16315392      1019712
     4078848            4          19.942     32630784      2039424
     4078848            8          31.003     65261568      4078848
     4078848           16          58.514    130523136      8157696
     4078848           32          94.699    261046272     16315392
     4078848           64         178.015    522092544     32630784
     4078848          128         347.200   1044185088     65261568
     4078848          256         707.781   2088370176    130523136
     4486656            1          76.178      8973312       560832
     4486656            2          11.239     17946624      1121664
     4486656            4          20.484     35893248      2243328
     4486656            8          37.050     71786496      4486656
     4486656           16          61.069    143572992      8973312
     4486656           32         100.458    287145984     17946624
     4486656           64         194.169    574291968     35893248
     4486656          128         388.766   1148583936     71786496
     4935168            1          63.062      9870336       616896
     4935168            2          12.151     19740672      1233792
     4935168            4          22.011     39481344      2467584
     4935168            8          38.691     78962688      4935168
     4935168           16          65.338    157925376      9870336
     4935168           32         110.860    315850752     19740672
     4935168           64         212.786    631701504     39481344
     4935168          128         432.821   1263403008     78962688
     5428608            1          64.066     10857216       678576
     5428608            2          14.590     21714432      1357152
     5428608            4          24.209     43428864      2714304
     5428608            8          40.817     86857728      5428608
     5428608           16          69.469    173715456     10857216
     5428608           32         138.440    347430912     21714432
     5428608           64         277.330    694861824     43428864
     5428608          128         625.470   1389723648     86857728
     5971392            1          74.628     11942784       746424
     5971392            2          16.507     23885568      1492848
     5971392            4          30.171     47771136      2985696
     5971392            8          51.619     95542272      5971392
     5971392           16          98.169    191084544     11942784
     5971392           32         202.657    382169088     23885568
     5971392           64         370.775    764338176     47771136
     5971392          128         748.062   1528676352     95542272
     6568512            1          88.193     13137024       821064
     6568512            2          22.804     26274048      1642128
     6568512            4          31.581     52548096      3284256
     6568512            8          57.584    105096192      6568512
     6568512           16         106.677    210192384     13137024
     6568512           32         230.478    420384768     26274048
     6568512           64         403.316    840769536     52548096
     6568512          128         808.481   1681539072    105096192
     7225344            1          82.853     14450688       903168
     7225344            2          18.169     28901376      1806336
     7225344            4          31.556     57802752      3612672
     7225344            8          69.306    115605504      7225344
     7225344           16          83.367    231211008     14450688
     7225344           32         159.779    462422016     28901376
     7225344           64         308.636    924844032     57802752
     7225344          128         621.298   1849688064    115605504
     7947840            1          93.817     15895680       993480
     7947840            2          19.784     31791360      1986960
     7947840            4          35.030     63582720      3973920
     7947840            8          54.600    127165440      7947840
     7947840           16          92.321    254330880     15895680
     7947840           32         193.143    508661760     31791360
     7947840           64         340.104   1017323520     63582720
     7947840          128         683.587   2034647040    127165440
     8742528            1         100.670     17485056      1092816
     8742528            2          21.611     34970112      2185632
     8742528            4          36.965     69940224      4371264
     8742528            8          64.364    139880448      8742528
     8742528           16         101.656    279760896     17485056
     8742528           32         209.965    559521792     34970112
     8742528           64         372.723   1119043584     69940224
     9616704            1         113.795     19233408      1202088
     9616704            2          42.075     38466816      2404176
     9616704            4          41.264     76933632      4808352
     9616704            8          65.851    153867264      9616704
     9616704           16         112.833    307734528     19233408
     9616704           32         224.064    615469056     38466816
     9616704           64         410.805   1230938112     76933632
    10578240            1         113.569     21156480      1322280
    10578240            2          26.887     42312960      2644560
    10578240            4          44.522     84625920      5289120
    10578240            8          70.764    169251840     10578240
    10578240           16         119.885    338503680     21156480
    10578240           32         239.924    677007360     42312960
    10578240           64         467.058   1354014720     84625920
    11635968            1         134.669     23271936      1454496
    11635968            2          29.595     46543872      2908992
    11635968            4          45.398     93087744      5817984
    11635968            8          97.389    186175488     11635968
    11635968           16         131.810    372350976     23271936
    11635968           32         252.751    744701952     46543872
    11635968           64         508.277   1489403904     93087744
    12799488            1         140.286     25598976      1599936
    12799488            2          31.077     51197952      3199872
    12799488            4          47.486    102395904      6399744
    12799488            8          81.868    204791808     12799488
    12799488           16         147.799    409583616     25598976
    12799488           32         300.226    819167232     51197952
    12799488           64         545.427   1638334464    102395904
    14079360            1         146.314     28158720      1759920
    14079360            2          34.518     56317440      3519840
    14079360            4          52.943    112634880      7039680
    14079360            8          87.979    225269760     14079360
    14079360           16         159.348    450539520     28158720
    14079360           32         309.522    901079040     56317440
    14079360           64         616.019   1802158080    112634880
    15487296            1         181.173     30974592      1935912
    15487296            2          40.630     61949184      3871824
    15487296            4          80.505    123898368      7743648
    15487296            8          93.184    247796736     15487296
    15487296           16         171.896    495593472     30974592
    15487296           32         337.921    991186944     61949184
    15487296           64         672.877   1982373888    123898368
    17035968            1         189.171     34071936      2129496
    17035968            2          46.511     68143872      4258992
    17035968            4          86.112    136287744      8517984
    17035968            8         105.615    272575488     17035968
    17035968           16         189.777    545150976     34071936
    17035968           32         375.933   1090301952     68143872
    18739392            1         194.383     37478784      2342424
    18739392            2          47.150     74957568      4684848
    18739392            4          74.461    149915136      9369696
    18739392            8         112.915    299830272     18739392
    18739392           16         208.769    599660544     37478784
    18739392           32         433.606   1199321088     74957568
    20613312            1         228.187     41226624      2576664
    20613312            2          57.606     82453248      5153328
    20613312            4          80.030    164906496     10306656
    20613312            8         124.799    329812992     20613312
    20613312           16         250.354    659625984     41226624
    20613312           32         447.018   1319251968     82453248
    22674624            1         221.124     45349248      2834328
    22674624            2          73.773     90698496      5668656
    22674624            4         121.607    181396992     11337312
    22674624            8         142.112    362793984     22674624
    22674624           16         252.983    725587968     45349248
    22674624           32         505.013   1451175936     90698496
    24941952            1         225.977     49883904      3117744
    24941952            2          81.735     99767808      6235488
    24941952            4          94.803    199535616     12470976
    24941952            8         153.255    399071232     24941952
    24941952           16         306.029    798142464     49883904
    24941952           32         551.865   1596284928     99767808
    27436032            1         182.351     54872064      3429504
    27436032            2         107.145    109744128      6859008
    27436032            4         119.137    219488256     13718016
    27436032            8         193.546    438976512     27436032
    27436032           16         374.167    877953024     54872064
    27436032           32         678.165   1755906048    109744128
    30179520            1         155.114     60359040      3772440
    30179520            2         130.314    120718080      7544880
    30179520            4         154.395    241436160     15089760
    30179520            8         251.928    482872320     30179520
    30179520           16         471.854    965744640     60359040
    30179520           32         874.465   1931489280    120718080
    33197376            1         179.190     66394752      4149672
    33197376            2         168.739    132789504      8299344
    33197376            4         192.521    265579008     16598688
    33197376            8         307.927    531158016     33197376
    33197376           16         572.535   1062316032     66394752
    33197376           32        1064.792   2124632064    132789504
    36517056            1         188.659     73034112      4564632
    36517056            2         172.297    146068224      9129264
    36517056            4         233.485    292136448     18258528
    36517056            8         364.438    584272896     36517056
    36517056           16         672.274   1168545792     73034112
    40168704            1         208.441     80337408      5021088
    40168704            2         212.051    160674816     10042176
    40168704            4         246.386    321349632     20084352
    40168704            8         413.063    642699264     40168704
    40168704           16         758.134   1285398528     80337408
    44185536            1         229.261     88371072      5523192
    44185536            2         208.814    176742144     11046384
    44185536            4         275.762    353484288     22092768
    44185536            8         459.710    706968576     44185536
    44185536           16         840.803   1413937152     88371072
    48604032            1         236.141     97208064      6075504
    48604032            2         238.133    194416128     12151008
    48604032            4         311.571    388832256     24302016
    48604032            8         522.356    777664512     48604032
    48604032           16         922.944   1555329024     97208064
    53464320            1         293.653    106928640      6683040
    53464320            2         286.592    213857280     13366080
    53464320            4         347.429    427714560     26732160
    53464320            8         594.259    855429120     53464320
    53464320           16        1059.582   1710858240    106928640
    58810752            1         310.123    117621504      7351344
    58810752            2         373.861    235243008     14702688
    58810752            4         432.807    470486016     29405376
    58810752            8         751.286    940972032     58810752
    58810752           16        1327.890   1881944064    117621504
    64691712            1         365.266    129383424      8086464
    64691712            2         478.194    258766848     16172928
    64691712            4         509.173    517533696     32345856
    64691712            8         896.655   1035067392     64691712
    64691712           16        1596.077   2070134784    129383424
    71160768            1         395.462    142321536      8895096
    71160768            2         570.683    284643072     17790192
    71160768            4         717.740    569286144     35580384
    71160768            8        1168.142   1138572288     71160768
    78276672            1         506.432    156553344      9784584
    78276672            2         741.397    313106688     19569168
    78276672            4         978.644    626213376     39138336
    78276672            8        1633.674   1252426752     78276672
    86104320            1         566.447    172208640     10763040
    86104320            2         962.098    344417280     21526080
    86104320            4        1285.796    688834560     43052160
    86104320            8        2212.101   1377669120     86104320
    94714752            1         663.708    189429504     11839344
    94714752            2        1146.621    378859008     23678688
    94714752            4        1583.422    757718016     47357376
    94714752            8        2741.707   1515436032     94714752
   104186112            1         725.677    208372224     13023264
   104186112            2        1384.194    416744448     26046528
   104186112            4        2996.272    833488896     52093056
   104186112            8        3341.043   1666977792    104186112
   114604608            1         839.770    229209216     14325576
   114604608            2        1627.806    458418432     28651152
   114604608            4        2316.651    916836864     57302304
   114604608            8        3999.688   1833673728    114604608
   126064896            1        1001.833    252129792     15758112
   126064896            2        1879.940    504259584     31516224
   126064896            4        2688.506   1008519168     63032448
   126064896            8        4592.347   2017038336    126064896
   138671232            1        1113.922    277342464     17333904
   138671232            2        2146.124    554684928     34667808
   138671232            4        3181.810   1109369856     69335616
   152538240            1        1262.077    305076480     19067280
   152538240            2        2444.380    610152960     38134560
   152538240            4        3650.662   1220305920     76269120
   167792064            1        1453.831    335584128     20974008
   167792064            2        2821.261    671168256     41948016
   167792064            4        4107.804   1342336512     83896032
   184571136            1        1641.789    369142272     23071392
   184571136            2        3164.440    738284544     46142784
   184571136            4        4679.935   1476569088     92285568
   203028096            1        1849.116    406056192     25378512
   203028096            2        3636.522    812112384     50757024
   203028096            4        5356.886   1624224768    101514048
   223330752            1        2131.434    446661504     27916344
   223330752            2        4215.434    893323008     55832688
   223330752            4        5983.401   1786646016    111665376
   245663808            1        2360.073    491327616     30707976
   245663808            2        4522.020    982655232     61415952
   245663808            4        6691.876   1965310464    122831904
   270230016            1        2617.117    540460032     33778752
   270230016            2        5084.315   1080920064     67557504
   297252864            1        2882.813    594505728     37156608
   297252864            2        5643.504   1189011456     74313216
   326978112            1        3218.801    653956224     40872264
   326978112            2        6344.002   1307912448     81744528
   359675904            1        3577.545    719351808     44959488
   359675904            2        7056.816   1438703616     89918976
   395643456            1        3972.729    791286912     49455432
   395643456            2        7789.074   1582573824     98910864
   435207744            1        4353.610    870415488     54400968
   435207744            2        8685.585   1740830976    108801936
   478728384            1        4865.315    957456768     59841048
   478728384            2        9666.521   1914913536    119682096
   526601088            1        5397.733   1053202176     65825136
   526601088            2       10705.962   2106404352    131650272
   579261120            1        6042.709   1158522240     72407640
   637187136            1        6620.058   1274374272     79648392
   700905792            1        7302.422   1401811584     87613224
   770996352            1        8045.972   1541992704     96374544
   848095872            1        8879.447   1696191744    106011984
   932905344            1        9837.149   1865810688    116613168
  1026195840            1       10927.636   2052391680    128274480

META_DATA
FLOPS          1
MPI_PROCS      1
OPENMP_THREADS 24
ERT_VERSION  1.1.0
HOSTNAME  ('deepv.deep', [], ['10.2.8.6'])
UNAME  uname_result(system='Linux', node='deepv', release='4.18.0-513.24.1.el8_9.x86_64', version='#1 SMP Thu Apr 4 18:13:02 UTC 2024', machine='x86_64')
TIMESTAMP_DATA  1713372958.5518782
CONFIG  {'ERT_RESULTS': ['Results.cn.deep.fz-juelich.de.01.gcc2023-O3-fastmath'], 'ERT_DRIVER': ['driver1'], 'ERT_KERNEL': ['kernel1'], 'ERT_MPI': ['True'], 'ERT_MPI_CFLAGS': ['-I', '/p/software/deep/stages/2023/software/psmpi/5.9.2-1-GCC-11.3.0/include'], 'ERT_MPI_LDFLAGS': ['-L', '/p/software/deep/stages/2023/software/psmpi/5.9.2-1-GCC-11.3.0/lib', '-lmpi'], 'ERT_OPENMP': ['True'], 'ERT_OPENMP_CFLAGS': ['-fopenmp'], 'ERT_OPENMP_LDFLAGS': ['-fopenmp'], 'ERT_FLOPS': ['1,2,4,8,16,64,128'], 'ERT_ALIGN': ['64'], 'ERT_CC': ['mpicxx'], 'ERT_CFLAGS': ['-g', '-O3', '-mavx'], 'ERT_LD': ['mpicxx'], 'ERT_LDFLAGS': [], 'ERT_LDLIBS': [], 'ERT_PRECISION': ['FP64'], 'ERT_RUN': ['export', 'OMP_NUM_THREADS=ERT_OPENMP_THREADS;', 'export', 'OMP_PLACES="cores(ERT_OPENMP_THREADS)";', 'srun', '-p', 'dp-cn', '-n', 'ERT_MPI_PROCS', '-c', '48', '--ntasks-per-node', '1', 'ERT_CODE'], 'ERT_PROCS_THREADS': ['24'], 'ERT_MPI_PROCS': ['1'], 'ERT_OPENMP_THREADS': ['24'], 'ERT_NUM_EXPERIMENTS': ['5'], 'ERT_MEMORY_MAX': ['1073741824'], 'ERT_WORKING_SET_MIN': ['128'], 'ERT_TRIALS_MIN': ['1'], 'ERT_GNUPLOT': ['gnuplot'], 'ERT_GPU': [False], 'ERT_HIP': [False], 'ERT_OCL': [False], 'ERT_SYCL': [False], 'ERT_WSS_MULT': [1.1]}
