srun: job 501139 queued and waiting for resources
srun: job 501139 has been allocated resources
fp64
       24576            1           2.653        49152         3072
       24576            2           7.131        98304         6144
       24576            4          10.798       196608        12288
       24576            8          14.331       393216        24576
       24576           16           5.035       786432        49152
       24576           32           3.739      1572864        98304
       24576           64           5.778      3145728       196608
       24576          128           6.348      6291456       393216
       24576          256           5.355     12582912       786432
       24576          512          10.642     25165824      1572864
       24576         1024          16.975     50331648      3145728
       24576         2048          33.852    100663296      6291456
       24576         4096          65.491    201326592     12582912
       24576         8192         100.772    402653184     25165824
       24576        16384         201.379    805306368     50331648
       24576        32768         399.916   1610612736    100663296
       26880            1           3.418        53760         3360
       26880            2          15.532       107520         6720
       26880            4           6.295       215040        13440
       26880            8           4.584       430080        26880
       26880           16           6.112       860160        53760
       26880           32           3.748      1720320       107520
       26880           64           4.789      3440640       215040
       26880          128           4.844      6881280       430080
       26880          256           7.819     13762560       860160
       26880          512          13.410     27525120      1720320
       26880         1024          26.561     55050240      3440640
       26880         2048          51.210    110100480      6881280
       26880         4096          64.022    220200960     13762560
       26880         8192         125.058    440401920     27525120
       26880        16384         267.404    880803840     55050240
       26880        32768         490.475   1761607680    110100480
       29568            1           2.533        59136         3696
       29568            2           5.163       118272         7392
       29568            4           6.054       236544        14784
       29568            8          16.152       473088        29568
       29568           16           4.757       946176        59136
       29568           32           4.407      1892352       118272
       29568           64           4.554      3784704       236544
       29568          128           6.402      7569408       473088
       29568          256           7.508     15138816       946176
       29568          512          12.872     30277632      1892352
       29568         1024          20.473     60555264      3784704
       29568         2048          45.557    121110528      7569408
       29568         4096          58.509    242221056     15138816
       29568         8192         116.343    484442112     30277632
       29568        16384         234.772    968884224     60555264
       29568        32768         481.091   1937768448    121110528
       32448            1          33.064        64896         4056
       32448            2           3.559       129792         8112
       32448            4           5.149       259584        16224
       32448            8          11.760       519168        32448
       32448           16          14.044      1038336        64896
       32448           32           4.620      2076672       129792
       32448           64           5.032      4153344       259584
       32448          128           6.392      8306688       519168
       32448          256           6.868     16613376      1038336
       32448          512          12.990     33226752      2076672
       32448         1024          23.954     66453504      4153344
       32448         2048          39.534    132907008      8306688
       32448         4096          62.751    265814016     16613376
       32448         8192         125.792    531628032     33226752
       32448        16384         250.070   1063256064     66453504
       32448        32768         514.259   2126512128    132907008
       35520            1           3.395        71040         4440
       35520            2          11.322       142080         8880
       35520            4           4.068       284160        17760
       35520            8          16.428       568320        35520
       35520           16           5.738      1136640        71040
       35520           32           4.219      2273280       142080
       35520           64           5.523      4546560       284160
       35520          128           4.515      9093120       568320
       35520          256          10.281     18186240      1136640
       35520          512          12.543     36372480      2273280
       35520         1024          27.649     72744960      4546560
       35520         2048          50.333    145489920      9093120
       35520         4096          67.235    290979840     18186240
       35520         8192         158.249    581959680     36372480
       35520        16384         269.426   1163919360     72744960
       38976            1           4.637        77952         4872
       38976            2          19.918       155904         9744
       38976            4          18.764       311808        19488
       38976            8           5.357       623616        38976
       38976           16           3.738      1247232        77952
       38976           32           4.470      2494464       155904
       38976           64           5.402      4988928       311808
       38976          128           7.954      9977856       623616
       38976          256           8.532     19955712      1247232
       38976          512          13.895     39911424      2494464
       38976         1024          27.715     79822848      4988928
       38976         2048          58.630    159645696      9977856
       38976         4096          74.973    319291392     19955712
       38976         8192         150.506    638582784     39911424
       38976        16384         290.085   1277165568     79822848
       42816            1           2.080        85632         5352
       42816            2          15.654       171264        10704
       42816            4           3.288       342528        21408
       42816            8           5.561       685056        42816
       42816           16           6.320      1370112        85632
       42816           32           2.944      2740224       171264
       42816           64           4.801      5480448       342528
       42816          128           5.857     10960896       685056
       42816          256          10.367     21921792      1370112
       42816          512          17.669     43843584      2740224
       42816         1024          36.539     87687168      5480448
       42816         2048          48.301    175374336     10960896
       42816         4096          83.976    350748672     21921792
       42816         8192         168.049    701497344     43843584
       42816        16384         337.176   1402994688     87687168
       47040            1           7.777        94080         5880
       47040            2          20.400       188160        11760
       47040            4          19.536       376320        23520
       47040            8           3.688       752640        47040
       47040           16           3.192      1505280        94080
       47040           32           3.769      3010560       188160
       47040           64           4.592      6021120       376320
       47040          128           5.782     12042240       752640
       47040          256           9.853     24084480      1505280
       47040          512          18.113     48168960      3010560
       47040         1024          38.218     96337920      6021120
       47040         2048          51.039    192675840     12042240
       47040         4096          89.135    385351680     24084480
       47040         8192         192.678    770703360     48168960
       47040        16384         341.082   1541406720     96337920
       51648            1           5.246       103296         6456
       51648            2           5.945       206592        12912
       51648            4           4.517       413184        25824
       51648            8           6.522       826368        51648
       51648           16           3.214      1652736       103296
       51648           32           4.463      3305472       206592
       51648           64           6.463      6610944       413184
       51648          128           5.766     13221888       826368
       51648          256          11.146     26443776      1652736
       51648          512          33.819     52887552      3305472
       51648         1024          35.628    105775104      6610944
       51648         2048          67.854    211550208     13221888
       51648         4096         100.442    423100416     26443776
       51648         8192         188.065    846200832     52887552
       51648        16384         369.660   1692401664    105775104
       56640            1           3.328       113280         7080
       56640            2           3.982       226560        14160
       56640            4          20.338       453120        28320
       56640            8           4.327       906240        56640
       56640           16           4.526      1812480       113280
       56640           32           4.486      3624960       226560
       56640           64           6.369      7249920       453120
       56640          128          11.152     14499840       906240
       56640          256          11.046     28999680      1812480
       56640          512          23.422     57999360      3624960
       56640         1024          40.132    115998720      7249920
       56640         2048          61.954    231997440     14499840
       56640         4096         109.070    463994880     28999680
       56640         8192         201.616    927989760     57999360
       56640        16384         412.585   1855979520    115998720
       62208            1           4.077       124416         7776
       62208            2           3.652       248832        15552
       62208            4          15.251       497664        31104
       62208            8           3.983       995328        62208
       62208           16           4.376      1990656       124416
       62208           32           4.670      3981312       248832
       62208           64           4.521      7962624       497664
       62208          128           7.331     15925248       995328
       62208          256          12.586     31850496      1990656
       62208          512          24.708     63700992      3981312
       62208         1024          52.779    127401984      7962624
       62208         2048          81.312    254803968     15925248
       62208         4096         118.914    509607936     31850496
       62208         8192         230.650   1019215872     63700992
       62208        16384         458.806   2038431744    127401984
       68352            1           3.240       136704         8544
       68352            2           3.834       273408        17088
       68352            4           3.180       546816        34176
       68352            8          13.593      1093632        68352
       68352           16           4.401      2187264       136704
       68352           32           6.084      4374528       273408
       68352           64           5.835      8749056       546816
       68352          128           8.511     17498112      1093632
       68352          256          13.791     34996224      2187264
       68352          512          27.733     69992448      4374528
       68352         1024          52.884    139984896      8749056
       68352         2048          68.475    279969792     17498112
       68352         4096         133.267    559939584     34996224
       68352         8192         270.292   1119879168     69992448
       75072            1           3.702       150144         9384
       75072            2           5.474       300288        18768
       75072            4          14.061       600576        37536
       75072            8           4.430      1201152        75072
       75072           16           6.323      2402304       150144
       75072           32           5.202      4804608       300288
       75072           64           6.148      9609216       600576
       75072          128           9.131     19218432      1201152
       75072          256          16.243     38436864      2402304
       75072          512          27.336     76873728      4804608
       75072         1024          49.867    153747456      9609216
       75072         2048          72.899    307494912     19218432
       75072         4096         156.935    614989824     38436864
       75072         8192         273.366   1229979648     76873728
       82560            1           2.117       165120        10320
       82560            2          18.422       330240        20640
       82560            4           3.562       660480        41280
       82560            8           7.350      1320960        82560
       82560           16           4.404      2641920       165120
       82560           32           3.315      5283840       330240
       82560           64           5.960     10567680       660480
       82560          128           8.481     21135360      1320960
       82560          256          18.518     42270720      2641920
       82560          512          31.235     84541440      5283840
       82560         1024          73.377    169082880     10567680
       82560         2048          85.096    338165760     21135360
       82560         4096         150.511    676331520     42270720
       82560         8192         300.277   1352663040     84541440
       90816            1           2.479       181632        11352
       90816            2           4.463       363264        22704
       90816            4          19.450       726528        45408
       90816            8           3.554      1453056        90816
       90816           16           4.570      2906112       181632
       90816           32           6.273      5812224       363264
       90816           64           5.757     11624448       726528
       90816          128           8.533     23248896      1453056
       90816          256          19.145     46497792      2906112
       90816          512          33.768     92995584      5812224
       90816         1024          53.231    185991168     11624448
       90816         2048          88.322    371982336     23248896
       90816         4096         166.506    743964672     46497792
       90816         8192         327.758   1487929344     92995584
       99840            1           5.346       199680        12480
       99840            2           4.449       399360        24960
       99840            4          13.591       798720        49920
       99840            8          12.459      1597440        99840
       99840           16           5.668      3194880       199680
       99840           32           8.592      6389760       399360
       99840           64           6.981     12779520       798720
       99840          128          11.075     25559040      1597440
       99840          256          21.260     51118080      3194880
       99840          512          30.701    102236160      6389760
       99840         1024          60.718    204472320     12779520
       99840         2048          96.256    408944640     25559040
       99840         4096         182.554    817889280     51118080
       99840         8192         369.252   1635778560    102236160
      109824            1           4.258       219648        13728
      109824            2          14.511       439296        27456
      109824            4           2.995       878592        54912
      109824            8           4.017      1757184       109824
      109824           16           4.401      3514368       219648
      109824           32           4.969      7028736       439296
      109824           64           8.416     14057472       878592
      109824          128          10.575     28114944      1757184
      109824          256          22.307     56229888      3514368
      109824          512          36.447    112459776      7028736
      109824         1024          62.110    224919552     14057472
      109824         2048         120.898    449839104     28114944
      109824         4096         196.553    899678208     56229888
      109824         8192         390.316   1799356416    112459776
      120768            1           4.947       241536        15096
      120768            2           5.233       483072        30192
      120768            4          13.256       966144        60384
      120768            8          12.101      1932288       120768
      120768           16           5.592      3864576       241536
      120768           32           3.939      7729152       483072
      120768           64           7.808     15458304       966144
      120768          128          12.390     30916608      1932288
      120768          256          23.837     61833216      3864576
      120768          512          43.323    123666432      7729152
      120768         1024          61.706    247332864     15458304
      120768         2048         114.508    494665728     30916608
      120768         4096         213.815    989331456     61833216
      120768         8192         436.342   1978662912    123666432
      132672            1           5.930       265344        16584
      132672            2          12.458       530688        33168
      132672            4           5.246      1061376        66336
      132672            8           2.505      2122752       132672
      132672           16           4.134      4245504       265344
      132672           32           7.064      8491008       530688
      132672           64           7.133     16982016      1061376
      132672          128          12.753     33964032      2122752
      132672          256          26.074     67928064      4245504
      132672          512          47.232    135856128      8491008
      132672         1024          63.437    271712256     16982016
      132672         2048         120.155    543424512     33964032
      132672         4096         251.666   1086849024     67928064
      145920            1           5.105       291840        18240
      145920            2           4.228       583680        36480
      145920            4          13.924      1167360        72960
      145920            8           4.412      2334720       145920
      145920           16           4.534      4669440       291840
      145920           32           5.720      9338880       583680
      145920           64           8.178     18677760      1167360
      145920          128          14.876     37355520      2334720
      145920          256          24.997     74711040      4669440
      145920          512          45.044    149422080      9338880
      145920         1024          69.780    298844160     18677760
      145920         2048         150.135    597688320     37355520
      145920         4096         253.954   1195376640     74711040
      160512            1           5.411       321024        20064
      160512            2          22.283       642048        40128
      160512            4           4.044      1284096        80256
      160512            8           4.493      2568192       160512
      160512           16           4.864      5136384       321024
      160512           32           6.014     10272768       642048
      160512           64          11.456     20545536      1284096
      160512          128          16.709     41091072      2568192
      160512          256          29.890     82182144      5136384
      160512          512          53.287    164364288     10272768
      160512         1024          74.707    328728576     20545536
      160512         2048         146.130    657457152     41091072
      160512         4096         285.962   1314914304     82182144
      176448            1           3.459       352896        22056
      176448            2           2.967       705792        44112
      176448            4          14.095      1411584        88224
      176448            8           4.205      2823168       176448
      176448           16           7.575      5646336       352896
      176448           32           5.960     11292672       705792
      176448           64          11.848     22585344      1411584
      176448          128          14.894     45170688      2823168
      176448          256          32.647     90341376      5646336
      176448          512          53.543    180682752     11292672
      176448         1024          81.541    361365504     22585344
      176448         2048         167.081    722731008     45170688
      176448         4096         306.485   1445462016     90341376
      193920            1           2.957       387840        24240
      193920            2           2.923       775680        48480
      193920            4          14.256      1551360        96960
      193920            8          10.763      3102720       193920
      193920           16           4.333      6205440       387840
      193920           32           7.407     12410880       775680
      193920           64          10.894     24821760      1551360
      193920          128          21.626     49643520      3102720
      193920          256          34.442     99287040      6205440
      193920          512          50.046    198574080     12410880
      193920         1024          90.284    397148160     24821760
      193920         2048         174.850    794296320     49643520
      193920         4096         336.204   1588592640     99287040
      213312            1           4.332       426624        26664
      213312            2          16.572       853248        53328
      213312            4          13.779      1706496       106656
      213312            8           4.641      3412992       213312
      213312           16           4.208      6825984       426624
      213312           32           6.024     13651968       853248
      213312           64          11.139     27303936      1706496
      213312          128          20.666     54607872      3412992
      213312          256          36.243    109215744      6825984
      213312          512          58.446    218431488     13651968
      213312         1024         100.073    436862976     27303936
      213312         2048         187.245    873725952     54607872
      213312         4096         381.370   1747451904    109215744
      234624            1           4.973       469248        29328
      234624            2          16.720       938496        58656
      234624            4           4.766      1876992       117312
      234624            8           5.157      3753984       234624
      234624           16           8.175      7507968       469248
      234624           32           8.146     15015936       938496
      234624           64          14.068     30031872      1876992
      234624          128          23.549     60063744      3753984
      234624          256          45.229    120127488      7507968
      234624          512          57.640    240254976     15015936
      234624         1024         123.562    480509952     30031872
      234624         2048         206.655    961019904     60063744
      234624         4096         402.614   1922039808    120127488
      258048            1           3.258       516096        32256
      258048            2           4.519      1032192        64512
      258048            4           3.546      2064384       129024
      258048            8          19.403      4128768       258048
      258048           16           6.727      8257536       516096
      258048           32           6.814     16515072      1032192
      258048           64          13.776     33030144      2064384
      258048          128          24.729     66060288      4128768
      258048          256          45.558    132120576      8257536
      258048          512          61.222    264241152     16515072
      258048         1024         119.871    528482304     33030144
      258048         2048         226.348   1056964608     66060288
      258048         4096         457.479   2113929216    132120576
      283776            1           6.506       567552        35472
      283776            2           6.369      1135104        70944
      283776            4          22.566      2270208       141888
      283776            8           4.758      4540416       283776
      283776           16           6.532      9080832       567552
      283776           32           7.578     18161664      1135104
      283776           64          13.499     36323328      2270208
      283776          128          30.799     72646656      4540416
      283776          256          48.705    145293312      9080832
      283776          512          66.366    290586624     18161664
      283776         1024         145.985    581173248     36323328
      283776         2048         247.057   1162346496     72646656
      312000            1           4.624       624000        39000
      312000            2          13.816      1248000        78000
      312000            4           3.177      2496000       156000
      312000            8           6.037      4992000       312000
      312000           16           6.006      9984000       624000
      312000           32           8.707     19968000      1248000
      312000           64          14.689     39936000      2496000
      312000          128          27.944     79872000      4992000
      312000          256          66.482    159744000      9984000
      312000          512          71.780    319488000     19968000
      312000         1024         140.754    638976000     39936000
      312000         2048         269.011   1277952000     79872000
      343104            1           4.533       686208        42888
      343104            2           2.810      1372416        85776
      343104            4           3.433      2744832       171552
      343104            8           5.810      5489664       343104
      343104           16           5.325     10979328       686208
      343104           32          12.460     21958656      1372416
      343104           64          16.611     43917312      2744832
      343104          128          26.223     87834624      5489664
      343104          256          52.204    175669248     10979328
      343104          512          78.509    351338496     21958656
      343104         1024         150.823    702676992     43917312
      343104         2048         293.557   1405353984     87834624
      377280            1           6.384       754560        47160
      377280            2           3.982      1509120        94320
      377280            4           4.178      3018240       188640
      377280            8           3.559      6036480       377280
      377280           16           7.110     12072960       754560
      377280           32          11.033     24145920      1509120
      377280           64          17.502     48291840      3018240
      377280          128          33.025     96583680      6036480
      377280          256          54.673    193167360     12072960
      377280          512          86.114    386334720     24145920
      377280         1024         165.423    772669440     48291840
      377280         2048         322.885   1545338880     96583680
      414912            1           6.315       829824        51864
      414912            2          11.084      1659648       103728
      414912            4          19.893      3319296       207456
      414912            8           5.289      6638592       414912
      414912           16          10.537     13277184       829824
      414912           32           9.426     26554368      1659648
      414912           64          19.875     53108736      3319296
      414912          128          30.895    106217472      6638592
      414912          256          61.954    212434944     13277184
      414912          512          93.212    424869888     26554368
      414912         1024         181.984    849739776     53108736
      414912         2048         372.060   1699479552    106217472
      456384            1           4.971       912768        57048
      456384            2           4.762      1825536       114096
      456384            4          13.629      3651072       228192
      456384            8           4.318      7302144       456384
      456384           16           6.030     14604288       912768
      456384           32          12.256     29208576      1825536
      456384           64          20.916     58417152      3651072
      456384          128          35.361    116834304      7302144
      456384          256          62.951    233668608     14604288
      456384          512         120.648    467337216     29208576
      456384         1024         197.758    934674432     58417152
      456384         2048         387.959   1869348864    116834304
      501888            1           8.144      1003776        62736
      501888            2           4.601      2007552       125472
      501888            4           5.608      4015104       250944
      501888            8           5.361      8030208       501888
      501888           16           7.323     16060416      1003776
      501888           32          12.837     32120832      2007552
      501888           64          25.797     64241664      4015104
      501888          128          38.458    128483328      8030208
      501888          256          67.760    256966656     16060416
      501888          512         111.392    513933312     32120832
      501888         1024         215.919   1027866624     64241664
      501888         2048         440.071   2055733248    128483328
      552000            1           8.517      1104000        69000
      552000            2           6.029      2208000       138000
      552000            4          14.067      4416000       276000
      552000            8           5.814      8832000       552000
      552000           16           9.240     17664000      1104000
      552000           32          15.384     35328000      2208000
      552000           64          27.771     70656000      4416000
      552000          128          50.047    141312000      8832000
      552000          256          64.487    282624000     17664000
      552000          512         123.219    565248000     35328000
      552000         1024         256.894   1130496000     70656000
      607104            1           9.347      1214208        75888
      607104            2           5.225      2428416       151776
      607104            4          14.965      4856832       303552
      607104            8           6.091      9713664       607104
      607104           16          10.340     19427328      1214208
      607104           32          15.608     38854656      2428416
      607104           64          28.167     77709312      4856832
      607104          128          53.347    155418624      9713664
      607104          256          70.917    310837248     19427328
      607104          512         152.609    621674496     38854656
      607104         1024         264.108   1243348992     77709312
      667776            1          10.266      1335552        83472
      667776            2          18.773      2671104       166944
      667776            4           4.049      5342208       333888
      667776            8           5.737     10684416       667776
      667776           16           9.680     21368832      1335552
      667776           32          16.963     42737664      2671104
      667776           64          34.746     85475328      5342208
      667776          128          72.936    170950656     10684416
      667776          256          78.032    341901312     21368832
      667776          512         154.386    683802624     42737664
      667776         1024         296.719   1367605248     85475328
      734400            1           8.341      1468800        91800
      734400            2           4.257      2937600       183600
      734400            4          14.826      5875200       367200
      734400            8           7.517     11750400       734400
      734400           16          11.413     23500800      1468800
      734400           32          18.299     47001600      2937600
      734400           64          33.041     94003200      5875200
      734400          128          55.497    188006400     11750400
      734400          256          85.637    376012800     23500800
      734400          512         165.230    752025600     47001600
      734400         1024         316.868   1504051200     94003200
      807744            1          10.663      1615488       100968
      807744            2           4.172      3230976       201936
      807744            4          14.409      6461952       403872
      807744            8           7.255     12923904       807744
      807744           16          12.274     25847808      1615488
      807744           32          24.220     51695616      3230976
      807744           64          42.727    103391232      6461952
      807744          128          56.943    206782464     12923904
      807744          256         105.236    413564928     25847808
      807744          512         201.308    827129856     51695616
      807744         1024         408.185   1654259712    103391232
      888384            1          11.614      1776768       111048
      888384            2           4.737      3553536       222096
      888384            4           7.237      7107072       444192
      888384            8          10.518     14214144       888384
      888384           16          13.617     28428288      1776768
      888384           32          26.455     56856576      3553536
      888384           64          49.618    113713152      7107072
      888384          128          95.998    227426304     14214144
      888384          256         155.330    454852608     28428288
      888384          512         299.916    909705216     56856576
      888384         1024         607.344   1819410432    113713152
      977088            1          12.778      1954176       122136
      977088            2           4.042      3908352       244272
      977088            4          14.919      7816704       488544
      977088            8           7.988     15633408       977088
      977088           16          15.174     31266816      1954176
      977088           32          28.835     62533632      3908352
      977088           64          53.878    125067264      7816704
      977088          128          85.869    250134528     15633408
      977088          256         186.180    500269056     31266816
      977088          512         333.993   1000538112     62533632
      977088         1024         669.199   2001076224    125067264
     1074624            1          13.498      2149248       134328
     1074624            2           7.773      4298496       268656
     1074624            4          15.844      8596992       537312
     1074624            8           8.142     17193984      1074624
     1074624           16          18.297     34387968      2149248
     1074624           32          32.378     68775936      4298496
     1074624           64          56.273    137551872      8596992
     1074624          128          95.127    275103744     17193984
     1074624          256         184.260    550207488     34387968
     1074624          512         381.682   1100414976     68775936
     1181952            1          15.766      2363904       147744
     1181952            2           5.825      4727808       295488
     1181952            4          15.323      9455616       590976
     1181952            8          11.116     18911232      1181952
     1181952           16          17.865     37822464      2363904
     1181952           32          33.210     75644928      4727808
     1181952           64          61.124    151289856      9455616
     1181952          128         123.850    302579712     18911232
     1181952          256         205.139    605159424     37822464
     1181952          512         398.975   1210318848     75644928
     1300032            1          14.730      2600064       162504
     1300032            2           4.701      5200128       325008
     1300032            4           7.297     10400256       650016
     1300032            8          12.006     20800512      1300032
     1300032           16          18.191     41601024      2600064
     1300032           32          40.636     83202048      5200128
     1300032           64          65.520    166404096     10400256
     1300032          128         113.346    332808192     20800512
     1300032          256         224.235    665616384     41601024
     1300032          512         452.743   1331232768     83202048
     1430016            1          20.105      2860032       178752
     1430016            2           6.486      5720064       357504
     1430016            4           7.909     11440128       715008
     1430016            8          14.365     22880256      1430016
     1430016           16          20.985     45760512      2860032
     1430016           32          39.414     91521024      5720064
     1430016           64          72.070    183042048     11440128
     1430016          128         125.333    366084096     22880256
     1430016          256         263.170    732168192     45760512
     1430016          512         482.342   1464336384     91521024
     1572864            1          17.853      3145728       196608
     1572864            2          17.660      6291456       393216
     1572864            4           8.639     12582912       786432
     1572864            8          14.573     25165824      1572864
     1572864           16          23.473     50331648      3145728
     1572864           32          44.326    100663296      6291456
     1572864           64          72.310    201326592     12582912
     1572864          128         135.344    402653184     25165824
     1572864          256         269.753    805306368     50331648
     1572864          512         541.189   1610612736    100663296
     1730112            1          21.103      3460224       216264
     1730112            2          16.731      6920448       432528
     1730112            4           8.605     13840896       865056
     1730112            8          14.232     27681792      1730112
     1730112           16          25.299     55363584      3460224
     1730112           32          46.895    110727168      6920448
     1730112           64         105.936    221454336     13840896
     1730112          128         148.857    442908672     27681792
     1730112          256         297.196    885817344     55363584
     1730112          512         594.871   1771634688    110727168
     1903104            1          24.198      3806208       237888
     1903104            2          19.667      7612416       475776
     1903104            4           9.011     15224832       951552
     1903104            8          16.284     30449664      1903104
     1903104           16          29.049     60899328      3806208
     1903104           32          52.741    121798656      7612416
     1903104           64          84.361    243597312     15224832
     1903104          128         162.849    487194624     30449664
     1903104          256         339.869    974389248     60899328
     1903104          512         639.921   1948778496    121798656
     2093376            1          27.483      4186752       261672
     2093376            2           7.373      8373504       523344
     2093376            4          10.804     16747008      1046688
     2093376            8          17.029     33494016      2093376
     2093376           16          35.748     66988032      4186752
     2093376           32          55.526    133976064      8373504
     2093376           64          94.055    267952128     16747008
     2093376          128         179.283    535904256     33494016
     2093376          256         371.581   1071808512     66988032
     2093376          512         702.475   2143617024    133976064
     2302656            1          30.781      4605312       287832
     2302656            2           7.380      9210624       575664
     2302656            4          10.008     18421248      1151328
     2302656            8          17.683     36842496      2302656
     2302656           16          37.049     73684992      4605312
     2302656           32          59.262    147369984      9210624
     2302656           64         103.144    294739968     18421248
     2302656          128         197.005    589479936     36842496
     2302656          256         407.149   1178959872     73684992
     2532864            1          40.109      5065728       316608
     2532864            2           6.951     10131456       633216
     2532864            4          10.820     20262912      1266432
     2532864            8          22.753     40525824      2532864
     2532864           16          36.392     81051648      5065728
     2532864           32          63.866    162103296     10131456
     2532864           64         129.377    324206592     20262912
     2532864          128         217.291    648413184     40525824
     2532864          256         428.925   1296826368     81051648
     2786112            1          49.559      5572224       348264
     2786112            2           7.331     11144448       696528
     2786112            4          12.034     22288896      1393056
     2786112            8          20.485     44577792      2786112
     2786112           16          40.411     89155584      5572224
     2786112           32          69.389    178311168     11144448
     2786112           64         121.895    356622336     22288896
     2786112          128         239.781    713244672     44577792
     2786112          256         483.543   1426489344     89155584
     3064704            1          38.298      6129408       383088
     3064704            2           8.446     12258816       766176
     3064704            4          12.888     24517632      1532352
     3064704            8          23.457     49035264      3064704
     3064704           16          43.895     98070528      6129408
     3064704           32          74.515    196141056     12258816
     3064704           64         134.784    392282112     24517632
     3064704          128         261.287    784564224     49035264
     3064704          256         516.108   1569128448     98070528
     3371136            1          48.357      6742272       421392
     3371136            2           9.364     13484544       842784
     3371136            4          14.452     26969088      1685568
     3371136            8          24.120     53938176      3371136
     3371136           16          44.234    107876352      6742272
     3371136           32          80.722    215752704     13484544
     3371136           64         148.620    431505408     26969088
     3371136          128         305.097    863010816     53938176
     3371136          256         569.880   1726021632    107876352
     3708096            1          52.597      7416192       463512
     3708096            2          11.586     14832384       927024
     3708096            4          17.180     29664768      1854048
     3708096            8          27.494     59329536      3708096
     3708096           16          52.585    118659072      7416192
     3708096           32          85.280    237318144     14832384
     3708096           64         163.657    474636288     29664768
     3708096          128         317.668    949272576     59329536
     3708096          256         638.291   1898545152    118659072
     4078848            1          55.563      8157696       509856
     4078848            2          10.051     16315392      1019712
     4078848            4          17.316     32630784      2039424
     4078848            8          47.402     65261568      4078848
     4078848           16          56.983    130523136      8157696
     4078848           32          91.961    261046272     16315392
     4078848           64         176.212    522092544     32630784
     4078848          128         349.113   1044185088     65261568
     4078848          256         699.869   2088370176    130523136
     4486656            1          58.395      8973312       560832
     4486656            2          10.090     17946624      1121664
     4486656            4          35.809     35893248      2243328
     4486656            8          32.879     71786496      4486656
     4486656           16          60.410    143572992      8973312
     4486656           32         100.398    287145984     17946624
     4486656           64         193.148    574291968     35893248
     4486656          128         382.266   1148583936     71786496
     4935168            1          68.892      9870336       616896
     4935168            2          13.434     19740672      1233792
     4935168            4          21.179     39481344      2467584
     4935168            8          37.642     78962688      4935168
     4935168           16          64.631    157925376      9870336
     4935168           32         108.738    315850752     19740672
     4935168           64         211.859    631701504     39481344
     4935168          128         433.163   1263403008     78962688
     5428608            1          64.355     10857216       678576
     5428608            2          14.220     21714432      1357152
     5428608            4          24.325     43428864      2714304
     5428608            8          41.008     86857728      5428608
     5428608           16          69.770    173715456     10857216
     5428608           32         137.530    347430912     21714432
     5428608           64         233.134    694861824     43428864
     5428608          128         462.072   1389723648     86857728
     5971392            1          74.846     11942784       746424
     5971392            2          16.101     23885568      1492848
     5971392            4          26.423     47771136      2985696
     5971392            8          42.717     95542272      5971392
     5971392           16          75.166    191084544     11942784
     5971392           32         131.082    382169088     23885568
     5971392           64         258.587    764338176     47771136
     5971392          128         520.255   1528676352     95542272
     6568512            1          83.223     13137024       821064
     6568512            2          17.347     26274048      1642128
     6568512            4          26.022     52548096      3284256
     6568512            8          45.930    105096192      6568512
     6568512           16         100.161    210192384     13137024
     6568512           32         144.106    420384768     26274048
     6568512           64         284.361    840769536     52548096
     6568512          128         569.089   1681539072    105096192
     7225344            1          85.897     14450688       903168
     7225344            2          20.082     28901376      1806336
     7225344            4          35.995     57802752      3612672
     7225344            8          62.632    115605504      7225344
     7225344           16         117.279    231211008     14450688
     7225344           32         246.252    462422016     28901376
     7225344           64         449.008    924844032     57802752
     7225344          128         904.705   1849688064    115605504
     7947840            1          94.382     15895680       993480
     7947840            2          25.176     31791360      1986960
     7947840            4          38.290     63582720      3973920
     7947840            8          68.831    127165440      7947840
     7947840           16         133.019    254330880     15895680
     7947840           32         251.124    508661760     31791360
     7947840           64         501.303   1017323520     63582720
     7947840          128         986.047   2034647040    127165440
     8742528            1         104.887     17485056      1092816
     8742528            2          21.928     34970112      2185632
     8742528            4          38.174     69940224      4371264
     8742528            8          56.345    139880448      8742528
     8742528           16         121.760    279760896     17485056
     8742528           32         190.253    559521792     34970112
     8742528           64         373.527   1119043584     69940224
     9616704            1         138.940     19233408      1202088
     9616704            2          24.621     38466816      2404176
     9616704            4          42.340     76933632      4808352
     9616704            8          63.141    153867264      9616704
     9616704           16         108.930    307734528     19233408
     9616704           32         211.137    615469056     38466816
     9616704           64         424.442   1230938112     76933632
    10578240            1         125.457     21156480      1322280
    10578240            2          26.364     42312960      2644560
    10578240            4          42.833     84625920      5289120
    10578240            8          68.689    169251840     10578240
    10578240           16         119.281    338503680     21156480
    10578240           32         248.492    677007360     42312960
    10578240           64         450.387   1354014720     84625920
    11635968            1         163.407     23271936      1454496
    11635968            2          29.585     46543872      2908992
    11635968            4          45.647     93087744      5817984
    11635968            8          75.926    186175488     11635968
    11635968           16         130.332    372350976     23271936
    11635968           32         253.216    744701952     46543872
    11635968           64         508.398   1489403904     93087744
    12799488            1         153.024     25598976      1599936
    12799488            2          32.569     51197952      3199872
    12799488            4          47.516    102395904      6399744
    12799488            8          80.432    204791808     12799488
    12799488           16         143.300    409583616     25598976
    12799488           32         308.352    819167232     51197952
    12799488           64         543.126   1638334464    102395904
    14079360            1         168.413     28158720      1759920
    14079360            2          33.584     56317440      3519840
    14079360            4          54.177    112634880      7039680
    14079360            8          88.687    225269760     14079360
    14079360           16         157.446    450539520     28158720
    14079360           32         322.090    901079040     56317440
    14079360           64         599.347   1802158080    112634880
    15487296            1         205.525     30974592      1935912
    15487296            2          39.881     61949184      3871824
    15487296            4          60.235    123898368      7743648
    15487296            8          93.372    247796736     15487296
    15487296           16         175.171    495593472     30974592
    15487296           32         336.863    991186944     61949184
    15487296           64         672.771   1982373888    123898368
    17035968            1         226.891     34071936      2129496
    17035968            2          49.018     68143872      4258992
    17035968            4          65.606    136287744      8517984
    17035968            8         101.240    272575488     17035968
    17035968           16         189.999    545150976     34071936
    17035968           32         372.104   1090301952     68143872
    18739392            1         221.019     37478784      2342424
    18739392            2          52.241     74957568      4684848
    18739392            4          70.362    149915136      9369696
    18739392            8         113.593    299830272     18739392
    18739392           16         208.742    599660544     37478784
    18739392           32         424.622   1199321088     74957568
    20613312            1         249.110     41226624      2576664
    20613312            2          56.622     82453248      5153328
    20613312            4          98.663    164906496     10306656
    20613312            8         123.196    329812992     20613312
    20613312           16         231.764    659625984     41226624
    20613312           32         447.212   1319251968     82453248
    22674624            1         253.979     45349248      2834328
    22674624            2          70.781     90698496      5668656
    22674624            4          89.114    181396992     11337312
    22674624            8         135.560    362793984     22674624
    22674624           16         254.760    725587968     45349248
    22674624           32         514.697   1451175936     90698496
    24941952            1         262.472     49883904      3117744
    24941952            2          79.653     99767808      6235488
    24941952            4         117.637    199535616     12470976
    24941952            8         155.525    399071232     24941952
    24941952           16         286.133    798142464     49883904
    24941952           32         570.707   1596284928     99767808
    27436032            1         204.019     54872064      3429504
    27436032            2          96.376    109744128      6859008
    27436032            4         116.855    219488256     13718016
    27436032            8         212.923    438976512     27436032
    27436032           16         352.144    877953024     54872064
    27436032           32         694.157   1755906048    109744128
    30179520            1         156.455     60359040      3772440
    30179520            2         117.293    120718080      7544880
    30179520            4         153.322    241436160     15089760
    30179520            8         271.463    482872320     30179520
    30179520           16         457.319    965744640     60359040
    30179520           32         872.444   1931489280    120718080
    33197376            1         193.500     66394752      4149672
    33197376            2         150.024    132789504      8299344
    33197376            4         188.038    265579008     16598688
    33197376            8         311.863    531158016     33197376
    33197376           16         576.871   1062316032     66394752
    33197376           32        1071.461   2124632064    132789504
    36517056            1         197.401     73034112      4564632
    36517056            2         196.437    146068224      9129264
    36517056            4         221.271    292136448     18258528
    36517056            8         365.495    584272896     36517056
    36517056           16         670.067   1168545792     73034112
    40168704            1         234.321     80337408      5021088
    40168704            2         198.705    160674816     10042176
    40168704            4         251.694    321349632     20084352
    40168704            8         414.659    642699264     40168704
    40168704           16         758.034   1285398528     80337408
    44185536            1         230.778     88371072      5523192
    44185536            2         233.141    176742144     11046384
    44185536            4         283.926    353484288     22092768
    44185536            8         484.197    706968576     44185536
    44185536           16         842.859   1413937152     88371072
    48604032            1         263.314     97208064      6075504
    48604032            2         290.589    194416128     12151008
    48604032            4         329.929    388832256     24302016
    48604032            8         577.454    777664512     48604032
    48604032           16        1023.988   1555329024     97208064
    53464320            1         344.314    106928640      6683040
    53464320            2         366.405    213857280     13366080
    53464320            4         398.682    427714560     26732160
    53464320            8         693.757    855429120     53464320
    53464320           16        1212.223   1710858240    106928640
    58810752            1         376.640    117621504      7351344
    58810752            2         410.266    235243008     14702688
    58810752            4         479.049    470486016     29405376
    58810752            8         797.356    940972032     58810752
    58810752           16        1405.492   1881944064    117621504
    64691712            1         433.872    129383424      8086464
    64691712            2         513.455    258766848     16172928
    64691712            4         571.715    517533696     32345856
    64691712            8         943.821   1035067392     64691712
    64691712           16        1631.478   2070134784    129383424
    71160768            1         434.072    142321536      8895096
    71160768            2         635.484    284643072     17790192
    71160768            4         737.212    569286144     35580384
    71160768            8        1182.060   1138572288     71160768
    78276672            1         574.365    156553344      9784584
    78276672            2         809.677    313106688     19569168
    78276672            4         991.165    626213376     39138336
    78276672            8        1618.855   1252426752     78276672
    86104320            1         640.881    172208640     10763040
    86104320            2        1019.199    344417280     21526080
    86104320            4        1307.376    688834560     43052160
    86104320            8        2098.744   1377669120     86104320
    94714752            1         738.592    189429504     11839344
    94714752            2        1225.204    378859008     23678688
    94714752            4        1621.521    757718016     47357376
    94714752            8        2705.577   1515436032     94714752
   104186112            1         836.473    208372224     13023264
   104186112            2        1413.682    416744448     26046528
   104186112            4        1918.670    833488896     52093056
   104186112            8        3188.962   1666977792    104186112
   114604608            1         942.830    229209216     14325576
   114604608            2        1639.443    458418432     28651152
   114604608            4        2292.505    916836864     57302304
   114604608            8        3815.790   1833673728    114604608
   126064896            1        1046.908    252129792     15758112
   126064896            2        1910.564    504259584     31516224
   126064896            4        2664.911   1008519168     63032448
   126064896            8        4497.127   2017038336    126064896
   138671232            1        1177.957    277342464     17333904
   138671232            2        2118.220    554684928     34667808
   138671232            4        3059.995   1109369856     69335616
   152538240            1        1344.788    305076480     19067280
   152538240            2        2426.312    610152960     38134560
   152538240            4        3556.275   1220305920     76269120
   167792064            1        1464.874    335584128     20974008
   167792064            2        2759.048    671168256     41948016
   167792064            4        4002.221   1342336512     83896032
   184571136            1        1662.660    369142272     23071392
   184571136            2        3135.752    738284544     46142784
   184571136            4        4590.404   1476569088     92285568
   203028096            1        1889.918    406056192     25378512
   203028096            2        3601.207    812112384     50757024
   203028096            4        5213.527   1624224768    101514048
   223330752            1        2109.871    446661504     27916344
   223330752            2        4016.825    893323008     55832688
   223330752            4        5924.614   1786646016    111665376
   245663808            1        2392.673    491327616     30707976
   245663808            2        4502.597    982655232     61415952
   245663808            4        6640.981   1965310464    122831904
   270230016            1        2632.236    540460032     33778752
   270230016            2        5077.798   1080920064     67557504
   297252864            1        2911.358    594505728     37156608
   297252864            2        5657.706   1189011456     74313216
   326978112            1        3229.615    653956224     40872264
   326978112            2        6334.092   1307912448     81744528
   359675904            1        3593.058    719351808     44959488
   359675904            2        7052.533   1438703616     89918976
   395643456            1        3995.478    791286912     49455432
   395643456            2        7832.414   1582573824     98910864
   435207744            1        4441.945    870415488     54400968
   435207744            2        8759.412   1740830976    108801936
   478728384            1        4901.730    957456768     59841048
   478728384            2        9705.745   1914913536    119682096
   526601088            1        5424.290   1053202176     65825136
   526601088            2       10767.944   2106404352    131650272
   579261120            1        6014.595   1158522240     72407640
   637187136            1        6626.093   1274374272     79648392
   700905792            1        7378.231   1401811584     87613224
   770996352            1        8114.806   1541992704     96374544
   848095872            1        9588.962   1696191744    106011984
   932905344            1        9910.108   1865810688    116613168
  1026195840            1       10879.726   2052391680    128274480

META_DATA
FLOPS          1
MPI_PROCS      1
OPENMP_THREADS 24
ERT_VERSION  1.1.0
HOSTNAME  ('deepv.deep', [], ['10.2.8.6'])
UNAME  uname_result(system='Linux', node='deepv', release='4.18.0-513.24.1.el8_9.x86_64', version='#1 SMP Thu Apr 4 18:13:02 UTC 2024', machine='x86_64')
TIMESTAMP_DATA  1713373051.6613042
CONFIG  {'ERT_RESULTS': ['Results.cn.deep.fz-juelich.de.01.gcc2023-O3-fastmath'], 'ERT_DRIVER': ['driver1'], 'ERT_KERNEL': ['kernel1'], 'ERT_MPI': ['True'], 'ERT_MPI_CFLAGS': ['-I', '/p/software/deep/stages/2023/software/psmpi/5.9.2-1-GCC-11.3.0/include'], 'ERT_MPI_LDFLAGS': ['-L', '/p/software/deep/stages/2023/software/psmpi/5.9.2-1-GCC-11.3.0/lib', '-lmpi'], 'ERT_OPENMP': ['True'], 'ERT_OPENMP_CFLAGS': ['-fopenmp'], 'ERT_OPENMP_LDFLAGS': ['-fopenmp'], 'ERT_FLOPS': ['1,2,4,8,16,64,128'], 'ERT_ALIGN': ['64'], 'ERT_CC': ['mpicxx'], 'ERT_CFLAGS': ['-g', '-O3', '-mavx'], 'ERT_LD': ['mpicxx'], 'ERT_LDFLAGS': [], 'ERT_LDLIBS': [], 'ERT_PRECISION': ['FP64'], 'ERT_RUN': ['export', 'OMP_NUM_THREADS=ERT_OPENMP_THREADS;', 'export', 'OMP_PLACES="cores(ERT_OPENMP_THREADS)";', 'srun', '-p', 'dp-cn', '-n', 'ERT_MPI_PROCS', '-c', '48', '--ntasks-per-node', '1', 'ERT_CODE'], 'ERT_PROCS_THREADS': ['24'], 'ERT_MPI_PROCS': ['1'], 'ERT_OPENMP_THREADS': ['24'], 'ERT_NUM_EXPERIMENTS': ['5'], 'ERT_MEMORY_MAX': ['1073741824'], 'ERT_WORKING_SET_MIN': ['128'], 'ERT_TRIALS_MIN': ['1'], 'ERT_GNUPLOT': ['gnuplot'], 'ERT_GPU': [False], 'ERT_HIP': [False], 'ERT_OCL': [False], 'ERT_SYCL': [False], 'ERT_WSS_MULT': [1.1]}
