srun: job 501135 queued and waiting for resources
srun: job 501135 has been allocated resources
fp64
       24576            1           1.631        49152         3072
       24576            2           4.875        98304         6144
       24576            4          11.270       196608        12288
       24576            8          42.622       393216        24576
       24576           16           5.799       786432        49152
       24576           32           3.356      1572864        98304
       24576           64          11.616      3145728       196608
       24576          128          11.388      6291456       393216
       24576          256           5.915     12582912       786432
       24576          512          11.519     25165824      1572864
       24576         1024          21.153     50331648      3145728
       24576         2048          38.312    100663296      6291456
       24576         4096          63.143    201326592     12582912
       24576         8192         106.278    402653184     25165824
       24576        16384         206.045    805306368     50331648
       24576        32768         404.946   1610612736    100663296
       26880            1           1.250        53760         3360
       26880            2           4.652       107520         6720
       26880            4           8.566       215040        13440
       26880            8           4.813       430080        26880
       26880           16           4.535       860160        53760
       26880           32           3.922      1720320       107520
       26880           64           4.276      3440640       215040
       26880          128           6.343      6881280       430080
       26880          256           7.511     13762560       860160
       26880          512          13.398     27525120      1720320
       26880         1024          27.569     55050240      3440640
       26880         2048          47.082    110100480      6881280
       26880         4096          66.093    220200960     13762560
       26880         8192         125.972    440401920     27525120
       26880        16384         265.864    880803840     55050240
       26880        32768         493.747   1761607680    110100480
       29568            1           3.410        59136         3696
       29568            2          35.790       118272         7392
       29568            4           3.259       236544        14784
       29568            8           3.958       473088        29568
       29568           16           3.913       946176        59136
       29568           32           4.523      1892352       118272
       29568           64           4.039      3784704       236544
       29568          128           7.764      7569408       473088
       29568          256           7.227     15138816       946176
       29568          512          13.134     30277632      1892352
       29568         1024          25.578     60555264      3784704
       29568         2048          43.264    121110528      7569408
       29568         4096          64.002    242221056     15138816
       29568         8192         122.774    484442112     30277632
       29568        16384         237.645    968884224     60555264
       29568        32768         483.236   1937768448    121110528
       32448            1           3.632        64896         4056
       32448            2          18.881       129792         8112
       32448            4          13.789       259584        16224
       32448            8           5.973       519168        32448
       32448           16           4.999      1038336        64896
       32448           32           3.103      2076672       129792
       32448           64           4.571      4153344       259584
       32448          128           5.192      8306688       519168
       32448          256           6.964     16613376      1038336
       32448          512          14.085     33226752      2076672
       32448         1024          26.465     66453504      4153344
       32448         2048          45.365    132907008      8306688
       32448         4096          69.626    265814016     16613376
       32448         8192         131.609    531628032     33226752
       32448        16384         272.124   1063256064     66453504
       32448        32768         504.891   2126512128    132907008
       35520            1           4.988        71040         4440
       35520            2          18.058       142080         8880
       35520            4           2.445       284160        17760
       35520            8          12.152       568320        35520
       35520           16           4.043      1136640        71040
       35520           32           4.136      2273280       142080
       35520           64           4.081      4546560       284160
       35520          128           5.132      9093120       568320
       35520          256           9.217     18186240      1136640
       35520          512          17.640     36372480      2273280
       35520         1024          27.914     72744960      4546560
       35520         2048          47.730    145489920      9093120
       35520         4096          74.637    290979840     18186240
       35520         8192         141.464    581959680     36372480
       35520        16384         274.603   1163919360     72744960
       38976            1           1.635        77952         4872
       38976            2           5.424       155904         9744
       38976            4           4.155       311808        19488
       38976            8          17.494       623616        38976
       38976           16           3.626      1247232        77952
       38976           32           3.062      2494464       155904
       38976           64           6.592      4988928       311808
       38976          128           5.151      9977856       623616
       38976          256           8.450     19955712      1247232
       38976          512          17.594     39911424      2494464
       38976         1024          27.793     79822848      4988928
       38976         2048          49.387    159645696      9977856
       38976         4096          78.965    319291392     19955712
       38976         8192         150.395    638582784     39911424
       38976        16384         293.539   1277165568     79822848
       42816            1           3.316        85632         5352
       42816            2           4.102       171264        10704
       42816            4          18.114       342528        21408
       42816            8           6.710       685056        42816
       42816           16           6.033      1370112        85632
       42816           32           5.915      2740224       171264
       42816           64           4.771      5480448       342528
       42816          128           6.955     10960896       685056
       42816          256           9.050     21921792      1370112
       42816          512          20.005     43843584      2740224
       42816         1024          32.756     87687168      5480448
       42816         2048          47.675    175374336     10960896
       42816         4096          86.282    350748672     21921792
       42816         8192         164.502    701497344     43843584
       42816        16384         329.830   1402994688     87687168
       47040            1           4.276        94080         5880
       47040            2           4.853       188160        11760
       47040            4          17.696       376320        23520
       47040            8           4.753       752640        47040
       47040           16           4.495      1505280        94080
       47040           32           5.207      3010560       188160
       47040           64           6.013      6021120       376320
       47040          128           8.422     12042240       752640
       47040          256           9.897     24084480      1505280
       47040          512          20.864     48168960      3010560
       47040         1024          33.299     96337920      6021120
       47040         2048          50.925    192675840     12042240
       47040         4096          89.659    385351680     24084480
       47040         8192         172.657    770703360     48168960
       47040        16384         356.770   1541406720     96337920
       51648            1           3.700       103296         6456
       51648            2          16.533       206592        12912
       51648            4           6.493       413184        25824
       51648            8           4.238       826368        51648
       51648           16           4.719      1652736       103296
       51648           32           4.527      3305472       206592
       51648           64           5.672      6610944       413184
       51648          128           5.847     13221888       826368
       51648          256          10.462     26443776      1652736
       51648          512          20.272     52887552      3305472
       51648         1024          42.256    105775104      6610944
       51648         2048          51.943    211550208     13221888
       51648         4096          96.306    423100416     26443776
       51648         8192         204.455    846200832     52887552
       51648        16384         369.506   1692401664    105775104
       56640            1           2.752       113280         7080
       56640            2          18.657       226560        14160
       56640            4          21.483       453120        28320
       56640            8           3.060       906240        56640
       56640           16           2.922      1812480       113280
       56640           32           3.343      3624960       226560
       56640           64           5.973      7249920       453120
       56640          128           6.929     14499840       906240
       56640          256          11.794     28999680      1812480
       56640          512          40.083     57999360      3624960
       56640         1024          45.334    115998720      7249920
       56640         2048          56.955    231997440     14499840
       56640         4096         104.420    463994880     28999680
       56640         8192         204.412    927989760     57999360
       56640        16384         399.914   1855979520    115998720
       62208            1           4.274       124416         7776
       62208            2           3.905       248832        15552
       62208            4           2.199       497664        31104
       62208            8           4.376       995328        62208
       62208           16           4.915      1990656       124416
       62208           32           5.424      3981312       248832
       62208           64           4.900      7962624       497664
       62208          128           7.319     15925248       995328
       62208          256          15.081     31850496      1990656
       62208          512          25.429     63700992      3981312
       62208         1024          48.357    127401984      7962624
       62208         2048          64.278    254803968     15925248
       62208         4096         119.956    509607936     31850496
       62208         8192         251.002   1019215872     63700992
       62208        16384         475.493   2038431744    127401984
       68352            1           5.644       136704         8544
       68352            2          20.425       273408        17088
       68352            4          13.320       546816        34176
       68352            8           4.838      1093632        68352
       68352           16           3.175      2187264       136704
       68352           32           5.470      4374528       273408
       68352           64           3.954      8749056       546816
       68352          128           9.002     17498112      1093632
       68352          256          14.912     34996224      2187264
       68352          512          25.556     69992448      4374528
       68352         1024          49.110    139984896      8749056
       68352         2048          68.949    279969792     17498112
       68352         4096         148.717    559939584     34996224
       68352         8192         270.629   1119879168     69992448
       75072            1           3.359       150144         9384
       75072            2           4.547       300288        18768
       75072            4          19.225       600576        37536
       75072            8           4.173      1201152        75072
       75072           16           5.427      2402304       150144
       75072           32           6.079      4804608       300288
       75072           64           4.721      9609216       600576
       75072          128           9.010     19218432      1201152
       75072          256          15.786     38436864      2402304
       75072          512          28.772     76873728      4804608
       75072         1024          49.096    153747456      9609216
       75072         2048          91.813    307494912     19218432
       75072         4096         144.783    614989824     38436864
       75072         8192         271.569   1229979648     76873728
       82560            1           5.272       165120        10320
       82560            2          22.097       330240        20640
       82560            4           3.953       660480        41280
       82560            8           3.611      1320960        82560
       82560           16           8.733      2641920       165120
       82560           32           3.476      5283840       330240
       82560           64           8.540     10567680       660480
       82560          128           8.992     21135360      1320960
       82560          256          18.557     42270720      2641920
       82560          512          32.385     84541440      5283840
       82560         1024          70.536    169082880     10567680
       82560         2048          80.758    338165760     21135360
       82560         4096         157.553    676331520     42270720
       82560         8192         298.359   1352663040     84541440
       90816            1           3.926       181632        11352
       90816            2          11.518       363264        22704
       90816            4           5.627       726528        45408
       90816            8          20.992      1453056        90816
       90816           16           6.161      2906112       181632
       90816           32          21.632      5812224       363264
       90816           64           5.091     11624448       726528
       90816          128           9.062     23248896      1453056
       90816          256          18.997     46497792      2906112
       90816          512          35.270     92995584      5812224
       90816         1024          52.717    185991168     11624448
       90816         2048          86.570    371982336     23248896
       90816         4096         173.720    743964672     46497792
       90816         8192         325.573   1487929344     92995584
       99840            1           2.977       199680        12480
       99840            2          10.529       399360        24960
       99840            4          14.704       798720        49920
       99840            8           3.160      1597440        99840
       99840           16           5.510      3194880       199680
       99840           32           4.771      6389760       399360
       99840           64           6.192     12779520       798720
       99840          128          11.833     25559040      1597440
       99840          256          21.055     51118080      3194880
       99840          512          41.669    102236160      6389760
       99840         1024          52.053    204472320     12779520
       99840         2048          99.943    408944640     25559040
       99840         4096         181.169    817889280     51118080
       99840         8192         367.291   1635778560    102236160
      109824            1           3.286       219648        13728
      109824            2          17.143       439296        27456
      109824            4          14.168       878592        54912
      109824            8           4.363      1757184       109824
      109824           16           3.414      3514368       219648
      109824           32           4.952      7028736       439296
      109824           64           7.927     14057472       878592
      109824          128          11.207     28114944      1757184
      109824          256          20.112     56229888      3514368
      109824          512          42.869    112459776      7028736
      109824         1024          54.902    224919552     14057472
      109824         2048         101.456    449839104     28114944
      109824         4096         205.026    899678208     56229888
      109824         8192         409.942   1799356416    112459776
      120768            1           4.288       241536        15096
      120768            2           3.529       483072        30192
      120768            4          18.299       966144        60384
      120768            8           3.723      1932288       120768
      120768           16           4.920      3864576       241536
      120768           32           5.301      7729152       483072
      120768           64           6.687     15458304       966144
      120768          128          12.100     30916608      1932288
      120768          256          24.537     61833216      3864576
      120768          512          41.637    123666432      7729152
      120768         1024          65.441    247332864     15458304
      120768         2048         129.413    494665728     30916608
      120768         4096         223.676    989331456     61833216
      120768         8192         425.013   1978662912    123666432
      132672            1           3.942       265344        16584
      132672            2           4.357       530688        33168
      132672            4          13.322      1061376        66336
      132672            8           2.185      2122752       132672
      132672           16           3.893      4245504       265344
      132672           32           5.877      8491008       530688
      132672           64           8.337     16982016      1061376
      132672          128          12.392     33964032      2122752
      132672          256          26.980     67928064      4245504
      132672          512          51.590    135856128      8491008
      132672         1024          63.619    271712256     16982016
      132672         2048         120.687    543424512     33964032
      132672         4096         240.189   1086849024     67928064
      145920            1           3.893       291840        18240
      145920            2          19.978       583680        36480
      145920            4           2.953      1167360        72960
      145920            8           4.907      2334720       145920
      145920           16           4.070      4669440       291840
      145920           32           5.106      9338880       583680
      145920           64           7.227     18677760      1167360
      145920          128          14.421     37355520      2334720
      145920          256          26.740     74711040      4669440
      145920          512          50.839    149422080      9338880
      145920         1024          69.569    298844160     18677760
      145920         2048         132.551    597688320     37355520
      145920         4096         259.166   1195376640     74711040
      160512            1           3.526       321024        20064
      160512            2           2.973       642048        40128
      160512            4          15.258      1284096        80256
      160512            8           5.838      2568192       160512
      160512           16           5.673      5136384       321024
      160512           32           5.974     10272768       642048
      160512           64          10.328     20545536      1284096
      160512          128          15.575     41091072      2568192
      160512          256          29.176     82182144      5136384
      160512          512          50.813    164364288     10272768
      160512         1024          75.932    328728576     20545536
      160512         2048         145.029    657457152     41091072
      160512         4096         287.021   1314914304     82182144
      176448            1           4.378       352896        22056
      176448            2          19.175       705792        44112
      176448            4          11.444      1411584        88224
      176448            8           3.933      2823168       176448
      176448           16           4.670      5646336       352896
      176448           32           6.514     11292672       705792
      176448           64           9.148     22585344      1411584
      176448          128          17.527     45170688      2823168
      176448          256          36.187     90341376      5646336
      176448          512          46.271    180682752     11292672
      176448         1024          82.694    361365504     22585344
      176448         2048         158.952    722731008     45170688
      176448         4096         312.862   1445462016     90341376
      193920            1           4.435       387840        24240
      193920            2           4.630       775680        48480
      193920            4           5.029      1551360        96960
      193920            8           6.888      3102720       193920
      193920           16           5.272      6205440       387840
      193920           32           7.343     12410880       775680
      193920           64          10.212     24821760      1551360
      193920          128          19.279     49643520      3102720
      193920          256          32.892     99287040      6205440
      193920          512          54.443    198574080     12410880
      193920         1024          89.481    397148160     24821760
      193920         2048         172.081    794296320     49643520
      193920         4096         360.109   1588592640     99287040
      213312            1           5.332       426624        26664
      213312            2           3.922       853248        53328
      213312            4           3.455      1706496       106656
      213312            8           4.053      3412992       213312
      213312           16           4.982      6825984       426624
      213312           32           6.563     13651968       853248
      213312           64          10.602     27303936      1706496
      213312          128          20.894     54607872      3412992
      213312          256          32.072    109215744      6825984
      213312          512          60.570    218431488     13651968
      213312         1024          97.508    436862976     27303936
      213312         2048         186.724    873725952     54607872
      213312         4096         397.639   1747451904    109215744
      234624            1           4.973       469248        29328
      234624            2           4.328       938496        58656
      234624            4          14.545      1876992       117312
      234624            8           4.666      3753984       234624
      234624           16           5.033      7507968       469248
      234624           32           7.495     15015936       938496
      234624           64          12.187     30031872      1876992
      234624          128          23.067     60063744      3753984
      234624          256          43.038    120127488      7507968
      234624          512          56.340    240254976     15015936
      234624         1024         108.560    480509952     30031872
      234624         2048         223.680    961019904     60063744
      234624         4096         410.612   1922039808    120127488
      258048            1           3.805       516096        32256
      258048            2          16.136      1032192        64512
      258048            4          31.953      2064384       129024
      258048            8           3.571      4128768       258048
      258048           16           5.412      8257536       516096
      258048           32           8.175     16515072      1032192
      258048           64          12.090     33030144      2064384
      258048          128          25.513     66060288      4128768
      258048          256          44.520    132120576      8257536
      258048          512          60.943    264241152     16515072
      258048         1024         115.750    528482304     33030144
      258048         2048         230.908   1056964608     66060288
      258048         4096         458.109   2113929216    132120576
      283776            1           3.740       567552        35472
      283776            2          19.355      1135104        70944
      283776            4           3.318      2270208       141888
      283776            8           3.841      4540416       283776
      283776           16           5.317      9080832       567552
      283776           32           9.847     18161664      1135104
      283776           64          13.309     36323328      2270208
      283776          128          29.031     72646656      4540416
      283776          256          46.584    145293312      9080832
      283776          512          67.426    290586624     18161664
      283776         1024         127.528    581173248     36323328
      283776         2048         252.196   1162346496     72646656
      312000            1           6.121       624000        39000
      312000            2          13.628      1248000        78000
      312000            4          14.211      2496000       156000
      312000            8           8.128      4992000       312000
      312000           16           5.476      9984000       624000
      312000           32           8.416     19968000      1248000
      312000           64          15.828     39936000      2496000
      312000          128          27.685     79872000      4992000
      312000          256          47.128    159744000      9984000
      312000          512          71.851    319488000     19968000
      312000         1024         140.137    638976000     39936000
      312000         2048         288.750   1277952000     79872000
      343104            1           7.211       686208        42888
      343104            2           4.126      1372416        85776
      343104            4           3.725      2744832       171552
      343104            8          11.256      5489664       343104
      343104           16           7.056     10979328       686208
      343104           32           8.259     21958656      1372416
      343104           64          18.532     43917312      2744832
      343104          128          29.236     87834624      5489664
      343104          256          50.361    175669248     10979328
      343104          512          80.304    351338496     21958656
      343104         1024         152.317    702676992     43917312
      343104         2048         317.621   1405353984     87834624
      377280            1           6.823       754560        47160
      377280            2          13.579      1509120        94320
      377280            4          13.958      3018240       188640
      377280            8           5.575      6036480       377280
      377280           16           8.325     12072960       754560
      377280           32           9.995     24145920      1509120
      377280           64          19.209     48291840      3018240
      377280          128          30.225     96583680      6036480
      377280          256          54.074    193167360     12072960
      377280          512          88.229    386334720     24145920
      377280         1024         168.308    772669440     48291840
      377280         2048         352.329   1545338880     96583680
      414912            1           7.393       829824        51864
      414912            2           4.242      1659648       103728
      414912            4           5.332      3319296       207456
      414912            8           5.299      6638592       414912
      414912           16           6.857     13277184       829824
      414912           32           9.872     26554368      1659648
      414912           64          15.825     53108736      3319296
      414912          128          37.336    106217472      6638592
      414912          256          60.054    212434944     13277184
      414912          512          94.905    424869888     26554368
      414912         1024         198.208    849739776     53108736
      414912         2048         355.003   1699479552    106217472
      456384            1           5.549       912768        57048
      456384            2          13.554      1825536       114096
      456384            4           4.038      3651072       228192
      456384            8           6.372      7302144       456384
      456384           16           8.058     14604288       912768
      456384           32          11.457     29208576      1825536
      456384           64          22.569     58417152      3651072
      456384          128          42.433    116834304      7302144
      456384          256          57.527    233668608     14604288
      456384          512         121.207    467337216     29208576
      456384         1024         210.576    934674432     58417152
      456384         2048         397.337   1869348864    116834304
      501888            1           8.103      1003776        62736
      501888            2           3.096      2007552       125472
      501888            4          15.836      4015104       250944
      501888            8          23.251      8030208       501888
      501888           16           6.836     16060416      1003776
      501888           32          12.231     32120832      2007552
      501888           64          25.350     64241664      4015104
      501888          128          44.112    128483328      8030208
      501888          256          61.490    256966656     16060416
      501888          512         111.396    513933312     32120832
      501888         1024         216.945   1027866624     64241664
      501888         2048         437.107   2055733248    128483328
      552000            1           8.027      1104000        69000
      552000            2           3.877      2208000       138000
      552000            4          14.180      4416000       276000
      552000            8           6.264      8832000       552000
      552000           16           8.348     17664000      1104000
      552000           32          13.492     35328000      2208000
      552000           64          29.597     70656000      4416000
      552000          128          51.562    141312000      8832000
      552000          256          64.514    282624000     17664000
      552000          512         125.748    565248000     35328000
      552000         1024         244.242   1130496000     70656000
      607104            1           5.897      1214208        75888
      607104            2           5.400      2428416       151776
      607104            4           5.115      4856832       303552
      607104            8           5.825      9713664       607104
      607104           16           9.163     19427328      1214208
      607104           32          15.970     38854656      2428416
      607104           64          31.083     77709312      4856832
      607104          128          51.183    155418624      9713664
      607104          256          71.411    310837248     19427328
      607104          512         135.144    621674496     38854656
      607104         1024         261.430   1243348992     77709312
      667776            1           8.938      1335552        83472
      667776            2          32.663      2671104       166944
      667776            4           4.745      5342208       333888
      667776            8           5.726     10684416       667776
      667776           16          10.834     21368832      1335552
      667776           32          18.003     42737664      2671104
      667776           64          29.936     85475328      5342208
      667776          128          57.950    170950656     10684416
      667776          256          78.095    341901312     21368832
      667776          512         151.542    683802624     42737664
      667776         1024         307.509   1367605248     85475328
      734400            1           7.789      1468800        91800
      734400            2           5.453      2937600       183600
      734400            4           3.308      5875200       367200
      734400            8           6.573     11750400       734400
      734400           16          11.193     23500800      1468800
      734400           32          17.649     47001600      2937600
      734400           64          34.387     94003200      5875200
      734400          128          56.497    188006400     11750400
      734400          256          86.689    376012800     23500800
      734400          512         164.726    752025600     47001600
      734400         1024         336.829   1504051200     94003200
      807744            1          11.303      1615488       100968
      807744            2           4.892      3230976       201936
      807744            4           6.137      6461952       403872
      807744            8           6.882     12923904       807744
      807744           16          14.789     25847808      1615488
      807744           32          24.108     51695616      3230976
      807744           64          40.041    103391232      6461952
      807744          128          56.452    206782464     12923904
      807744          256         103.433    413564928     25847808
      807744          512         228.778    827129856     51695616
      807744         1024         393.645   1654259712    103391232
      888384            1          15.097      1776768       111048
      888384            2           5.679      3553536       222096
      888384            4          23.589      7107072       444192
      888384            8           8.702     14214144       888384
      888384           16          12.439     28428288      1776768
      888384           32          23.279     56856576      3553536
      888384           64          44.995    113713152      7107072
      888384          128         100.155    227426304     14214144
      888384          256         153.037    454852608     28428288
      888384          512         300.745    909705216     56856576
      888384         1024         608.318   1819410432    113713152
      977088            1          12.497      1954176       122136
      977088            2           6.172      3908352       244272
      977088            4           5.775      7816704       488544
      977088            8           8.844     15633408       977088
      977088           16          15.447     31266816      1954176
      977088           32          28.707     62533632      3908352
      977088           64          53.686    125067264      7816704
      977088          128          86.282    250134528     15633408
      977088          256         167.480    500269056     31266816
      977088          512         348.964   1000538112     62533632
      977088         1024         655.422   2001076224    125067264
     1074624            1          14.362      2149248       134328
     1074624            2           7.509      4298496       268656
     1074624            4          15.309      8596992       537312
     1074624            8           9.287     17193984      1074624
     1074624           16          17.490     34387968      2149248
     1074624           32          35.719     68775936      4298496
     1074624           64          57.570    137551872      8596992
     1074624          128          95.917    275103744     17193984
     1074624          256         185.231    550207488     34387968
     1074624          512         377.898   1100414976     68775936
     1181952            1          13.823      2363904       147744
     1181952            2           4.908      4727808       295488
     1181952            4          16.309      9455616       590976
     1181952            8          10.930     18911232      1181952
     1181952           16          20.886     37822464      2363904
     1181952           32          33.026     75644928      4727808
     1181952           64          60.999    151289856      9455616
     1181952          128         104.782    302579712     18911232
     1181952          256         203.550    605159424     37822464
     1181952          512         416.030   1210318848     75644928
     1300032            1          19.382      2600064       162504
     1300032            2          13.716      5200128       325008
     1300032            4           9.791     10400256       650016
     1300032            8          10.434     20800512      1300032
     1300032           16          22.876     41601024      2600064
     1300032           32          39.584     83202048      5200128
     1300032           64          65.957    166404096     10400256
     1300032          128         113.983    332808192     20800512
     1300032          256         240.446    665616384     41601024
     1300032          512         437.991   1331232768     83202048
     1430016            1          24.746      2860032       178752
     1430016            2          14.911      5720064       357504
     1430016            4          25.593     11440128       715008
     1430016            8          12.175     22880256      1430016
     1430016           16          20.436     45760512      2860032
     1430016           32          41.474     91521024      5720064
     1430016           64          68.894    183042048     11440128
     1430016          128         128.287    366084096     22880256
     1430016          256         243.802    732168192     45760512
     1430016          512         494.195   1464336384     91521024
     1572864            1          26.509      3145728       196608
     1572864            2          16.754      6291456       393216
     1572864            4           7.745     12582912       786432
     1572864            8          13.276     25165824      1572864
     1572864           16          22.163     50331648      3145728
     1572864           32          43.457    100663296      6291456
     1572864           64          72.706    201326592     12582912
     1572864          128         137.764    402653184     25165824
     1572864          256         293.879    805306368     50331648
     1572864          512         528.748   1610612736    100663296
     1730112            1          30.682      3460224       216264
     1730112            2           7.591      6920448       432528
     1730112            4           9.063     13840896       865056
     1730112            8          32.322     27681792      1730112
     1730112           16          26.479     55363584      3460224
     1730112           32          48.138    110727168      6920448
     1730112           64          84.950    221454336     13840896
     1730112          128         151.332    442908672     27681792
     1730112          256         296.055    885817344     55363584
     1730112          512         597.284   1771634688    110727168
     1903104            1          26.204      3806208       237888
     1903104            2           6.892      7612416       475776
     1903104            4           8.480     15224832       951552
     1903104            8          17.248     30449664      1903104
     1903104           16          27.297     60899328      3806208
     1903104           32          51.205    121798656      7612416
     1903104           64          89.366    243597312     15224832
     1903104          128         182.942    487194624     30449664
     1903104          256         340.653    974389248     60899328
     1903104          512         656.889   1948778496    121798656
     2093376            1          33.570      4186752       261672
     2093376            2           7.884      8373504       523344
     2093376            4           9.114     16747008      1046688
     2093376            8          18.009     33494016      2093376
     2093376           16          31.710     66988032      4186752
     2093376           32          58.179    133976064      8373504
     2093376           64          93.165    267952128     16747008
     2093376          128         180.896    535904256     33494016
     2093376          256         386.666   1071808512     66988032
     2093376          512         707.819   2143617024    133976064
     2302656            1          27.563      4605312       287832
     2302656            2           7.298      9210624       575664
     2302656            4          11.442     18421248      1151328
     2302656            8          20.800     36842496      2302656
     2302656           16          34.949     73684992      4605312
     2302656           32          61.206    147369984      9210624
     2302656           64         103.020    294739968     18421248
     2302656          128         197.973    589479936     36842496
     2302656          256         416.039   1178959872     73684992
     2532864            1          35.782      5065728       316608
     2532864            2           7.547     10131456       633216
     2532864            4          10.817     20262912      1266432
     2532864            8          21.995     40525824      2532864
     2532864           16          38.028     81051648      5065728
     2532864           32          66.533    162103296     10131456
     2532864           64         112.367    324206592     20262912
     2532864          128         235.568    648413184     40525824
     2532864          256         438.298   1296826368     81051648
     2786112            1          35.868      5572224       348264
     2786112            2           8.948     11144448       696528
     2786112            4          12.507     22288896      1393056
     2786112            8          22.473     44577792      2786112
     2786112           16          41.131     89155584      5572224
     2786112           32          71.469    178311168     11144448
     2786112           64         123.078    356622336     22288896
     2786112          128         238.695    713244672     44577792
     2786112          256         477.213   1426489344     89155584
     3064704            1          53.140      6129408       383088
     3064704            2           8.691     12258816       766176
     3064704            4          14.042     24517632      1532352
     3064704            8          22.808     49035264      3064704
     3064704           16          43.217     98070528      6129408
     3064704           32          77.592    196141056     12258816
     3064704           64         135.586    392282112     24517632
     3064704          128         262.288    784564224     49035264
     3064704          256         552.796   1569128448     98070528
     3371136            1          49.914      6742272       421392
     3371136            2          10.404     13484544       842784
     3371136            4          14.226     26969088      1685568
     3371136            8          24.607     53938176      3371136
     3371136           16          64.509    107876352      6742272
     3371136           32          82.869    215752704     13484544
     3371136           64         147.893    431505408     26969088
     3371136          128         299.983    863010816     53938176
     3371136          256         587.097   1726021632    107876352
     3708096            1          55.398      7416192       463512
     3708096            2           9.497     14832384       927024
     3708096            4          17.517     29664768      1854048
     3708096            8          27.172     59329536      3708096
     3708096           16          50.692    118659072      7416192
     3708096           32          89.503    237318144     14832384
     3708096           64         161.452    474636288     29664768
     3708096          128         348.550    949272576     59329536
     3708096          256         628.882   1898545152    118659072
     4078848            1          54.876      8157696       509856
     4078848            2           9.876     16315392      1019712
     4078848            4          16.539     32630784      2039424
     4078848            8          29.598     65261568      4078848
     4078848           16          57.021    130523136      8157696
     4078848           32          92.817    261046272     16315392
     4078848           64         177.928    522092544     32630784
     4078848          128         361.530   1044185088     65261568
     4078848          256         706.441   2088370176    130523136
     4486656            1          74.867      8973312       560832
     4486656            2          11.064     17946624      1121664
     4486656            4          20.444     35893248      2243328
     4486656            8          35.203     71786496      4486656
     4486656           16          62.197    143572992      8973312
     4486656           32         101.574    287145984     17946624
     4486656           64         194.509    574291968     35893248
     4486656          128         389.819   1148583936     71786496
     4935168            1          61.266      9870336       616896
     4935168            2          11.462     19740672      1233792
     4935168            4          24.540     39481344      2467584
     4935168            8          38.632     78962688      4935168
     4935168           16          69.147    157925376      9870336
     4935168           32         111.025    315850752     19740672
     4935168           64         213.498    631701504     39481344
     4935168          128         440.569   1263403008     78962688
     5428608            1          66.730     10857216       678576
     5428608            2          13.917     21714432      1357152
     5428608            4          24.015     43428864      2714304
     5428608            8          42.212     86857728      5428608
     5428608           16          70.851    173715456     10857216
     5428608           32         121.665    347430912     21714432
     5428608           64         253.383    694861824     43428864
     5428608          128         466.534   1389723648     86857728
     5971392            1          75.310     11942784       746424
     5971392            2          14.496     23885568      1492848
     5971392            4          24.384     47771136      2985696
     5971392            8          42.254     95542272      5971392
     5971392           16          74.497    191084544     11942784
     5971392           32         132.711    382169088     23885568
     5971392           64         256.758    764338176     47771136
     5971392          128         528.150   1528676352     95542272
     6568512            1          82.930     13137024       821064
     6568512            2          16.971     26274048      1642128
     6568512            4          27.505     52548096      3284256
     6568512            8          47.435    105096192      6568512
     6568512           16          81.551    210192384     13137024
     6568512           32         145.861    420384768     26274048
     6568512           64         281.770    840769536     52548096
     6568512          128         590.019   1681539072    105096192
     7225344            1          91.165     14450688       903168
     7225344            2          16.822     28901376      1806336
     7225344            4          29.592     57802752      3612672
     7225344            8          69.114    115605504      7225344
     7225344           16          89.529    231211008     14450688
     7225344           32         159.834    462422016     28901376
     7225344           64         309.920    924844032     57802752
     7225344          128         635.405   1849688064    115605504
     7947840            1          96.617     15895680       993480
     7947840            2          19.240     31791360      1986960
     7947840            4          31.623     63582720      3973920
     7947840            8          56.191    127165440      7947840
     7947840           16          95.511    254330880     15895680
     7947840           32         193.131    508661760     31791360
     7947840           64         349.089   1017323520     63582720
     7947840          128         687.706   2034647040    127165440
     8742528            1         108.771     17485056      1092816
     8742528            2          21.282     34970112      2185632
     8742528            4          35.433     69940224      4371264
     8742528            8          63.595    139880448      8742528
     8742528           16         101.227    279760896     17485056
     8742528           32         191.347    559521792     34970112
     8742528           64         402.970   1119043584     69940224
     9616704            1         122.769     19233408      1202088
     9616704            2          23.396     38466816      2404176
     9616704            4          39.204     76933632      4808352
     9616704            8          67.851    153867264      9616704
     9616704           16         110.437    307734528     19233408
     9616704           32         228.943    615469056     38466816
     9616704           64         421.598   1230938112     76933632
    10578240            1         133.191     21156480      1322280
    10578240            2          44.054     42312960      2644560
    10578240            4          44.567     84625920      5289120
    10578240            8          72.119    169251840     10578240
    10578240           16         121.168    338503680     21156480
    10578240           32         230.924    677007360     42312960
    10578240           64         460.976   1354014720     84625920
    11635968            1         141.067     23271936      1454496
    11635968            2          29.657     46543872      2908992
    11635968            4          47.588     93087744      5817984
    11635968            8          77.446    186175488     11635968
    11635968           16         132.049    372350976     23271936
    11635968           32         264.058    744701952     46543872
    11635968           64         514.664   1489403904     93087744
    12799488            1         156.243     25598976      1599936
    12799488            2          34.329     51197952      3199872
    12799488            4          50.014    102395904      6399744
    12799488            8          82.659    204791808     12799488
    12799488           16         163.908    409583616     25598976
    12799488           32         276.760    819167232     51197952
    12799488           64         544.055   1638334464    102395904
    14079360            1         165.903     28158720      1759920
    14079360            2          36.345     56317440      3519840
    14079360            4          54.025    112634880      7039680
    14079360            8          89.894    225269760     14079360
    14079360           16         158.225    450539520     28158720
    14079360           32         335.447    901079040     56317440
    14079360           64         605.577   1802158080    112634880
    15487296            1         223.059     30974592      1935912
    15487296            2          43.505     61949184      3871824
    15487296            4          60.656    123898368      7743648
    15487296            8          94.807    247796736     15487296
    15487296           16         185.346    495593472     30974592
    15487296           32         334.632    991186944     61949184
    15487296           64         679.456   1982373888    123898368
    17035968            1         214.182     34071936      2129496
    17035968            2          45.398     68143872      4258992
    17035968            4          88.743    136287744      8517984
    17035968            8         105.372    272575488     17035968
    17035968           16         191.174    545150976     34071936
    17035968           32         371.423   1090301952     68143872
    18739392            1         218.330     37478784      2342424
    18739392            2          52.598     74957568      4684848
    18739392            4          91.147    149915136      9369696
    18739392            8         121.373    299830272     18739392
    18739392           16         217.444    599660544     37478784
    18739392           32         405.357   1199321088     74957568
    20613312            1         267.840     41226624      2576664
    20613312            2          67.035     82453248      5153328
    20613312            4          80.194    164906496     10306656
    20613312            8         125.088    329812992     20613312
    20613312           16         232.158    659625984     41226624
    20613312           32         471.993   1319251968     82453248
    22674624            1         261.998     45349248      2834328
    22674624            2          74.360     90698496      5668656
    22674624            4         100.119    181396992     11337312
    22674624            8         138.499    362793984     22674624
    22674624           16         283.443    725587968     45349248
    22674624           32         494.391   1451175936     90698496
    24941952            1         279.193     49883904      3117744
    24941952            2          99.776     99767808      6235488
    24941952            4          92.893    199535616     12470976
    24941952            8         155.149    399071232     24941952
    24941952           16         304.704    798142464     49883904
    24941952           32         584.304   1596284928     99767808
    27436032            1         210.812     54872064      3429504
    27436032            2         105.203    109744128      6859008
    27436032            4         140.017    219488256     13718016
    27436032            8         195.835    438976512     27436032
    27436032           16         373.435    877953024     54872064
    27436032           32         711.699   1755906048    109744128
    30179520            1         148.657     60359040      3772440
    30179520            2         125.620    120718080      7544880
    30179520            4         174.658    241436160     15089760
    30179520            8         265.007    482872320     30179520
    30179520           16         456.342    965744640     60359040
    30179520           32         879.737   1931489280    120718080
    33197376            1         169.011     66394752      4149672
    33197376            2         145.233    132789504      8299344
    33197376            4         189.238    265579008     16598688
    33197376            8         325.150    531158016     33197376
    33197376           16         584.282   1062316032     66394752
    33197376           32        1071.386   2124632064    132789504
    36517056            1         175.390     73034112      4564632
    36517056            2         187.831    146068224      9129264
    36517056            4         221.140    292136448     18258528
    36517056            8         372.914    584272896     36517056
    36517056           16         672.346   1168545792     73034112
    40168704            1         188.568     80337408      5021088
    40168704            2         193.780    160674816     10042176
    40168704            4         266.424    321349632     20084352
    40168704            8         431.129    642699264     40168704
    40168704           16         757.537   1285398528     80337408
    44185536            1         213.917     88371072      5523192
    44185536            2         235.294    176742144     11046384
    44185536            4         289.997    353484288     22092768
    44185536            8         460.978    706968576     44185536
    44185536           16         837.703   1413937152     88371072
    48604032            1         250.912     97208064      6075504
    48604032            2         252.679    194416128     12151008
    48604032            4         321.951    388832256     24302016
    48604032            8         544.835    777664512     48604032
    48604032           16         935.319   1555329024     97208064
    53464320            1         268.987    106928640      6683040
    53464320            2         286.397    213857280     13366080
    53464320            4         384.566    427714560     26732160
    53464320            8         626.691    855429120     53464320
    53464320           16        1094.921   1710858240    106928640
    58810752            1         325.051    117621504      7351344
    58810752            2         434.539    235243008     14702688
    58810752            4         477.213    470486016     29405376
    58810752            8         800.790    940972032     58810752
    58810752           16        1349.067   1881944064    117621504
    64691712            1         365.281    129383424      8086464
    64691712            2         473.982    258766848     16172928
    64691712            4         577.689    517533696     32345856
    64691712            8         919.918   1035067392     64691712
    64691712           16        1547.371   2070134784    129383424
    71160768            1         431.591    142321536      8895096
    71160768            2         621.599    284643072     17790192
    71160768            4         722.959    569286144     35580384
    71160768            8        1153.193   1138572288     71160768
    78276672            1         474.181    156553344      9784584
    78276672            2         754.088    313106688     19569168
    78276672            4         988.881    626213376     39138336
    78276672            8        1591.923   1252426752     78276672
    86104320            1         545.689    172208640     10763040
    86104320            2         953.527    344417280     21526080
    86104320            4        1300.576    688834560     43052160
    86104320            8        2234.474   1377669120     86104320
    94714752            1         658.273    189429504     11839344
    94714752            2        2181.137    378859008     23678688
    94714752            4        1641.033    757718016     47357376
    94714752            8        2696.970   1515436032     94714752
   104186112            1         720.788    208372224     13023264
   104186112            2        1339.146    416744448     26046528
   104186112            4        1936.957    833488896     52093056
   104186112            8        3228.110   1666977792    104186112
   114604608            1         867.337    229209216     14325576
   114604608            2        1595.950    458418432     28651152
   114604608            4        2306.967    916836864     57302304
   114604608            8        3885.145   1833673728    114604608
   126064896            1         996.720    252129792     15758112
   126064896            2        1836.133    504259584     31516224
   126064896            4        2694.725   1008519168     63032448
   126064896            8        4454.419   2017038336    126064896
   138671232            1        1094.823    277342464     17333904
   138671232            2        2102.888    554684928     34667808
   138671232            4        3117.682   1109369856     69335616
   152538240            1        1279.943    305076480     19067280
   152538240            2        2436.576    610152960     38134560
   152538240            4        3607.706   1220305920     76269120
   167792064            1        1472.716    335584128     20974008
   167792064            2        2750.454    671168256     41948016
   167792064            4        4159.411   1342336512     83896032
   184571136            1        1604.248    369142272     23071392
   184571136            2        3114.911    738284544     46142784
   184571136            4        4635.060   1476569088     92285568
   203028096            1        1793.034    406056192     25378512
   203028096            2        3546.520    812112384     50757024
   203028096            4        5261.920   1624224768    101514048
   223330752            1        2015.124    446661504     27916344
   223330752            2        3947.147    893323008     55832688
   223330752            4        5913.449   1786646016    111665376
   245663808            1        2300.402    491327616     30707976
   245663808            2        4486.596    982655232     61415952
   245663808            4        6604.234   1965310464    122831904
   270230016            1        2540.449    540460032     33778752
   270230016            2        4968.048   1080920064     67557504
   297252864            1        2854.039    594505728     37156608
   297252864            2        5575.235   1189011456     74313216
   326978112            1        3175.222    653956224     40872264
   326978112            2        6265.242   1307912448     81744528
   359675904            1        3533.078    719351808     44959488
   359675904            2        6989.131   1438703616     89918976
   395643456            1        3940.804    791286912     49455432
   395643456            2        7781.858   1582573824     98910864
   435207744            1        4402.747    870415488     54400968
   435207744            2        8656.863   1740830976    108801936
   478728384            1        4885.394    957456768     59841048
   478728384            2        9650.139   1914913536    119682096
   526601088            1        5379.494   1053202176     65825136
   526601088            2       10672.373   2106404352    131650272
   579261120            1        5972.811   1158522240     72407640
   637187136            1        6583.711   1274374272     79648392
   700905792            1        7311.203   1401811584     87613224
   770996352            1        8000.337   1541992704     96374544
   848095872            1        8918.000   1696191744    106011984
   932905344            1        9848.152   1865810688    116613168
  1026195840            1       10874.249   2052391680    128274480

META_DATA
FLOPS          1
MPI_PROCS      1
OPENMP_THREADS 24
ERT_VERSION  1.1.0
HOSTNAME  ('deepv.deep', [], ['10.2.8.6'])
UNAME  uname_result(system='Linux', node='deepv', release='4.18.0-513.24.1.el8_9.x86_64', version='#1 SMP Thu Apr 4 18:13:02 UTC 2024', machine='x86_64')
TIMESTAMP_DATA  1713372723.817236
CONFIG  {'ERT_RESULTS': ['Results.cn.deep.fz-juelich.de.01.gcc2023-O3-fastmath'], 'ERT_DRIVER': ['driver1'], 'ERT_KERNEL': ['kernel1'], 'ERT_MPI': ['True'], 'ERT_MPI_CFLAGS': ['-I', '/p/software/deep/stages/2023/software/psmpi/5.9.2-1-GCC-11.3.0/include'], 'ERT_MPI_LDFLAGS': ['-L', '/p/software/deep/stages/2023/software/psmpi/5.9.2-1-GCC-11.3.0/lib', '-lmpi'], 'ERT_OPENMP': ['True'], 'ERT_OPENMP_CFLAGS': ['-fopenmp'], 'ERT_OPENMP_LDFLAGS': ['-fopenmp'], 'ERT_FLOPS': ['1,2,4,8,16,64,128'], 'ERT_ALIGN': ['64'], 'ERT_CC': ['mpicxx'], 'ERT_CFLAGS': ['-g', '-O3', '-mavx'], 'ERT_LD': ['mpicxx'], 'ERT_LDFLAGS': [], 'ERT_LDLIBS': [], 'ERT_PRECISION': ['FP64'], 'ERT_RUN': ['export', 'OMP_NUM_THREADS=ERT_OPENMP_THREADS;', 'export', 'OMP_PLACES="cores(ERT_OPENMP_THREADS)";', 'srun', '-p', 'dp-cn', '-n', 'ERT_MPI_PROCS', '-c', '48', '--ntasks-per-node', '1', 'ERT_CODE'], 'ERT_PROCS_THREADS': ['24'], 'ERT_MPI_PROCS': ['1'], 'ERT_OPENMP_THREADS': ['24'], 'ERT_NUM_EXPERIMENTS': ['5'], 'ERT_MEMORY_MAX': ['1073741824'], 'ERT_WORKING_SET_MIN': ['128'], 'ERT_TRIALS_MIN': ['1'], 'ERT_GNUPLOT': ['gnuplot'], 'ERT_GPU': [False], 'ERT_HIP': [False], 'ERT_OCL': [False], 'ERT_SYCL': [False], 'ERT_WSS_MULT': [1.1]}
