srun: job 501137 queued and waiting for resources
srun: job 501137 has been allocated resources
fp64
       24576            1           2.448        49152         3072
       24576            2          14.763        98304         6144
       24576            4          11.430       196608        12288
       24576            8          17.963       393216        24576
       24576           16           3.823       786432        49152
       24576           32           4.224      1572864        98304
       24576           64           4.646      3145728       196608
       24576          128           5.249      6291456       393216
       24576          256           6.559     12582912       786432
       24576          512          10.751     25165824      1572864
       24576         1024          21.137     50331648      3145728
       24576         2048          33.888    100663296      6291456
       24576         4096          57.632    201326592     12582912
       24576         8192         129.160    402653184     25165824
       24576        16384         205.115    805306368     50331648
       24576        32768         403.072   1610612736    100663296
       26880            1           1.959        53760         3360
       26880            2          16.556       107520         6720
       26880            4          13.187       215040        13440
       26880            8           2.717       430080        26880
       26880           16           5.236       860160        53760
       26880           32           5.270      1720320       107520
       26880           64           7.090      3440640       215040
       26880          128           5.166      6881280       430080
       26880          256           7.611     13762560       860160
       26880          512          13.563     27525120      1720320
       26880         1024          27.031     55050240      3440640
       26880         2048          51.170    110100480      6881280
       26880         4096          64.308    220200960     13762560
       26880         8192         129.980    440401920     27525120
       26880        16384         263.295    880803840     55050240
       26880        32768         496.761   1761607680    110100480
       29568            1           1.797        59136         3696
       29568            2           4.963       118272         7392
       29568            4           5.201       236544        14784
       29568            8          10.924       473088        29568
       29568           16          10.356       946176        59136
       29568           32           5.533      1892352       118272
       29568           64           4.350      3784704       236544
       29568          128           5.384      7569408       473088
       29568          256           8.238     15138816       946176
       29568          512          13.058     30277632      1892352
       29568         1024          24.508     60555264      3784704
       29568         2048          44.990    121110528      7569408
       29568         4096          64.077    242221056     15138816
       29568         8192         121.565    484442112     30277632
       29568        16384         237.698    968884224     60555264
       29568        32768         483.067   1937768448    121110528
       32448            1           3.501        64896         4056
       32448            2          14.001       129792         8112
       32448            4           3.966       259584        16224
       32448            8           4.760       519168        32448
       32448           16          13.136      1038336        64896
       32448           32           2.406      2076672       129792
       32448           64           3.046      4153344       259584
       32448          128           7.279      8306688       519168
       32448          256           8.727     16613376      1038336
       32448          512          13.983     33226752      2076672
       32448         1024          25.619     66453504      4153344
       32448         2048          41.475    132907008      8306688
       32448         4096          89.334    265814016     16613376
       32448         8192         131.134    531628032     33226752
       32448        16384         255.149   1063256064     66453504
       32448        32768         505.226   2126512128    132907008
       35520            1           2.140        71040         4440
       35520            2           4.229       142080         8880
       35520            4           5.025       284160        17760
       35520            8           4.656       568320        35520
       35520           16           3.381      1136640        71040
       35520           32           4.039      2273280       142080
       35520           64           7.003      4546560       284160
       35520          128           4.377      9093120       568320
       35520          256           8.013     18186240      1136640
       35520          512          15.382     36372480      2273280
       35520         1024          27.872     72744960      4546560
       35520         2048          48.939    145489920      9093120
       35520         4096          72.515    290979840     18186240
       35520         8192         139.291    581959680     36372480
       35520        16384         290.245   1163919360     72744960
       38976            1           1.577        77952         4872
       38976            2           4.758       155904         9744
       38976            4           5.258       311808        19488
       38976            8           5.062       623616        38976
       38976           16           2.837      1247232        77952
       38976           32           2.876      2494464       155904
       38976           64           3.002      4988928       311808
       38976          128           9.163      9977856       623616
       38976          256           8.654     19955712      1247232
       38976          512          17.144     39911424      2494464
       38976         1024          25.379     79822848      4988928
       38976         2048          48.658    159645696      9977856
       38976         4096          79.199    319291392     19955712
       38976         8192         172.005    638582784     39911424
       38976        16384         294.193   1277165568     79822848
       42816            1           4.891        85632         5352
       42816            2          11.052       171264        10704
       42816            4           4.238       342528        21408
       42816            8           2.694       685056        42816
       42816           16           5.566      1370112        85632
       42816           32           4.280      2740224       171264
       42816           64           5.479      5480448       342528
       42816          128           6.182     10960896       685056
       42816          256           8.800     21921792      1370112
       42816          512          18.343     43843584      2740224
       42816         1024          34.365     87687168      5480448
       42816         2048          46.088    175374336     10960896
       42816         4096          84.703    350748672     21921792
       42816         8192         168.736    701497344     43843584
       42816        16384         335.475   1402994688     87687168
       47040            1           1.907        94080         5880
       47040            2          18.488       188160        11760
       47040            4           4.926       376320        23520
       47040            8           5.198       752640        47040
       47040           16           3.823      1505280        94080
       47040           32           5.707      3010560       188160
       47040           64           4.946      6021120       376320
       47040          128           5.475     12042240       752640
       47040          256           9.686     24084480      1505280
       47040          512          19.808     48168960      3010560
       47040         1024          37.511     96337920      6021120
       47040         2048          47.816    192675840     12042240
       47040         4096          90.048    385351680     24084480
       47040         8192         172.249    770703360     48168960
       47040        16384         361.171   1541406720     96337920
       51648            1           3.725       103296         6456
       51648            2          15.716       206592        12912
       51648            4          14.178       413184        25824
       51648            8           6.581       826368        51648
       51648           16           4.631      1652736       103296
       51648           32           3.354      3305472       206592
       51648           64           5.098      6610944       413184
       51648          128           7.117     13221888       826368
       51648          256          10.412     26443776      1652736
       51648          512          20.599     52887552      3305472
       51648         1024          38.796    105775104      6610944
       51648         2048          51.936    211550208     13221888
       51648         4096          96.357    423100416     26443776
       51648         8192         207.171    846200832     52887552
       51648        16384         368.143   1692401664    105775104
       56640            1           5.024       113280         7080
       56640            2           2.356       226560        14160
       56640            4          12.982       453120        28320
       56640            8           4.794       906240        56640
       56640           16           4.718      1812480       113280
       56640           32           5.279      3624960       226560
       56640           64           6.022      7249920       453120
       56640          128           6.242     14499840       906240
       56640          256          12.117     28999680      1812480
       56640          512          25.295     57999360      3624960
       56640         1024          43.075    115998720      7249920
       56640         2048          55.231    231997440     14499840
       56640         4096         104.404    463994880     28999680
       56640         8192         203.519    927989760     57999360
       56640        16384         398.750   1855979520    115998720
       62208            1           4.234       124416         7776
       62208            2          13.604       248832        15552
       62208            4          13.217       497664        31104
       62208            8           3.869       995328        62208
       62208           16           3.569      1990656       124416
       62208           32           4.590      3981312       248832
       62208           64           4.921      7962624       497664
       62208          128           7.844     15925248       995328
       62208          256          13.574     31850496      1990656
       62208          512          27.208     63700992      3981312
       62208         1024          45.771    127401984      7962624
       62208         2048          71.595    254803968     15925248
       62208         4096         120.529    509607936     31850496
       62208         8192         251.122   1019215872     63700992
       62208        16384         465.237   2038431744    127401984
       68352            1           4.138       136704         8544
       68352            2           5.505       273408        17088
       68352            4          15.890       546816        34176
       68352            8          12.360      1093632        68352
       68352           16           4.245      2187264       136704
       68352           32           7.414      4374528       273408
       68352           64           4.576      8749056       546816
       68352          128           8.535     17498112      1093632
       68352          256          16.155     34996224      2187264
       68352          512          26.479     69992448      4374528
       68352         1024          50.167    139984896      8749056
       68352         2048          70.340    279969792     17498112
       68352         4096         131.127    559939584     34996224
       68352         8192         254.194   1119879168     69992448
       75072            1           4.084       150144         9384
       75072            2           6.016       300288        18768
       75072            4           3.867       600576        37536
       75072            8          11.398      1201152        75072
       75072           16           3.189      2402304       150144
       75072           32           4.959      4804608       300288
       75072           64           5.426      9609216       600576
       75072          128           9.198     19218432      1201152
       75072          256          16.750     38436864      2402304
       75072          512          29.300     76873728      4804608
       75072         1024          51.736    153747456      9609216
       75072         2048          73.675    307494912     19218432
       75072         4096         140.556    614989824     38436864
       75072         8192         288.560   1229979648     76873728
       82560            1           2.134       165120        10320
       82560            2          16.804       330240        20640
       82560            4          13.319       660480        41280
       82560            8           2.290      1320960        82560
       82560           16           5.451      2641920       165120
       82560           32           3.831      5283840       330240
       82560           64           5.906     10567680       660480
       82560          128          10.729     21135360      1320960
       82560          256          17.804     42270720      2641920
       82560          512          32.496     84541440      5283840
       82560         1024          49.378    169082880     10567680
       82560         2048          80.314    338165760     21135360
       82560         4096         153.300    676331520     42270720
       82560         8192         326.794   1352663040     84541440
       90816            1           3.618       181632        11352
       90816            2           4.299       363264        22704
       90816            4          13.770       726528        45408
       90816            8          12.909      1453056        90816
       90816           16           4.780      2906112       181632
       90816           32           5.216      5812224       363264
       90816           64           6.192     11624448       726528
       90816          128           9.403     23248896      1453056
       90816          256          21.727     46497792      2906112
       90816          512          35.127     92995584      5812224
       90816         1024          52.921    185991168     11624448
       90816         2048         103.856    371982336     23248896
       90816         4096         166.662    743964672     46497792
       90816         8192         325.697   1487929344     92995584
       99840            1           4.431       199680        12480
       99840            2          11.424       399360        24960
       99840            4           3.603       798720        49920
       99840            8           3.386      1597440        99840
       99840           16           3.921      3194880       199680
       99840           32           4.739      6389760       399360
       99840           64           5.633     12779520       798720
       99840          128          10.483     25559040      1597440
       99840          256          20.770     51118080      3194880
       99840          512          35.508    102236160      6389760
       99840         1024          53.994    204472320     12779520
       99840         2048          92.594    408944640     25559040
       99840         4096         180.191    817889280     51118080
       99840         8192         357.742   1635778560    102236160
      109824            1           1.250       219648        13728
      109824            2           3.716       439296        27456
      109824            4          29.714       878592        54912
      109824            8           3.170      1757184       109824
      109824           16           6.979      3514368       219648
      109824           32           5.869      7028736       439296
      109824           64           8.286     14057472       878592
      109824          128          12.571     28114944      1757184
      109824          256          20.782     56229888      3514368
      109824          512          39.386    112459776      7028736
      109824         1024          54.173    224919552     14057472
      109824         2048         105.243    449839104     28114944
      109824         4096         199.389    899678208     56229888
      109824         8192         407.369   1799356416    112459776
      120768            1           3.594       241536        15096
      120768            2           5.064       483072        30192
      120768            4          14.248       966144        60384
      120768            8          12.268      1932288       120768
      120768           16           6.960      3864576       241536
      120768           32           6.317      7729152       483072
      120768           64          10.290     15458304       966144
      120768          128          11.735     30916608      1932288
      120768          256          23.748     61833216      3864576
      120768          512          45.534    123666432      7729152
      120768         1024          59.724    247332864     15458304
      120768         2048         130.983    494665728     30916608
      120768         4096         215.616    989331456     61833216
      120768         8192         425.387   1978662912    123666432
      132672            1           2.204       265344        16584
      132672            2           3.841       530688        33168
      132672            4          13.783      1061376        66336
      132672            8           4.718      2122752       132672
      132672           16           7.141      4245504       265344
      132672           32           6.677      8491008       530688
      132672           64           8.262     16982016      1061376
      132672          128          14.124     33964032      2122752
      132672          256          26.521     67928064      4245504
      132672          512          45.000    135856128      8491008
      132672         1024          64.049    271712256     16982016
      132672         2048         121.336    543424512     33964032
      132672         4096         237.035   1086849024     67928064
      145920            1           2.712       291840        18240
      145920            2           4.374       583680        36480
      145920            4           3.483      1167360        72960
      145920            8           3.891      2334720       145920
      145920           16           4.338      4669440       291840
      145920           32           9.310      9338880       583680
      145920           64           8.882     18677760      1167360
      145920          128          15.369     37355520      2334720
      145920          256          27.159     74711040      4669440
      145920          512          50.746    149422080      9338880
      145920         1024          70.137    298844160     18677760
      145920         2048         132.735    597688320     37355520
      145920         4096         276.830   1195376640     74711040
      160512            1           3.059       321024        20064
      160512            2           6.657       642048        40128
      160512            4           3.651      1284096        80256
      160512            8           4.285      2568192       160512
      160512           16           6.590      5136384       321024
      160512           32           5.468     10272768       642048
      160512           64           9.263     20545536      1284096
      160512          128          14.339     41091072      2568192
      160512          256          29.591     82182144      5136384
      160512          512          50.043    164364288     10272768
      160512         1024          74.877    328728576     20545536
      160512         2048         146.442    657457152     41091072
      160512         4096         300.342   1314914304     82182144
      176448            1           4.990       352896        22056
      176448            2           4.746       705792        44112
      176448            4          20.211      1411584        88224
      176448            8           5.939      2823168       176448
      176448           16           6.448      5646336       352896
      176448           32           5.909     11292672       705792
      176448           64           9.012     22585344      1411584
      176448          128          16.830     45170688      2823168
      176448          256          32.225     90341376      5646336
      176448          512          56.571    180682752     11292672
      176448         1024          82.399    361365504     22585344
      176448         2048         176.557    722731008     45170688
      176448         4096         309.314   1445462016     90341376
      193920            1           2.603       387840        24240
      193920            2           3.383       775680        48480
      193920            4          15.306      1551360        96960
      193920            8          12.324      3102720       193920
      193920           16           4.444      6205440       387840
      193920           32           6.275     12410880       775680
      193920           64           8.503     24821760      1551360
      193920          128          36.475     49643520      3102720
      193920          256          31.661     99287040      6205440
      193920          512          60.997    198574080     12410880
      193920         1024          89.205    397148160     24821760
      193920         2048         170.997    794296320     49643520
      193920         4096         334.580   1588592640     99287040
      213312            1           4.987       426624        26664
      213312            2          17.815       853248        53328
      213312            4          16.532      1706496       106656
      213312            8           5.858      3412992       213312
      213312           16           5.264      6825984       426624
      213312           32           7.345     13651968       853248
      213312           64          11.042     27303936      1706496
      213312          128          20.505     54607872      3412992
      213312          256          39.598    109215744      6825984
      213312          512          51.937    218431488     13651968
      213312         1024          98.167    436862976     27303936
      213312         2048         189.074    873725952     54607872
      213312         4096         397.504   1747451904    109215744
      234624            1           6.156       469248        29328
      234624            2          12.303       938496        58656
      234624            4           5.308      1876992       117312
      234624            8           5.477      3753984       234624
      234624           16           5.740      7507968       469248
      234624           32           7.141     15015936       938496
      234624           64          13.500     30031872      1876992
      234624          128          24.832     60063744      3753984
      234624          256          41.751    120127488      7507968
      234624          512          56.360    240254976     15015936
      234624         1024         106.739    480509952     30031872
      234624         2048         238.455    961019904     60063744
      234624         4096         405.606   1922039808    120127488
      258048            1           5.055       516096        32256
      258048            2          10.271      1032192        64512
      258048            4           3.990      2064384       129024
      258048            8           5.148      4128768       258048
      258048           16           5.018      8257536       516096
      258048           32           6.754     16515072      1032192
      258048           64          13.358     33030144      2064384
      258048          128          25.494     66060288      4128768
      258048          256          44.857    132120576      8257536
      258048          512          62.883    264241152     16515072
      258048         1024         118.090    528482304     33030144
      258048         2048         236.139   1056964608     66060288
      258048         4096         458.525   2113929216    132120576
      283776            1           5.642       567552        35472
      283776            2           4.613      1135104        70944
      283776            4           4.990      2270208       141888
      283776            8           5.575      4540416       283776
      283776           16           6.414      9080832       567552
      283776           32           8.532     18161664      1135104
      283776           64          13.072     36323328      2270208
      283776          128          26.794     72646656      4540416
      283776          256          51.175    145293312      9080832
      283776          512          66.189    290586624     18161664
      283776         1024         126.694    581173248     36323328
      283776         2048         277.429   1162346496     72646656
      312000            1           4.578       624000        39000
      312000            2          17.905      1248000        78000
      312000            4           3.990      2496000       156000
      312000            8           4.567      4992000       312000
      312000           16           7.034      9984000       624000
      312000           32           8.338     19968000      1248000
      312000           64          14.085     39936000      2496000
      312000          128          29.575     79872000      4992000
      312000          256          50.683    159744000      9984000
      312000          512          75.398    319488000     19968000
      312000         1024         156.841    638976000     39936000
      312000         2048         279.166   1277952000     79872000
      343104            1           8.081       686208        42888
      343104            2           4.561      1372416        85776
      343104            4           3.682      2744832       171552
      343104            8           5.064      5489664       343104
      343104           16           5.654     10979328       686208
      343104           32          10.676     21958656      1372416
      343104           64          16.159     43917312      2744832
      343104          128          31.535     87834624      5489664
      343104          256          51.631    175669248     10979328
      343104          512          79.004    351338496     21958656
      343104         1024         151.974    702676992     43917312
      343104         2048         300.502   1405353984     87834624
      377280            1           4.308       754560        47160
      377280            2          12.737      1509120        94320
      377280            4           4.950      3018240       188640
      377280            8          17.142      6036480       377280
      377280           16           6.844     12072960       754560
      377280           32           9.516     24145920      1509120
      377280           64          18.632     48291840      3018240
      377280          128          31.857     96583680      6036480
      377280          256          55.170    193167360     12072960
      377280          512          86.279    386334720     24145920
      377280         1024         167.423    772669440     48291840
      377280         2048         332.249   1545338880     96583680
      414912            1           3.425       829824        51864
      414912            2          13.837      1659648       103728
      414912            4          14.039      3319296       207456
      414912            8           5.429      6638592       414912
      414912           16           7.122     13277184       829824
      414912           32          10.806     26554368      1659648
      414912           64          21.004     53108736      3319296
      414912          128          32.581    106217472      6638592
      414912          256          59.324    212434944     13277184
      414912          512          94.351    424869888     26554368
      414912         1024         181.870    849739776     53108736
      414912         2048         379.073   1699479552    106217472
      456384            1           4.488       912768        57048
      456384            2          21.614      1825536       114096
      456384            4           3.818      3651072       228192
      456384            8           5.692      7302144       456384
      456384           16           8.798     14604288       912768
      456384           32          12.449     29208576      1825536
      456384           64          21.952     58417152      3651072
      456384          128          40.886    116834304      7302144
      456384          256          75.120    233668608     14604288
      456384          512         105.541    467337216     29208576
      456384         1024         199.489    934674432     58417152
      456384         2048         396.971   1869348864    116834304
      501888            1           3.799      1003776        62736
      501888            2          30.628      2007552       125472
      501888            4           5.467      4015104       250944
      501888            8           6.592      8030208       501888
      501888           16           8.388     16060416      1003776
      501888           32          14.136     32120832      2007552
      501888           64          27.088     64241664      4015104
      501888          128          47.848    128483328      8030208
      501888          256          59.760    256966656     16060416
      501888          512         112.161    513933312     32120832
      501888         1024         217.566   1027866624     64241664
      501888         2048         452.411   2055733248    128483328
      552000            1           8.285      1104000        69000
      552000            2          13.783      2208000       138000
      552000            4          15.442      4416000       276000
      552000            8           5.710      8832000       552000
      552000           16           9.204     17664000      1104000
      552000           32          14.168     35328000      2208000
      552000           64          27.346     70656000      4416000
      552000          128          48.007    141312000      8832000
      552000          256          64.745    282624000     17664000
      552000          512         141.993    565248000     35328000
      552000         1024         245.708   1130496000     70656000
      607104            1           7.444      1214208        75888
      607104            2           5.985      2428416       151776
      607104            4           4.556      4856832       303552
      607104            8           4.132      9713664       607104
      607104           16           8.123     19427328      1214208
      607104           32          13.912     38854656      2428416
      607104           64          28.185     77709312      4856832
      607104          128          49.349    155418624      9713664
      607104          256          89.901    310837248     19427328
      607104          512         135.676    621674496     38854656
      607104         1024         269.781   1243348992     77709312
      667776            1           6.996      1335552        83472
      667776            2           4.776      2671104       166944
      667776            4          31.626      5342208       333888
      667776            8           5.091     10684416       667776
      667776           16          10.723     21368832      1335552
      667776           32          16.122     42737664      2671104
      667776           64          34.045     85475328      5342208
      667776          128          54.659    170950656     10684416
      667776          256          77.672    341901312     21368832
      667776          512         149.088    683802624     42737664
      667776         1024         287.643   1367605248     85475328
      734400            1           8.296      1468800        91800
      734400            2           3.572      2937600       183600
      734400            4          13.743      5875200       367200
      734400            8           6.222     11750400       734400
      734400           16          10.637     23500800      1468800
      734400           32          19.680     47001600      2937600
      734400           64          30.528     94003200      5875200
      734400          128          54.940    188006400     11750400
      734400          256          86.994    376012800     23500800
      734400          512         165.433    752025600     47001600
      734400         1024         324.694   1504051200     94003200
      807744            1           9.249      1615488       100968
      807744            2          16.708      3230976       201936
      807744            4           3.812      6461952       403872
      807744            8           7.527     12923904       807744
      807744           16          12.437     25847808      1615488
      807744           32          19.065     51695616      3230976
      807744           64          37.148    103391232      6461952
      807744          128          61.987    206782464     12923904
      807744          256         104.015    413564928     25847808
      807744          512         200.338    827129856     51695616
      807744         1024         426.057   1654259712    103391232
      888384            1          12.071      1776768       111048
      888384            2          16.355      3553536       222096
      888384            4           4.238      7107072       444192
      888384            8           7.745     14214144       888384
      888384           16          12.236     28428288      1776768
      888384           32          26.801     56856576      3553536
      888384           64          46.705    113713152      7107072
      888384          128          99.365    227426304     14214144
      888384          256         159.833    454852608     28428288
      888384          512         300.233    909705216     56856576
      888384         1024         608.099   1819410432    113713152
      977088            1           9.681      1954176       122136
      977088            2          14.310      3908352       244272
      977088            4          16.323      7816704       488544
      977088            8          10.695     15633408       977088
      977088           16          16.297     31266816      1954176
      977088           32          31.188     62533632      3908352
      977088           64          55.242    125067264      7816704
      977088          128          89.064    250134528     15633408
      977088          256         196.366    500269056     31266816
      977088          512         334.167   1000538112     62533632
      977088         1024         672.874   2001076224    125067264
     1074624            1          11.089      2149248       134328
     1074624            2           7.000      4298496       268656
     1074624            4           5.418      8596992       537312
     1074624            8           9.363     17193984      1074624
     1074624           16          16.416     34387968      2149248
     1074624           32          31.670     68775936      4298496
     1074624           64          57.738    137551872      8596992
     1074624          128          95.453    275103744     17193984
     1074624          256         213.174    550207488     34387968
     1074624          512         363.531   1100414976     68775936
     1181952            1          13.096      2363904       147744
     1181952            2           8.944      4727808       295488
     1181952            4           7.801      9455616       590976
     1181952            8          10.705     18911232      1181952
     1181952           16          19.258     37822464      2363904
     1181952           32          37.672     75644928      4727808
     1181952           64          81.579    151289856      9455616
     1181952          128         105.806    302579712     18911232
     1181952          256         201.937    605159424     37822464
     1181952          512         406.701   1210318848     75644928
     1300032            1          14.166      2600064       162504
     1300032            2           7.425      5200128       325008
     1300032            4          19.185     10400256       650016
     1300032            8          10.593     20800512      1300032
     1300032           16          18.489     41601024      2600064
     1300032           32          39.756     83202048      5200128
     1300032           64          66.212    166404096     10400256
     1300032          128         115.667    332808192     20800512
     1300032          256         222.047    665616384     41601024
     1300032          512         458.319   1331232768     83202048
     1430016            1          16.930      2860032       178752
     1430016            2           6.071      5720064       357504
     1430016            4           9.738     11440128       715008
     1430016            8          13.525     22880256      1430016
     1430016           16          19.945     45760512      2860032
     1430016           32          40.785     91521024      5720064
     1430016           64          71.452    183042048     11440128
     1430016          128         144.072    366084096     22880256
     1430016          256         243.756    732168192     45760512
     1430016          512         488.441   1464336384     91521024
     1572864            1          22.772      3145728       196608
     1572864            2          21.743      6291456       393216
     1572864            4           7.733     12582912       786432
     1572864            8          14.790     25165824      1572864
     1572864           16          23.088     50331648      3145728
     1572864           32          43.198    100663296      6291456
     1572864           64          73.709    201326592     12582912
     1572864          128         138.001    402653184     25165824
     1572864          256         276.000    805306368     50331648
     1572864          512         546.551   1610612736    100663296
     1730112            1          31.713      3460224       216264
     1730112            2           4.804      6920448       432528
     1730112            4           9.152     13840896       865056
     1730112            8          14.427     27681792      1730112
     1730112           16          24.222     55363584      3460224
     1730112           32          50.330    110727168      6920448
     1730112           64          80.083    221454336     13840896
     1730112          128         149.742    442908672     27681792
     1730112          256         294.634    885817344     55363584
     1730112          512         593.934   1771634688    110727168
     1903104            1          29.385      3806208       237888
     1903104            2           7.002      7612416       475776
     1903104            4           8.887     15224832       951552
     1903104            8          17.712     30449664      1903104
     1903104           16          27.337     60899328      3806208
     1903104           32          53.405    121798656      7612416
     1903104           64          84.858    243597312     15224832
     1903104          128         184.854    487194624     30449664
     1903104          256         323.078    974389248     60899328
     1903104          512         650.579   1948778496    121798656
     2093376            1          30.967      4186752       261672
     2093376            2           6.074      8373504       523344
     2093376            4          12.320     16747008      1046688
     2093376            8          17.950     33494016      2093376
     2093376           16          29.718     66988032      4186752
     2093376           32          57.161    133976064      8373504
     2093376           64          93.148    267952128     16747008
     2093376          128         199.740    535904256     33494016
     2093376          256         355.245   1071808512     66988032
     2093376          512         715.504   2143617024    133976064
     2302656            1          35.198      4605312       287832
     2302656            2           6.882      9210624       575664
     2302656            4          10.490     18421248      1151328
     2302656            8          17.742     36842496      2302656
     2302656           16          34.875     73684992      4605312
     2302656           32          59.654    147369984      9210624
     2302656           64         101.699    294739968     18421248
     2302656          128         215.817    589479936     36842496
     2302656          256         388.759   1178959872     73684992
     2532864            1          33.988      5065728       316608
     2532864            2           6.977     10131456       633216
     2532864            4          13.411     20262912      1266432
     2532864            8          19.005     40525824      2532864
     2532864           16          37.723     81051648      5065728
     2532864           32          64.160    162103296     10131456
     2532864           64         111.923    324206592     20262912
     2532864          128         217.278    648413184     40525824
     2532864          256         426.658   1296826368     81051648
     2786112            1          39.173      5572224       348264
     2786112            2           8.826     11144448       696528
     2786112            4          11.762     22288896      1393056
     2786112            8          20.448     44577792      2786112
     2786112           16          39.062     89155584      5572224
     2786112           32          70.293    178311168     11144448
     2786112           64         122.265    356622336     22288896
     2786112          128         239.079    713244672     44577792
     2786112          256         487.395   1426489344     89155584
     3064704            1          38.404      6129408       383088
     3064704            2          27.245     12258816       766176
     3064704            4          15.080     24517632      1532352
     3064704            8          22.289     49035264      3064704
     3064704           16          42.312     98070528      6129408
     3064704           32          74.860    196141056     12258816
     3064704           64         134.111    392282112     24517632
     3064704          128         261.700    784564224     49035264
     3064704          256         537.460   1569128448     98070528
     3371136            1          51.991      6742272       421392
     3371136            2           8.497     13484544       842784
     3371136            4          14.385     26969088      1685568
     3371136            8          24.097     53938176      3371136
     3371136           16          46.232    107876352      6742272
     3371136           32          78.182    215752704     13484544
     3371136           64         146.442    431505408     26969088
     3371136          128         313.531    863010816     53938176
     3371136          256         567.464   1726021632    107876352
     3708096            1          50.087      7416192       463512
     3708096            2          11.110     14832384       927024
     3708096            4          15.598     29664768      1854048
     3708096            8          26.021     59329536      3708096
     3708096           16          51.500    118659072      7416192
     3708096           32          87.251    237318144     14832384
     3708096           64         163.303    474636288     29664768
     3708096          128         341.158    949272576     59329536
     3708096          256         624.418   1898545152    118659072
     4078848            1          54.190      8157696       509856
     4078848            2          10.062     16315392      1019712
     4078848            4          19.309     32630784      2039424
     4078848            8          29.567     65261568      4078848
     4078848           16          57.382    130523136      8157696
     4078848           32          94.145    261046272     16315392
     4078848           64         177.187    522092544     32630784
     4078848          128         370.570   1044185088     65261568
     4078848          256         684.582   2088370176    130523136
     4486656            1          58.968      8973312       560832
     4486656            2          14.383     17946624      1121664
     4486656            4          20.606     35893248      2243328
     4486656            8          33.417     71786496      4486656
     4486656           16          60.450    143572992      8973312
     4486656           32         100.794    287145984     17946624
     4486656           64         202.001    574291968     35893248
     4486656          128         397.971   1148583936     71786496
     4935168            1          61.582      9870336       616896
     4935168            2          13.165     19740672      1233792
     4935168            4          23.093     39481344      2467584
     4935168            8          37.980     78962688      4935168
     4935168           16          64.075    157925376      9870336
     4935168           32         109.284    315850752     19740672
     4935168           64         238.850    631701504     39481344
     4935168          128         418.266   1263403008     78962688
     5428608            1          68.794     10857216       678576
     5428608            2          15.352     21714432      1357152
     5428608            4          23.550     43428864      2714304
     5428608            8          59.574     86857728      5428608
     5428608           16          70.136    173715456     10857216
     5428608           32         121.521    347430912     21714432
     5428608           64         242.506    694861824     43428864
     5428608          128         460.357   1389723648     86857728
     5971392            1          74.482     11942784       746424
     5971392            2          14.703     23885568      1492848
     5971392            4          24.644     47771136      2985696
     5971392            8          43.182     95542272      5971392
     5971392           16          75.050    191084544     11942784
     5971392           32         132.907    382169088     23885568
     5971392           64         257.966    764338176     47771136
     5971392          128         531.146   1528676352     95542272
     6568512            1          80.315     13137024       821064
     6568512            2          16.080     26274048      1642128
     6568512            4          26.550     52548096      3284256
     6568512            8          65.684    105096192      6568512
     6568512           16          81.961    210192384     13137024
     6568512           32         144.426    420384768     26274048
     6568512           64         280.775    840769536     52548096
     6568512          128         566.194   1681539072    105096192
     7225344            1          90.870     14450688       903168
     7225344            2          18.216     28901376      1806336
     7225344            4          28.771     57802752      3612672
     7225344            8          54.141    115605504      7225344
     7225344           16          99.541    231211008     14450688
     7225344           32         212.012    462422016     28901376
     7225344           64         407.275    924844032     57802752
     7225344          128         902.470   1849688064    115605504
     7947840            1         130.077     15895680       993480
     7947840            2          22.500     31791360      1986960
     7947840            4          38.531     63582720      3973920
     7947840            8          69.863    127165440      7947840
     7947840           16         128.289    254330880     15895680
     7947840           32         250.523    508661760     31791360
     7947840           64         505.351   1017323520     63582720
     7947840          128         979.888   2034647040    127165440
     8742528            1         112.302     17485056      1092816
     8742528            2          23.626     34970112      2185632
     8742528            4          44.112     69940224      4371264
     8742528            8          73.568    139880448      8742528
     8742528           16         157.637    279760896     17485056
     8742528           32         268.359    559521792     34970112
     8742528           64         531.398   1119043584     69940224
     9616704            1         112.819     19233408      1202088
     9616704            2          24.181     38466816      2404176
     9616704            4          40.857     76933632      4808352
     9616704            8          64.731    153867264      9616704
     9616704           16         109.330    307734528     19233408
     9616704           32         212.497    615469056     38466816
     9616704           64         425.799   1230938112     76933632
    10578240            1         125.782     21156480      1322280
    10578240            2          27.333     42312960      2644560
    10578240            4          42.330     84625920      5289120
    10578240            8          72.139    169251840     10578240
    10578240           16         139.075    338503680     21156480
    10578240           32         230.619    677007360     42312960
    10578240           64         460.872   1354014720     84625920
    11635968            1         132.040     23271936      1454496
    11635968            2          28.541     46543872      2908992
    11635968            4          45.684     93087744      5817984
    11635968            8          75.347    186175488     11635968
    11635968           16         132.277    372350976     23271936
    11635968           32         262.415    744701952     46543872
    11635968           64         510.692   1489403904     93087744
    12799488            1         153.887     25598976      1599936
    12799488            2          33.703     51197952      3199872
    12799488            4          50.003    102395904      6399744
    12799488            8         102.861    204791808     12799488
    12799488           16         145.570    409583616     25598976
    12799488           32         288.754    819167232     51197952
    12799488           64         558.790   1638334464    102395904
    14079360            1         167.598     28158720      1759920
    14079360            2          36.063     56317440      3519840
    14079360            4          53.921    112634880      7039680
    14079360            8          87.736    225269760     14079360
    14079360           16         160.772    450539520     28158720
    14079360           32         332.387    901079040     56317440
    14079360           64         597.630   1802158080    112634880
    15487296            1         180.923     30974592      1935912
    15487296            2          38.266     61949184      3871824
    15487296            4          63.534    123898368      7743648
    15487296            8          94.831    247796736     15487296
    15487296           16         174.446    495593472     30974592
    15487296           32         357.306    991186944     61949184
    15487296           64         659.251   1982373888    123898368
    17035968            1         198.870     34071936      2129496
    17035968            2          45.185     68143872      4258992
    17035968            4          64.914    136287744      8517984
    17035968            8         100.808    272575488     17035968
    17035968           16         189.822    545150976     34071936
    17035968           32         390.302   1090301952     68143872
    18739392            1         221.909     37478784      2342424
    18739392            2          49.321     74957568      4684848
    18739392            4          69.932    149915136      9369696
    18739392            8         112.126    299830272     18739392
    18739392           16         227.465    599660544     37478784
    18739392           32         406.463   1199321088     74957568
    20613312            1         273.457     41226624      2576664
    20613312            2          70.358     82453248      5153328
    20613312            4          80.097    164906496     10306656
    20613312            8         123.623    329812992     20613312
    20613312           16         230.025    659625984     41226624
    20613312           32         466.007   1319251968     82453248
    22674624            1         241.527     45349248      2834328
    22674624            2          73.787     90698496      5668656
    22674624            4          89.086    181396992     11337312
    22674624            8         136.791    362793984     22674624
    22674624           16         262.474    725587968     45349248
    22674624           32         516.491   1451175936     90698496
    24941952            1         233.966     49883904      3117744
    24941952            2          86.076     99767808      6235488
    24941952            4         111.915    199535616     12470976
    24941952            8         158.281    399071232     24941952
    24941952           16         281.576    798142464     49883904
    24941952           32         568.169   1596284928     99767808
    27436032            1         185.981     54872064      3429504
    27436032            2          97.963    109744128      6859008
    27436032            4         118.782    219488256     13718016
    27436032            8         221.252    438976512     27436032
    27436032           16         366.240    877953024     54872064
    27436032           32         709.455   1755906048    109744128
    30179520            1         176.040     60359040      3772440
    30179520            2         125.448    120718080      7544880
    30179520            4         174.172    241436160     15089760
    30179520            8         254.187    482872320     30179520
    30179520           16         462.619    965744640     60359040
    30179520           32         883.953   1931489280    120718080
    33197376            1         180.776     66394752      4149672
    33197376            2         149.670    132789504      8299344
    33197376            4         189.748    265579008     16598688
    33197376            8         312.094    531158016     33197376
    33197376           16         577.901   1062316032     66394752
    33197376           32        1075.015   2124632064    132789504
    36517056            1         218.053     73034112      4564632
    36517056            2         176.071    146068224      9129264
    36517056            4         220.786    292136448     18258528
    36517056            8         367.417    584272896     36517056
    36517056           16         673.418   1168545792     73034112
    40168704            1         234.058     80337408      5021088
    40168704            2         201.474    160674816     10042176
    40168704            4         252.135    321349632     20084352
    40168704            8         433.080    642699264     40168704
    40168704           16         745.336   1285398528     80337408
    44185536            1         255.922     88371072      5523192
    44185536            2         259.849    176742144     11046384
    44185536            4         300.670    353484288     22092768
    44185536            8         467.097    706968576     44185536
    44185536           16         853.493   1413937152     88371072
    48604032            1         329.838     97208064      6075504
    48604032            2         328.510    194416128     12151008
    48604032            4         355.018    388832256     24302016
    48604032            8         613.276    777664512     48604032
    48604032           16        1132.786   1555329024     97208064
    53464320            1         352.751    106928640      6683040
    53464320            2         422.427    213857280     13366080
    53464320            4         512.861    427714560     26732160
    53464320            8         797.365    855429120     53464320
    53464320           16        1492.441   1710858240    106928640
    58810752            1         406.764    117621504      7351344
    58810752            2         540.353    235243008     14702688
    58810752            4         676.124    470486016     29405376
    58810752            8        1119.908    940972032     58810752
    58810752           16        1937.552   1881944064    117621504
    64691712            1         454.405    129383424      8086464
    64691712            2         674.847    258766848     16172928
    64691712            4         879.310    517533696     32345856
    64691712            8        1485.837   1035067392     64691712
    64691712           16        2522.435   2070134784    129383424
    71160768            1         487.166    142321536      8895096
    71160768            2         830.032    284643072     17790192
    71160768            4        1076.907    569286144     35580384
    71160768            8        1790.653   1138572288     71160768
    78276672            1         579.954    156553344      9784584
    78276672            2         963.077    313106688     19569168
    78276672            4        1283.700    626213376     39138336
    78276672            8        2114.172   1252426752     78276672
    86104320            1         665.721    172208640     10763040
    86104320            2        1113.787    344417280     21526080
    86104320            4        1496.930    688834560     43052160
    86104320            8        2458.786   1377669120     86104320
    94714752            1         756.131    189429504     11839344
    94714752            2        1320.877    378859008     23678688
    94714752            4        1699.915    757718016     47357376
    94714752            8        2847.094   1515436032     94714752
   104186112            1         832.643    208372224     13023264
   104186112            2        1453.309    416744448     26046528
   104186112            4        1991.557    833488896     52093056
   104186112            8        3319.933   1666977792    104186112
   114604608            1         940.931    229209216     14325576
   114604608            2        1696.171    458418432     28651152
   114604608            4        2340.455    916836864     57302304
   114604608            8        3931.600   1833673728    114604608
   126064896            1        1047.822    252129792     15758112
   126064896            2        1934.941    504259584     31516224
   126064896            4        2806.604   1008519168     63032448
   126064896            8        4690.328   2017038336    126064896
   138671232            1        1183.282    277342464     17333904
   138671232            2        2219.195    554684928     34667808
   138671232            4        3254.373   1109369856     69335616
   152538240            1        1345.831    305076480     19067280
   152538240            2        2487.501    610152960     38134560
   152538240            4        3660.710   1220305920     76269120
   167792064            1        1519.359    335584128     20974008
   167792064            2        2851.090    671168256     41948016
   167792064            4        4156.456   1342336512     83896032
   184571136            1        1722.726    369142272     23071392
   184571136            2        3261.808    738284544     46142784
   184571136            4        4750.041   1476569088     92285568
   203028096            1        1941.591    406056192     25378512
   203028096            2        3670.190    812112384     50757024
   203028096            4        5355.349   1624224768    101514048
   223330752            1        2145.952    446661504     27916344
   223330752            2        4106.298    893323008     55832688
   223330752            4        6065.521   1786646016    111665376
   245663808            1        2366.542    491327616     30707976
   245663808            2        4633.507    982655232     61415952
   245663808            4        6786.341   1965310464    122831904
   270230016            1        2694.471    540460032     33778752
   270230016            2        5116.873   1080920064     67557504
   297252864            1        2993.656    594505728     37156608
   297252864            2        6111.599   1189011456     74313216
   326978112            1        3254.396    653956224     40872264
   326978112            2        6328.965   1307912448     81744528
   359675904            1        3659.582    719351808     44959488
   359675904            2        7099.779   1438703616     89918976
   395643456            1        3998.131    791286912     49455432
   395643456            2        7819.525   1582573824     98910864
   435207744            1        4447.851    870415488     54400968
   435207744            2        8708.714   1740830976    108801936
   478728384            1        4932.108    957456768     59841048
   478728384            2        9758.416   1914913536    119682096
   526601088            1        5464.378   1053202176     65825136
   526601088            2       10803.885   2106404352    131650272
   579261120            1        6016.074   1158522240     72407640
   637187136            1        6645.491   1274374272     79648392
   700905792            1        7369.774   1401811584     87613224
   770996352            1        8088.448   1541992704     96374544
   848095872            1        9214.293   1696191744    106011984
   932905344            1        9785.559   1865810688    116613168
  1026195840            1       10866.696   2052391680    128274480

META_DATA
FLOPS          1
MPI_PROCS      1
OPENMP_THREADS 24
ERT_VERSION  1.1.0
HOSTNAME  ('deepv.deep', [], ['10.2.8.6'])
UNAME  uname_result(system='Linux', node='deepv', release='4.18.0-513.24.1.el8_9.x86_64', version='#1 SMP Thu Apr 4 18:13:02 UTC 2024', machine='x86_64')
TIMESTAMP_DATA  1713372871.5154366
CONFIG  {'ERT_RESULTS': ['Results.cn.deep.fz-juelich.de.01.gcc2023-O3-fastmath'], 'ERT_DRIVER': ['driver1'], 'ERT_KERNEL': ['kernel1'], 'ERT_MPI': ['True'], 'ERT_MPI_CFLAGS': ['-I', '/p/software/deep/stages/2023/software/psmpi/5.9.2-1-GCC-11.3.0/include'], 'ERT_MPI_LDFLAGS': ['-L', '/p/software/deep/stages/2023/software/psmpi/5.9.2-1-GCC-11.3.0/lib', '-lmpi'], 'ERT_OPENMP': ['True'], 'ERT_OPENMP_CFLAGS': ['-fopenmp'], 'ERT_OPENMP_LDFLAGS': ['-fopenmp'], 'ERT_FLOPS': ['1,2,4,8,16,64,128'], 'ERT_ALIGN': ['64'], 'ERT_CC': ['mpicxx'], 'ERT_CFLAGS': ['-g', '-O3', '-mavx'], 'ERT_LD': ['mpicxx'], 'ERT_LDFLAGS': [], 'ERT_LDLIBS': [], 'ERT_PRECISION': ['FP64'], 'ERT_RUN': ['export', 'OMP_NUM_THREADS=ERT_OPENMP_THREADS;', 'export', 'OMP_PLACES="cores(ERT_OPENMP_THREADS)";', 'srun', '-p', 'dp-cn', '-n', 'ERT_MPI_PROCS', '-c', '48', '--ntasks-per-node', '1', 'ERT_CODE'], 'ERT_PROCS_THREADS': ['24'], 'ERT_MPI_PROCS': ['1'], 'ERT_OPENMP_THREADS': ['24'], 'ERT_NUM_EXPERIMENTS': ['5'], 'ERT_MEMORY_MAX': ['1073741824'], 'ERT_WORKING_SET_MIN': ['128'], 'ERT_TRIALS_MIN': ['1'], 'ERT_GNUPLOT': ['gnuplot'], 'ERT_GPU': [False], 'ERT_HIP': [False], 'ERT_OCL': [False], 'ERT_SYCL': [False], 'ERT_WSS_MULT': [1.1]}
