fp64
 24576 32768 81905.34 81939.102 82014.771 19.63808124270688 19.656216588753924 19.664319029748246 157.10464994165503 157.2497327100314 157.31455223798596
 26880 32768 89630.441 89659.443 89705.238 19.637734866719825 19.647765155088013 19.654122643444317 157.1018789337586 157.1821212407041 157.23298114755454
 29568 32768 99870.332 99886.537 99967.144 19.384053304553746 19.399695957023717 19.402843759446 155.07242643642996 155.19756765618973 155.222750075568
 32448 32768 109990.257 110060.576 110109.309 19.312737018447734 19.32128837850167 19.333640869663572 154.50189614758187 154.57030702801336 154.66912695730858
 35520 16384 60096.834 60177.129 60561.331 19.218853693952003 19.341556823024906 19.367398954826804 153.75082955161602 154.73245458419925 154.93919163861443
 38976 16384 66515.045 66557.92 67602.714 18.892223291508678 19.188784264892895 19.201153182712275 151.13778633206942 153.51027411914316 153.6092254616982
 42816 16384 72896.831 72925.384 72980.621 19.224208684110813 19.238769973429275 19.24630561786698 153.7936694728865 153.9101597874342 153.97044494293584
 47040 16384 79339.141 80261.243 80318.232 19.191243153858267 19.204869777558766 19.428074221272446 153.52994523086613 153.63895822047013 155.42459377017957
 51648 16384 87043.918 87922.487 87999.952 19.23184758100777 19.248791995613136 19.443077734621273 153.85478064806216 153.99033596490509 155.54462187697018
 56640 16384 95908.252 95961.411 97430.17 19.04933061288921 19.340894435159985 19.351614499240377 152.3946449031137 154.72715548127988 154.812915993923
 62208 16384 103643.482 103757.079 104810.005 19.448827848066603 19.646194396046944 19.667727334749326 155.59062278453283 157.16955516837555 157.3418186779946
 68352 8192 57000.042 57965.518 58003.478 19.30710375677817 19.31974744019367 19.646988470640075 154.45683005422535 154.55797952154936 157.1759077651206
 75072 8192 63346.845 63381.165 64392.776 19.101205514109225 19.406075101333336 19.41658890825581 152.8096441128738 155.2486008106667 155.3327112660465
 82560 8192 69106.356 69981.024 70030.534 19.31533236630753 19.328997529387394 19.573641533059565 154.52265893046024 154.63198023509915 156.58913226447652
 90816 8192 76026.172 76082.491 77114.247 19.295129005149985 19.55679058930918 19.571277954123484 154.36103204119988 156.45432471447344 156.57022363298788
 99840 8192 83245.039 84134.382 84138.126 19.441585375932902 19.442450531103923 19.65016269618181 155.53268300746322 155.53960424883138 157.20130156945447
 109824 8192 91464.723 91474.271 92514.303 19.449494377101882 19.67062865141609 19.672682067817558 155.59595501681505 157.36502921132873 157.38145654254046
 120768 8192 100960.035 101009.755 101392.045 19.5149719290108 19.588829930336924 19.598476882461462 156.1197754320864 156.7106394426954 156.7878150596917
 132672 4096 55707.805 55934.432 55972.127 19.417683090728353 19.430768940319265 19.509815976414796 155.34146472582682 155.44615152255412 156.07852781131837
 145920 4096 60769.609 60801.443 60836.487 19.64900833277898 19.660333390442727 19.670632404430975 157.19206666223184 157.2826671235418 157.3650592354478
 160512 4096 66823.869 66864.442 67919.543 19.359881499791598 19.665374669544093 19.67731476308263 154.87905199833278 157.32299735635274 157.41851810466105
 176448 4096 73872.661 73900.208 73947.92 19.54702736736882 19.559647464050443 19.566941226064674 156.37621893895056 156.47717971240354 156.5355298085174
 193920 4096 80837.187 80885.068 81917.984 19.392477236744497 19.640122451278643 19.651755571356038 155.13981789395598 157.12097961022914 157.2140445708483
 213312 4096 89187.7 89217.692 89290.829 19.57034024177332 19.58638320300866 19.59296970322141 156.56272193418656 156.69106562406927 156.74375762577128
 234624 4096 97764.275 97858.531 98903.427 19.433500600540363 19.641004093960905 19.65994027982103 155.4680048043229 157.12803275168724 157.27952223856823
 258048 4096 107475.128 107512.374 107572.847 19.651141295907134 19.662194567482995 19.669008591457548 157.20913036725707 157.29755653986396 157.35206873166038
 283776 2048 59110.152 59139.443 59191.921 19.636911192660904 19.654336210099242 19.664075571993116 157.09528954128723 157.23468968079393 157.31260457594493
 312000 2048 65049.418 65086.58 66033.36 19.353126964915916 19.634646650661317 19.64586370319255 154.82501571932733 157.07717320529053 157.1669096255404
 343104 2048 71575.527 71633.568 72574.185 19.364378449444523 19.61865118878345 19.634560064084475 154.91502759555618 156.9492095102676 157.0764805126758
 377280 2048 78642.548 78927.17 79836.351 19.35633155378056 19.579301779095843 19.650162911812068 154.85065243024448 156.63441423276674 157.20130329449654
 414912 2048 86456.979 86496.548 86544.914 19.63696621155577 19.647946551577988 19.656938880550058 157.09572969244616 157.1835724126239 157.25551104440046
 456384 2048 95083.897 95144.282 96198.727 19.432158015978736 19.64751664214566 19.65999420490727 155.4572641278299 157.18013313716529 157.27995363925817
 501888 2048 104534.795 104639.377 105394.861 19.50506152287634 19.64588577395678 19.66554053126521 156.0404921830107 157.16708619165425 157.3243242501217
 552000 1024 57492.306 57531.516 57556.699 19.64143218150853 19.65002973326828 19.66343113807263 157.13145745206825 157.20023786614624 157.30744910458105
 607104 1024 63213.215 63255.453 64200.822 19.366558764621423 19.655996962032663 19.669130766406994 154.9324701169714 157.2479756962613 157.35304613125595
 667776 1024 69539.411 69567.512 69603.842 19.648416074503473 19.658676998539203 19.666621104973125 157.18732859602778 157.26941598831363 157.332968839785
 734400 1024 76491.389 76532.063 76539.254 19.650716742026255 19.652563135531835 19.66301330990342 157.20573393621004 157.22050508425468 157.30410647922736
 807744 1024 84189.057 84210.466 85099.27 19.43917629375669 19.644348150264364 19.649343643319344 155.51341035005353 157.1547852021149 157.19474914655476
 888384 1024 92505.359 92548.728 92600.924 19.647864766446606 19.658945847424288 19.668162489915854 157.18291813157285 157.2715667793943 157.34529991932683
 977088 1024 101736.962 101794.28 102865.824 19.45326587769326 19.658041925341976 19.66911714937979 155.62612702154607 157.2643354027358 157.35293719503832
 1074624 512 55959.473 56003.597 56961.41 19.3186049291968 19.649005330854013 19.664498555946015 154.5488394335744 157.1920426468321 157.31598844756812
 1181952 512 61539.277 61559.253 61653.144 19.631096964008844 19.661038576930103 19.66742066209195 157.04877571207075 157.28830861544083 157.3393652967356
 1300032 512 67652.013 67683.345 67781.807 19.639971651980304 19.668542800300425 19.677651986497427 157.11977321584243 157.3483424024034 157.42121589197941
 1430016 512 74471.941 74763.733 75408.35 19.418756463972493 19.58618604557908 19.66292759846289 155.35005171177994 156.68948836463264 157.30342078770312
 1572864 512 81883.412 81933.076 81955.261 19.652341001024936 19.657662260843225 19.669585043671603 157.2187280081995 157.2612980867458 157.35668034937282
 1730112 512 89999.289 90104.226 94377.967 18.771697932421027 19.662059890509465 19.684985378051152 150.17358345936822 157.29647912407572 157.47988302440922
 1903104 512 99108.213 99183.053 142945.895 13.632979778817715 19.648301166934235 19.66313827089184 109.06383823054172 157.18640933547388 157.3051061671347
 2093376 512 108938.466 109001.302 143419.868 14.946443989196814 19.665976320172764 19.677319708173606 119.57155191357451 157.3278105613821 157.41855766538885
 2302656 256 59932.335 59961.556 65452.733 18.012385701296843 19.66192925347034 19.671515751889196 144.09908561037474 157.29543402776272 157.37212601511357
 2532864 256 65950.729 65967.36 72182.012 17.966060131435516 19.65860643809302 19.66356380988601 143.72848105148412 157.26885150474416 157.30851047908808
 2786112 256 72518.738 72585.869 78743.371 18.11567533729284 19.65243874121008 19.670631113299297 144.9254026983427 157.21950992968064 157.36504890639438
 3064704 256 79752.721 79795.877 86958.239 18.044620797806175 19.66427974718544 19.674920533432335 144.3569663824494 157.31423797748351 157.39936426745868
 3371136 256 87725.086 87771.403 87842.694 19.64900611996258 19.664965729213645 19.675348417441278 157.19204895970063 157.31972583370916 157.40278733953022
 3708096 256 96416.657 96546.491 101875.197 18.635989994699102 19.664569186672978 19.69104935882604 149.08791995759282 157.31655349338382 157.5283948706083
 4078848 256 106130.203 106261.506 114476.181 18.24283582625804 19.653120444199242 19.67743504645893 145.94268661006433 157.22496355359394 157.41948037167143
 4486656 128 58396.058 58439.069 62493.023 18.379394704589664 19.654384569336653 19.668860798788852 147.03515763671732 157.23507655469322 157.35088639031082
 4935168 128 64199.939 64261.388 68641.631 18.405783627140213 19.660375340787844 19.67919327773816 147.2462690171217 157.28300272630275 157.4335462219053
 5428608 128 70658.899 70698.126 89354.433 15.552934547746498 19.65714972416666 19.668062588974102 124.42347638197198 157.2571977933333 157.34450071179282
 5971392 128 77662.434 77699.446 85169.386 17.94866000325516 19.674224601292526 19.683600851345968 143.58928002604128 157.3937968103402 157.46880681076775
 6568512 128 85474.415 85534.076 96617.879 17.404015585976587 19.6592884454612 19.673010596211746 139.2321246878127 157.2743075636896 157.38408476969397
 7225344 128 94004.442 94096.208 110008.862 16.813991440071437 19.657413442208 19.676602771600944 134.5119315205715 157.259307537664 157.41282217280755
 7947840 128 103382.2 103511.008 111184.277 18.29977308752028 19.656334908843704 19.680825519286685 146.39818470016223 157.25067927074963 157.44660415429348
 8742528 64 56857.489 56889.698 56940.251 19.652944346873355 19.670408234545384 19.68155125527967 157.22355477498684 157.36326587636307 157.45241004223735
 9616704 64 62620.582 63473.464 63559.883 19.36658870187033 19.39295627539723 19.657085141750997 154.93270961496265 155.14365020317783 157.25668113400798
 10578240 64 68796.112 68843.672 69949.285 19.35709164146567 19.667961929747147 19.681558748552536 154.85673313172535 157.34369543797717 157.4524699884203
 11635968 64 75698.048 75709.06 75751.716 19.661652338014363 19.672730106542073 19.675591951855882 157.2932187041149 157.38184085233658 157.40473561484706
 12799488 64 83200.368 83316.523 84166.288 19.465447543558057 19.663980264754926 19.691432903277544 155.72358034846445 157.3118421180394 157.53146322622035
 14079360 64 91555.148 91561.937 91675.288 19.6580574690968 19.682393569284145 19.68385305870512 157.2644597527744 157.45914855427316 157.47082446964097
 15487296 64 100658.862 100704.321 100797.227 19.666948655244255 19.68509263867635 19.693982711626525 157.33558924195404 157.4807411094108 157.5518616930122
 17035968 32 55349.576 55354.617 55399.758 19.680626619343716 19.696675924972975 19.698469813029824 157.44501295474973 157.5734073997838 157.5877585042386
 18739392 32 60884.512 60907.373 60950.992 19.676809985307543 19.690901592488647 19.69829515920239 157.41447988246034 157.52721273990917 157.58636127361913
 20613312 32 66981.448 67017.035 67144.161 19.648052017509016 19.685322813818907 19.695781554319343 157.18441614007213 157.48258251055125 157.56625243455474
 22674624 32 73672.718 73713.835 73799.694 19.663712101570503 19.686615626496707 19.697602795107954 157.30969681256403 157.49292501197365 157.58082236086364
 24941952 32 81044.781 81059.117 81158.503 19.668733022342714 19.692848714352515 19.696332179613147 157.3498641787417 157.54278971482012 157.57065743690518
 27436032 32 89164.918 89192.917 89694.218 19.57658015369508 19.686608612654748 19.69279047618257 156.61264122956064 157.49286890123798 157.54232380946056
 30179520 32 98065.255 98100.605 98205.659 19.6678002028376 19.688862061554058 19.69595938949019 157.3424016227008 157.51089649243247 157.56767511592153
 33197376 32 107884.215 107914.485 107998.078 19.672869215320667 19.688108264613412 19.69363232610072 157.38295372256533 157.5048661169073 157.54905860880575
 36517056 16 59342.906 59368.488 59702.894 19.572682557063313 19.682929974568328 19.691415044622183 156.5814604565065 157.46343979654662 157.53132035697746
 40168704 16 65272.313 65300.431 66360.823 19.369840063617055 19.684380459908454 19.692860095213724 154.95872050893644 157.47504367926763 157.5428807617098
 44185536 16 71862.074 72688.757 72788.482 19.42528698427864 19.451937415850985 19.67570755055024 155.4022958742291 155.61549932680788 157.4056604044019
 48604032 16 78989.925 79115.885 79156.716 19.648731056503152 19.658871590705203 19.69022029075227 157.18984845202522 157.27097272564163 157.52176232601815
 53464320 16 86904.73 86997.134 87060.362 19.651402781899762 19.665685078775123 19.686595194530838 157.2112222551981 157.32548063020099 157.4927615562467
 58810752 16 95658.904 95688.698 95789.778 19.646606384242794 19.66735992164926 19.673485533557862 157.17285107394235 157.3388793731941 157.3878842684629
 64691712 16 105255.701 105346.489 109518.31 18.90217977249649 19.650724040741405 19.667673715839864 151.2174381799719 157.20579232593124 157.34138972671892
 71160768 8 57895.279 57919.555 57953.374 19.646350322933742 19.65782174949376 19.666064447154664 157.17080258346994 157.26257399595008 157.3285155772373
 78276672 8 63693.06 63717.792 63764.959 19.64130098476187 19.655840428368897 19.66347278651709 157.13040787809496 157.24672342695118 157.30778229213672
 86104320 8 70079.35 70127.873 70131.964 19.643954645274157 19.645100600726902 19.658702884658602 157.15163716219325 157.16080480581522 157.26962307726882
 94714752 8 77079.715 77089.896 78103.176 19.403001383708133 19.65803705326052 19.660633566172372 155.22401106966507 157.26429642608417 157.28506852937898
 104186112 8 84755.968 84791.355 84880.913 19.63901816183339 19.659761210326216 19.66796948151191 157.11214529466713 157.27808968260973 157.34375585209528
 114604608 8 93234.789 93342.368 94420.278 19.420338160834476 19.64460263103674 19.66726956393927 155.3627052866758 157.15682104829392 157.33815651151417
 126064896 8 102571.465 102588.144 102678.956 19.64412587132265 19.66151503822898 19.664712169217825 157.1530069705812 157.29212030583184 157.3176973537426
 138671232 4 56426.439 56483.473 56529.958 19.62445922921082 19.64060984706093 19.660461933456407 156.99567383368657 157.12487877648744 157.28369546765126
 152538240 4 62043.264 62067.016 62125.531 19.64258333663176 19.661101800028536 19.66862865241906 157.14066669305407 157.2888144002283 157.34902921935247
 167792064 4 68241.643 68336.592 69273.704 19.377287982175748 19.643012223963407 19.67034281399116 155.01830385740598 157.14409779170725 157.36274251192927
 184571136 4 75076.3 75087.668 75164.23 19.644571467039576 19.66460175591017 19.667579355935228 157.1565717363166 157.31681404728135 157.34063484748182
 203028096 4 82571.095 82625.474 82666.327 19.647960989000996 19.657675646133054 19.670621638237932 157.18368791200797 157.26140516906443 157.36497310590346
 223330752 4 90858.396 90922.289 91999.287 19.420215897977556 19.650253371865723 19.664071727614473 155.36172718382045 157.2020269749258 157.3125738209158
 245663808 4 99888.251 100017.978 101023.599 19.453973957114712 19.649572039938658 19.675091357841477 155.6317916569177 157.19657631950926 157.40073086273182
 270230016 2 54962.488 54991.821 55022.066 19.64521041430905 19.65601510086382 19.666505344517883 157.1616833144724 157.24812080691055 157.33204275614307
 297252864 2 60422.878 60458.66 60526.429 19.644500355373683 19.666520164356932 19.67816653817781 157.15600284298947 157.33216131485545 157.42533230542247
 326978112 2 66466.648 66510.203 66573.649 19.64609823325142 19.66483921271448 19.677725405981054 157.16878586601135 157.31871370171584 157.42180324784843
 359675904 2 73123.697 73168.404 73222.931 19.64826586906225 19.662908268437835 19.67492994781158 157.186126952498 157.30326614750268 157.39943958249265
 395643456 2 80470.432 80474.394 80567.761 19.642767831167607 19.665557518830152 19.666525761909668 157.14214264934085 157.32446015064122 157.33220609527734
 435207744 2 88567.526 88594.489 89579.628 19.433335624032733 19.64942735885073 19.65540932011582 155.46668499226186 157.19541887080584 157.24327456092655
 478728384 2 97341.574 97444.404 98415.967 19.457346143842695 19.651344329634362 19.672103678948112 155.65876915074156 157.2107546370749 157.3768294315849
 526601088 2 107036.621 107144.032 107204.673 19.64843782509369 19.659558378389196 19.679286699455883 157.18750260074953 157.27646702711357 157.43429359564706
 579261120 1 58887.255 58919.809 58968.764 19.64637142470885 19.66269510479913 19.673565018440748 157.1709713976708 157.30156083839304 157.38852014752598
 637187136 1 64763.673 64804.175 64880.781 19.641783781856756 19.66500263293221 19.67730076087562 157.13427025485404 157.3200210634577 157.41840608700497
 700905792 1 71233.509 71314.317 71328.671 19.652848768204304 19.65680445344516 19.679103327620712 157.22279014563443 157.2544356275613 157.4328266209657
 770996352 1 78377.498 78391.855 78493.057 19.644956674320888 19.67031784105632 19.673921002173355 157.1596533945671 157.36254272845056 157.39136801738684
 848095872 1 86217.978 86240.721 86330.639 19.647621790451478 19.668107181061252 19.673295330586388 157.18097432361182 157.34485744849002 157.3863626446911
 932905344 1 94884.435 94986.525 95141.724 19.610856410379952 19.64289869536758 19.664033284278922 156.88685128303962 157.14318956294065 157.31226627423138
 1026195840 1 104320.941 104327.245 104479.652 19.64393679259192 19.672633740112662 19.673822535784065 157.15149434073535 157.3810699209013 157.39058028627252
 
META_DATA
 FLOPS          128
 MPI_PROCS      1
 OPENMP_THREADS 24
 ERT_VERSION  1.1.0
 HOSTNAME  ('deepv.deep', [], ['10.2.8.6'])
 UNAME  uname_result(system='Linux', node='deepv', release='4.18.0-513.24.1.el8_9.x86_64', version='#1 SMP Thu Apr 4 18:13:02 UTC 2024', machine='x86_64')
 TIMESTAMP_DATA  1713375243.6604724
 CONFIG  {'ERT_RESULTS': ['Results.cn.deep.fz-juelich.de.01.gcc2023-O3-fastmath'], 'ERT_DRIVER': ['driver1'], 'ERT_KERNEL': ['kernel1'], 'ERT_MPI': ['True'], 'ERT_MPI_CFLAGS': ['-I', '/p/software/deep/stages/2023/software/psmpi/5.9.2-1-GCC-11.3.0/include'], 'ERT_MPI_LDFLAGS': ['-L', '/p/software/deep/stages/2023/software/psmpi/5.9.2-1-GCC-11.3.0/lib', '-lmpi'], 'ERT_OPENMP': ['True'], 'ERT_OPENMP_CFLAGS': ['-fopenmp'], 'ERT_OPENMP_LDFLAGS': ['-fopenmp'], 'ERT_FLOPS': ['1,2,4,8,16,64,128'], 'ERT_ALIGN': ['64'], 'ERT_CC': ['mpicxx'], 'ERT_CFLAGS': ['-g', '-O3', '-mavx'], 'ERT_LD': ['mpicxx'], 'ERT_LDFLAGS': [], 'ERT_LDLIBS': [], 'ERT_PRECISION': ['FP64'], 'ERT_RUN': ['export', 'OMP_NUM_THREADS=ERT_OPENMP_THREADS;', 'export', 'OMP_PLACES="cores(ERT_OPENMP_THREADS)";', 'srun', '-p', 'dp-cn', '-n', 'ERT_MPI_PROCS', '-c', '48', '--ntasks-per-node', '1', 'ERT_CODE'], 'ERT_PROCS_THREADS': ['24'], 'ERT_MPI_PROCS': ['1'], 'ERT_OPENMP_THREADS': ['24'], 'ERT_NUM_EXPERIMENTS': ['5'], 'ERT_MEMORY_MAX': ['1073741824'], 'ERT_WORKING_SET_MIN': ['128'], 'ERT_TRIALS_MIN': ['1'], 'ERT_GNUPLOT': ['gnuplot'], 'ERT_GPU': [False], 'ERT_HIP': [False], 'ERT_OCL': [False], 'ERT_SYCL': [False], 'ERT_WSS_MULT': [1.1]}
 TIMESTAMP_DATA  1713375288.0591953
 TIMESTAMP_DATA  1713375329.5001514
 TIMESTAMP_DATA  1713375374.0034194
 TIMESTAMP_DATA  1713375415.5562744
 