fp64
       24576            1           4.758        49152       393216
       24576            2          10.254        98304       786432
       24576            4          12.622       196608      1572864
       24576            8          26.787       393216      3145728
       24576           16          49.449       786432      6291456
       24576           32          94.141      1572864     12582912
       24576           64         162.499      3145728     25165824
       24576          128         322.114      6291456     50331648
       24576          256         664.696     12582912    100663296
       24576          512        1295.134     25165824    201326592
       24576         1024        2626.047     50331648    402653184
       24576         2048        5124.123    100663296    805306368
       24576         4096       10240.746    201326592   1610612736
       24576         8192       20493.800    402653184   3221225472
       24576        16384       40984.311    805306368   6442450944
       24576        32768       81940.887   1610612736  12884901888
       26880            1           4.569        53760       430080
       26880            2           8.555       107520       860160
       26880            4          13.784       215040      1720320
       26880            8          25.326       430080      3440640
       26880           16          53.788       860160      6881280
       26880           32         109.135      1720320     13762560
       26880           64         177.890      3440640     27525120
       26880          128         370.232      6881280     55050240
       26880          256         708.911     13762560    110100480
       26880          512        1404.104     27525120    220200960
       26880         1024        2805.482     55050240    440401920
       26880         2048        5608.811    110100480    880803840
       26880         4096       11315.546    220200960   1761607680
       26880         8192       22894.542    440401920   3523215360
       26880        16384       44826.038    880803840   7046430720
       26880        32768       89640.712   1761607680  14092861440
       29568            1           5.982        59136       473088
       29568            2           9.177       118272       946176
       29568            4          19.401       236544      1892352
       29568            8          29.921       473088      3784704
       29568           16          57.643       946176      7569408
       29568           32         100.067      1892352     15138816
       29568           64         197.499      3784704     30277632
       29568          128         419.149      7569408     60555264
       29568          256         779.032     15138816    121110528
       29568          512        1569.779     30277632    242221056
       29568         1024        3121.944     60555264    484442112
       29568         2048        6238.816    121110528    968884224
       29568         4096       12493.895    242221056   1937768448
       29568         8192       24976.171    484442112   3875536896
       29568        16384       49949.645    968884224   7751073792
       29568        32768       99880.919   1937768448  15502147584
       32448            1           6.998        64896       519168
       32448            2           9.480       129792      1038336
       32448            4          16.279       259584      2076672
       32448            8          34.802       519168      4153344
       32448           16          61.916      1038336      8306688
       32448           32         110.425      2076672     16613376
       32448           64         244.555      4153344     33226752
       32448          128         434.018      8306688     66453504
       32448          256         866.702     16613376    132907008
       32448          512        1727.526     33226752    265814016
       32448         1024        3436.018     66453504    531628032
       32448         2048        6879.307    132907008   1063256064
       32448         4096       13752.773    265814016   2126512128
       32448         8192       32206.081    531628032   4253024256
       32448        16384       55010.014   1063256064   8506048512
       32448        32768      110060.576   2126512128  17012097024
       35520            1          10.381        71040       568320
       35520            2          11.183       142080      1136640
       35520            4          20.168       284160      2273280
       35520            8          36.214       568320      4546560
       35520           16          84.084      1136640      9093120
       35520           32         120.625      2273280     18186240
       35520           64         236.279      4546560     36372480
       35520          128         482.845      9093120     72744960
       35520          256         946.570     18186240    145489920
       35520          512        1884.252     36372480    290979840
       35520         1024        3760.746     72744960    581959680
       35520         2048        7545.464    145489920   1163919360
       35520         4096       15040.836    290979840   2327838720
       35520         8192       31390.156    581959680   4655677440
       35520        16384       60096.834   1163919360   9311354880
       38976            1           6.079        77952       623616
       38976            2          11.538       155904      1247232
       38976            4          21.473       311808      2494464
       38976            8          39.033       623616      4988928
       38976           16          72.046      1247232      9977856
       38976           32         132.331      2494464     19955712
       38976           64         262.179      4988928     39911424
       38976          128         545.447      9977856     79822848
       38976          256        1046.677     19955712    159645696
       38976          512        2083.389     39911424    319291392
       38976         1024        4158.764     79822848    638582784
       38976         2048        8316.102    159645696   1277165568
       38976         4096       16642.658    319291392   2554331136
       38976         8192       33275.772    638582784   5108662272
       38976        16384       66547.213   1277165568  10217324544
       42816            1           8.385        85632       685056
       42816            2          13.347       171264      1370112
       42816            4          32.239       342528      2740224
       42816            8          48.094       685056      5480448
       42816           16          87.752      1370112     10960896
       42816           32         187.044      2740224     21921792
       42816           64         342.702      5480448     43843584
       42816          128         571.569     10960896     87687168
       42816          256        1153.468     21921792    175374336
       42816          512        2282.200     43843584    350748672
       42816         1024        4552.626     87687168    701497344
       42816         2048       10142.883    175374336   1402994688
       42816         4096       18231.052    350748672   2805989376
       42816         8192       36458.623    701497344   5611978752
       42816        16384       72925.030   1402994688  11223957504
       47040            1           7.532        94080       752640
       47040            2          11.897       188160      1505280
       47040            4          25.680       376320      3010560
       47040            8          44.699       752640      6021120
       47040           16          83.658      1505280     12042240
       47040           32         157.165      3010560     24084480
       47040           64         318.777      6021120     48168960
       47040          128         632.195     12042240     96337920
       47040          256        1242.211     24084480    192675840
       47040          512        2486.551     48168960    385351680
       47040         1024        4958.050     96337920    770703360
       47040         2048        9915.130    192675840   1541406720
       47040         4096       19814.254    385351680   3082813440
       47040         8192       39656.795    770703360   6165626880
       47040        16384       80261.243   1541406720  12331253760
       51648            1           6.808       103296       826368
       51648            2          14.681       206592      1652736
       51648            4          25.886       413184      3305472
       51648            8          51.925       826368      6610944
       51648           16          89.147      1652736     13221888
       51648           32         171.613      3305472     26443776
       51648           64         348.705      6610944     52887552
       51648          128         693.735     13221888    105775104
       51648          256        1370.277     26443776    211550208
       51648          512        2713.916     52887552    423100416
       51648         1024        5441.603    105775104    846200832
       51648         2048       10872.745    211550208   1692401664
       51648         4096       21733.172    423100416   3384803328
       51648         8192       43481.612    846200832   6769606656
       51648        16384       87928.538   1692401664  13539213312
       56640            1           8.369       113280       906240
       56640            2          16.382       226560      1812480
       56640            4          27.867       453120      3624960
       56640            8          58.362       906240      7249920
       56640           16          96.907      1812480     14499840
       56640           32         189.031      3624960     28999680
       56640           64         398.631      7249920     57999360
       56640          128         762.730     14499840    115998720
       56640          256        1499.236     28999680    231997440
       56640          512        3001.058     57999360    463994880
       56640         1024        6001.453    115998720    927989760
       56640         2048       11998.108    231997440   1855979520
       56640         4096       23983.879    463994880   3711959040
       56640         8192       47982.302    927989760   7423918080
       56640        16384       95935.942   1855979520  14847836160
       62208            1           9.943       124416       995328
       62208            2          35.703       248832      1990656
       62208            4          31.131       497664      3981312
       62208            8          60.047       995328      7962624
       62208           16         104.548      1990656     15925248
       62208           32         204.940      3981312     31850496
       62208           64         404.234      7962624     63700992
       62208          128         815.206     15925248    127401984
       62208          256        1626.737     31850496    254803968
       62208          512        4676.294     63700992    509607936
       62208         1024        6487.528    127401984   1019215872
       62208         2048       12976.741    254803968   2038431744
       62208         4096       25922.088    509607936   4076863488
       62208         8192       51824.662   1019215872   8153726976
       62208        16384      103643.482   2038431744  16307453952
       68352            1           8.092       136704      1093632
       68352            2          18.659       273408      2187264
       68352            4          32.656       546816      4374528
       68352            8          66.854      1093632      8749056
       68352           16         114.425      2187264     17498112
       68352           32         223.958      4374528     34996224
       68352           64         458.042      8749056     69992448
       68352          128         894.671     17498112    139984896
       68352          256        1776.068     34996224    279969792
       68352          512        3565.824     69992448    559939584
       68352         1024        7121.929    139984896   1119879168
       68352         2048       14236.318    279969792   2239758336
       68352         4096       28490.193    559939584   4479516672
       68352         8192       57965.518   1119879168   8959033344
       75072            1          11.310       150144      1201152
       75072            2          18.825       300288      2402304
       75072            4          37.078       600576      4804608
       75072            8          70.158      1201152      9609216
       75072           16         142.766      2402304     19218432
       75072           32         249.454      4804608     38436864
       75072           64         494.055      9609216     76873728
       75072          128         994.480     19218432    153747456
       75072          256        1983.799     38436864    307494912
       75072          512        3961.982     76873728    614989824
       75072         1024        7921.466    153747456   1229979648
       75072         2048       15844.155    307494912   2459959296
       75072         4096       31704.057    614989824   4919918592
       75072         8192       63357.621   1229979648   9839837184
       82560            1          26.762       165120      1320960
       82560            2          20.467       330240      2641920
       82560            4          43.145       660480      5283840
       82560            8          74.791      1320960     10567680
       82560           16         137.581      2641920     21135360
       82560           32         271.304      5283840     42270720
       82560           64         549.174     10567680     84541440
       82560          128        1082.400     21135360    169082880
       82560          256        2158.494     42270720    338165760
       82560          512        4315.120     84541440    676331520
       82560         1024        8644.895    169082880   1352663040
       82560         2048       17268.699    338165760   2705326080
       82560         4096       34545.652    676331520   5410652160
       82560         8192       69981.024   1352663040  10821304320
       90816            1          11.608       181632      1453056
       90816            2          22.616       363264      2906112
       90816            4          44.801       726528      5812224
       90816            8          82.474      1453056     11624448
       90816           16         182.522      2906112     23248896
       90816           32         368.225      5812224     46497792
       90816           64         602.710     11624448     92995584
       90816          128        1199.936     23248896    185991168
       90816          256        2472.321     46497792    371982336
       90816          512        4759.091     92995584    743964672
       90816         1024        9505.083    185991168   1487929344
       90816         2048       19006.437    371982336   2975858688
       90816         4096       38013.932    743964672   5951717376
       90816         8192       76026.172   1487929344  11903434752
       99840            1          12.472       199680      1597440
       99840            2          24.637       399360      3194880
       99840            4          46.959       798720      6389760
       99840            8          87.394      1597440     12779520
       99840           16         164.425      3194880     25559040
       99840           32         325.134      6389760     51118080
       99840           64         659.732     12779520    102236160
       99840          128        1299.766     25559040    204472320
       99840          256        2605.495     51118080    408944640
       99840          512        5276.521    102236160    817889280
       99840         1024       10408.724    204472320   1635778560
       99840         2048       20803.562    408944640   3271557120
       99840         4096       41599.972    817889280   6543114240
       99840         8192       84134.382   1635778560  13086228480
      109824            1          12.120       219648      1757184
      109824            2          27.112       439296      3514368
      109824            4          53.088       878592      7028736
      109824            8          95.355      1757184     14057472
      109824           16         180.669      3514368     28114944
      109824           32         357.612      7028736     56229888
      109824           64         723.862     14057472    112459776
      109824          128        1437.523     28114944    224919552
      109824          256        2851.554     56229888    449839104
      109824          512        5721.155    112459776    899678208
      109824         1024       11441.496    224919552   1799356416
      109824         2048       22974.810    449839104   3598712832
      109824         4096       45723.093    899678208   7197425664
      109824         8192       91468.746   1799356416  14394851328
      120768            1          15.352       241536      1932288
      120768            2          30.766       483072      3864576
      120768            4          55.091       966144      7729152
      120768            8         103.532      1932288     15458304
      120768           16         215.926      3864576     30916608
      120768           32         394.437      7729152     61833216
      120768           64         794.985     15458304    123666432
      120768          128        1576.814     30916608    247332864
      120768          256        3173.974     61833216    494665728
      120768          512        6309.375    123666432    989331456
      120768         1024       13647.666    247332864   1978662912
      120768         2048       25256.494    494665728   3957325824
      120768         4096       50471.052    989331456   7914651648
      120768         8192      100964.590   1978662912  15829303296
      132672            1          14.745       265344      2122752
      132672            2          32.441       530688      4245504
      132672            4          62.779      1061376      8491008
      132672            8         112.486      2122752     16982016
      132672           16         218.341      4245504     33964032
      132672           32         444.742      8491008     67928064
      132672           64         865.142     16982016    135856128
      132672          128        1744.695     33964032    271712256
      132672          256        3484.810     67928064    543424512
      132672          512        7045.801    135856128   1086849024
      132672         1024       13921.380    271712256   2173698048
      132672         2048       27823.058    543424512   4347396096
      132672         4096       55934.432   1086849024   8694792192
      145920            1          17.226       291840      2334720
      145920            2          34.884       583680      4669440
      145920            4          67.985      1167360      9338880
      145920            8         120.962      2334720     18677760
      145920           16         284.242      4669440     37355520
      145920           32         558.079      9338880     74711040
      145920           64         953.319     18677760    149422080
      145920          128        1902.987     37355520    298844160
      145920          256        3801.375     74711040    597688320
      145920          512        7592.924    149422080   1195376640
      145920         1024       15198.329    298844160   2390753280
      145920         2048       30400.178    597688320   4781506560
      145920         4096       60794.807   1195376640   9563013120
      160512            1          18.818       321024      2568192
      160512            2          38.235       642048      5136384
      160512            4          76.200      1284096     10272768
      160512            8         133.203      2568192     20545536
      160512           16         263.038      5136384     41091072
      160512           32         534.733     10272768     82182144
      160512           64        1047.857     20545536    164364288
      160512          128        2091.611     41091072    328728576
      160512          256        4256.946     82182144    657457152
      160512          512        8365.529    164364288   1314914304
      160512         1024       16710.640    328728576   2629828608
      160512         2048       33442.339    657457152   5259657216
      160512         4096       66823.869   1314914304  10519314432
      176448            1          19.892       352896      2823168
      176448            2          52.461       705792      5646336
      176448            4          88.486      1411584     11292672
      176448            8         173.383      2823168     22585344
      176448           16         357.765      5646336     45170688
      176448           32         583.835     11292672     90341376
      176448           64        1166.165     22585344    180682752
      176448          128        2306.662     45170688    361365504
      176448          256        4612.011     90341376    722731008
      176448          512        9243.065    180682752   1445462016
      176448         1024       18469.717    361365504   2890924032
      176448         2048       37961.006    722731008   5781848064
      176448         4096       73900.208   1445462016  11563696128
      193920            1          21.613       387840      3102720
      193920            2          45.122       775680      6205440
      193920            4          87.196      1551360     12410880
      193920            8         160.189      3102720     24821760
      193920           16         316.061      6205440     49643520
      193920           32         642.664     12410880     99287040
      193920           64        1266.063     24821760    198574080
      193920          128        2533.985     49643520    397148160
      193920          256        5054.569     99287040    794296320
      193920          512       10107.645    198574080   1588592640
      193920         1024       20220.194    397148160   3177185280
      193920         2048       40436.938    794296320   6354370560
      193920         4096       80885.068   1588592640  12708741120
      213312            1          24.869       426624      3412992
      213312            2          50.065       853248      6825984
      213312            4          96.323      1706496     13651968
      213312            8         175.733      3412992     27303936
      213312           16         361.714      6825984     54607872
      213312           32         694.580     13651968    109215744
      213312           64        1402.028     27303936    218431488
      213312          128        2782.342     54607872    436862976
      213312          256        5580.619    109215744    873725952
      213312          512       11167.447    218431488   1747451904
      213312         1024       22313.698    436862976   3494903808
      213312         2048       45576.469    873725952   6989807616
      213312         4096       89187.700   1747451904  13979615232
      234624            1          24.763       469248      3753984
      234624            2          52.855       938496      7507968
      234624            4         102.514      1876992     15015936
      234624            8         193.207      3753984     30031872
      234624           16         383.138      7507968     60063744
      234624           32         771.531     15015936    120127488
      234624           64        1536.907     30031872    240254976
      234624          128        3058.443     60063744    480509952
      234624          256        6112.563    120127488    961019904
      234624          512       12223.037    240254976   1922039808
      234624         1024       24459.192    480509952   3844079616
      234624         2048       48910.035    961019904   7688159232
      234624         4096       97764.275   1922039808  15376318464
      258048            1          28.132       516096      4128768
      258048            2          57.327      1032192      8257536
      258048            4         112.728      2064384     16515072
      258048            8         212.299      4128768     33030144
      258048           16         431.740      8257536     66060288
      258048           32         834.683     16515072    132120576
      258048           64        1685.079     33030144    264241152
      258048          128        3366.776     66060288    528482304
      258048          256        6711.745    132120576   1056964608
      258048          512       13445.611    264241152   2113929216
      258048         1024       26874.982    528482304   4227858432
      258048         2048       53736.414   1056964608   8455716864
      258048         4096      107475.128   2113929216  16911433728
      283776            1          30.264       567552      4540416
      283776            2          64.152      1135104      9080832
      283776            4         121.327      2270208     18161664
      283776            8         249.652      4540416     36323328
      283776           16         461.258      9080832     72646656
      283776           32         928.642     18161664    145293312
      283776           64        1851.959     36323328    290586624
      283776          128        3700.104     72646656    581173248
      283776          256        7389.454    145293312   1162346496
      283776          512       14792.046    290586624   2324692992
      283776         1024       29543.765    581173248   4649385984
      283776         2048       59113.013   1162346496   9298771968
      312000            1          35.002       624000      4992000
      312000            2          69.432      1248000      9984000
      312000            4         132.915      2496000     19968000
      312000            8         255.954      4992000     39936000
      312000           16         520.320      9984000     79872000
      312000           32        1021.005     19968000    159744000
      312000           64        2035.188     39936000    319488000
      312000          128        4066.317     79872000    638976000
      312000          256        8129.493    159744000   1277952000
      312000          512       16262.632    319488000   2555904000
      312000         1024       32524.908    638976000   5111808000
      312000         2048       65049.418   1277952000  10223616000
      343104            1          36.008       686208      5489664
      343104            2          76.010      1372416     10979328
      343104            4         162.131      2744832     21958656
      343104            8         281.220      5489664     43917312
      343104           16         556.734     10979328     87834624
      343104           32        1121.075     21958656    175669248
      343104           64        2247.705     43917312    351338496
      343104          128        4471.311     87834624    702676992
      343104          256        8949.003    175669248   1405353984
      343104          512       17901.909    351338496   2810707968
      343104         1024       35804.388    702676992   5621415936
      343104         2048       71575.527   1405353984  11242831872
      377280            1          39.375       754560      6036480
      377280            2          83.603      1509120     12072960
      377280            4         157.316      3018240     24145920
      377280            8         308.130      6036480     48291840
      377280           16         738.137     12072960     96583680
      377280           32        1230.474     24145920    193167360
      377280           64        2465.443     48291840    386334720
      377280          128        4921.062     96583680    772669440
      377280          256        9832.087    193167360   1545338880
      377280          512       19739.902    386334720   3090677760
      377280         1024       39337.157    772669440   6181355520
      377280         2048       78642.548   1545338880  12362711040
      414912            1          44.730       829824      6638592
      414912            2          90.642      1659648     13277184
      414912            4         172.102      3319296     26554368
      414912            8         337.805      6638592     53108736
      414912           16         685.541     13277184    106217472
      414912           32        1351.939     26554368    212434944
      414912           64        2708.333     53108736    424869888
      414912          128        5411.724    106217472    849739776
      414912          256       10805.613    212434944   1699479552
      414912          512       21624.411    424869888   3398959104
      414912         1024       43262.600    849739776   6797918208
      414912         2048       86496.548   1699479552  13595836416
      456384            1          48.124       912768      7302144
      456384            2          98.182      1825536     14604288
      456384            4         187.528      3651072     29208576
      456384            8         389.043      7302144     58417152
      456384           16         749.785     14604288    116834304
      456384           32        1483.701     29208576    233668608
      456384           64        2973.975     58417152    467337216
      456384          128        5943.892    116834304    934674432
      456384          256       11892.211    233668608   1869348864
      456384          512       23783.417    467337216   3738697728
      456384         1024       47558.576    934674432   7477395456
      456384         2048       95083.897   1869348864  14954790912
      501888            1          52.306      1003776      8030208
      501888            2         108.393      2007552     16060416
      501888            4         205.822      4015104     32120832
      501888            8         422.118      8030208     64241664
      501888           16         811.867     16060416    128483328
      501888           32        1640.998     32120832    256966656
      501888           64        3267.044     64241664    513933312
      501888          128        6544.790    128483328   1027866624
      501888          256       13073.152    256966656   2055733248
      501888          512       26144.107    513933312   4111466496
      501888         1024       52284.248   1027866624   8222932992
      501888         2048      105382.878   2055733248  16445865984
      552000            1          57.495      1104000      8832000
      552000            2         121.870      2208000     17664000
      552000            4         243.133      4416000     35328000
      552000            8         448.459      8832000     70656000
      552000           16         949.690     17664000    141312000
      552000           32        1804.866     35328000    282624000
      552000           64        3589.840     70656000    565248000
      552000          128        7198.731    141312000   1130496000
      552000          256       14373.860    282624000   2260992000
      552000          512       28765.485    565248000   4521984000
      552000         1024       57526.183   1130496000   9043968000
      607104            1          62.998      1214208      9713664
      607104            2         129.984      2428416     19427328
      607104            4         248.923      4856832     38854656
      607104            8         505.062      9713664     77709312
      607104           16         992.107     19427328    155418624
      607104           32        1980.826     38854656    310837248
      607104           64        3955.549     77709312    621674496
      607104          128        7896.070    155418624   1243348992
      607104          256       15811.370    310837248   2486697984
      607104          512       31629.221    621674496   4973395968
      607104         1024       63213.215   1243348992   9946791936
      667776            1          85.927      1335552     10684416
      667776            2         142.169      2671104     21368832
      667776            4         272.474      5342208     42737664
      667776            8         554.587     10684416     85475328
      667776           16        1089.592     21368832    170950656
      667776           32        2173.721     42737664    341901312
      667776           64        4348.091     85475328    683802624
      667776          128        8699.190    170950656   1367605248
      667776          256       17381.369    341901312   2735210496
      667776          512       34792.448    683802624   5470420992
      667776         1024       69539.411   1367605248  10940841984
      734400            1          75.688      1468800     11750400
      734400            2         155.279      2937600     23500800
      734400            4         314.832      5875200     47001600
      734400            8         594.854     11750400     94003200
      734400           16        1197.031     23500800    188006400
      734400           32        2399.337     47001600    376012800
      734400           64        4785.827     94003200    752025600
      734400          128        9558.911    188006400   1504051200
      734400          256       19152.988    376012800   3008102400
      734400          512       38270.637    752025600   6016204800
      734400         1024       76517.287   1504051200  12032409600
      807744            1          83.413      1615488     12923904
      807744            2         170.535      3230976     25847808
      807744            4         329.255      6461952     51695616
      807744            8         666.110     12923904    103391232
      807744           16        1316.146     25847808    206782464
      807744           32        2736.192     51695616    413564928
      807744           64        5261.215    103391232    827129856
      807744          128       10527.241    206782464   1654259712
      807744          256       21049.570    413564928   3308519424
      807744          512       42097.615    827129856   6617038848
      807744         1024       84189.057   1654259712  13234077696
      888384            1          94.399      1776768     14214144
      888384            2         205.070      3553536     28428288
      888384            4         363.264      7107072     56856576
      888384            8         730.705     14214144    113713152
      888384           16        1444.961     28428288    227426304
      888384           32        2895.048     56856576    454852608
      888384           64        5788.148    113713152    909705216
      888384          128       11558.399    227426304   1819410432
      888384          256       23139.728    454852608   3638820864
      888384          512       46260.281    909705216   7277641728
      888384         1024       92505.359   1819410432  14555283456
      977088            1         101.039      1954176     15633408
      977088            2         204.675      3908352     31266816
      977088            4         409.228      7816704     62533632
      977088            8         790.493     15633408    125067264
      977088           16        1597.217     31266816    250134528
      977088           32        3179.406     62533632    500269056
      977088           64        6357.315    125067264   1000538112
      977088          128       12724.456    250134528   2001076224
      977088          256       25454.939    500269056   4002152448
      977088          512       50893.907   1000538112   8004304896
      977088         1024      101736.962   2001076224  16008609792
     1074624            1         109.129      2149248     17193984
     1074624            2         224.403      4298496     34387968
     1074624            4         436.540      8596992     68775936
     1074624            8         880.531     17193984    137551872
     1074624           16        1753.963     34387968    275103744
     1074624           32        3504.082     68775936    550207488
     1074624           64        6995.304    137551872   1100414976
     1074624          128       14008.420    275103744   2200829952
     1074624          256       27977.858    550207488   4401659904
     1074624          512       55959.473   1100414976   8803319808
     1181952            1         120.483      2363904     18911232
     1181952            2         292.757      4727808     37822464
     1181952            4         558.894      9455616     75644928
     1181952            8         965.613     18911232    151289856
     1181952           16        1926.258     37822464    302579712
     1181952           32        3850.748     75644928    605159424
     1181952           64        7779.195    151289856   1210318848
     1181952          128       15409.111    302579712   2420637696
     1181952          256       30778.651    605159424   4841275392
     1181952          512       61539.622   1210318848   9682550784
     1300032            1         134.261      2600064     20800512
     1300032            2         269.273      5200128     41601024
     1300032            4         539.256     10400256     83202048
     1300032            8        1061.083     20800512    166404096
     1300032           16        2115.451     41601024    332808192
     1300032           32        4229.187     83202048    665616384
     1300032           64        8455.151    166404096   1331232768
     1300032          128       16951.165    332808192   2662465536
     1300032          256       33836.841    665616384   5324931072
     1300032          512       67681.483   1331232768  10649862144
     1430016            1         221.770      2860032     22880256
     1430016            2         400.935      5720064     45760512
     1430016            4         810.145     11440128     91521024
     1430016            8        1579.575     22880256    183042048
     1430016           16        2399.542     45760512    366084096
     1430016           32        4660.850     91521024    732168192
     1430016           64        9307.549    183042048   1464336384
     1430016          128       18604.345    366084096   2928672768
     1430016          256       37219.432    732168192   5857345536
     1430016          512       75408.350   1464336384  11714691072
     1572864            1         178.219      3145728     25165824
     1572864            2         323.297      6291456     50331648
     1572864            4         649.971     12582912    100663296
     1572864            8        1279.639     25165824    201326592
     1572864           16        2556.161     50331648    402653184
     1572864           32        5128.710    100663296    805306368
     1572864           64       10244.467    201326592   1610612736
     1572864          128       20480.500    402653184   3221225472
     1572864          256       40949.601    805306368   6442450944
     1572864          512       81886.050   1610612736  12884901888
     1730112            1         193.273      3460224     27681792
     1730112            2         355.248      6920448     55363584
     1730112            4         712.149     13840896    110727168
     1730112            8        1408.468     27681792    221454336
     1730112           16        2820.569     55363584    442908672
     1730112           32        5632.669    110727168    885817344
     1730112           64       11253.048    221454336   1771634688
     1730112          128       22504.280    442908672   3543269376
     1730112          256       45010.645    885817344   7086538752
     1730112          512       89999.289   1771634688  14173077504
     1903104            1         196.574      3806208     30449664
     1903104            2         392.929      7612416     60899328
     1903104            4         783.880     15224832    121798656
     1903104            8        1556.903     30449664    243597312
     1903104           16        3098.037     60899328    487194624
     1903104           32        6192.906    121798656    974389248
     1903104           64       12384.620    243597312   1948778496
     1903104          128       24773.699    487194624   3897556992
     1903104          256       49528.893    974389248   7795113984
     1903104          512       99108.213   1948778496  15590227968
     2093376            1         211.719      4186752     33494016
     2093376            2         447.477      8373504     66988032
     2093376            4         858.158     16747008    133976064
     2093376            8        1703.325     33494016    267952128
     2093376           16        3414.204     66988032    535904256
     2093376           32        6812.563    133976064   1071808512
     2093376           64       13607.225    267952128   2143617024
     2093376          128       27233.278    535904256   4287234048
     2093376          256       54512.212   1071808512   8574468096
     2093376          512      108938.466   2143617024  17148936192
     2302656            1         252.460      4605312     36842496
     2302656            2         470.345      9210624     73684992
     2302656            4         941.430     18421248    147369984
     2302656            8        1877.807     36842496    294739968
     2302656           16        3749.199     73684992    589479936
     2302656           32        7491.126    147369984   1178959872
     2302656           64       14978.126    294739968   2357919744
     2302656          128       29956.201    589479936   4715839488
     2302656          256       59932.602   1178959872   9431678976
     2532864            1         274.138      5065728     40525824
     2532864            2         517.456     10131456     81051648
     2532864            4        1034.708     20262912    162103296
     2532864            8        2062.620     40525824    324206592
     2532864           16        4121.768     81051648    648413184
     2532864           32        8254.617    162103296   1296826368
     2532864           64       16484.140    324206592   2593652736
     2532864          128       32974.685    648413184   5187305472
     2532864          256       65954.730   1296826368  10374610944
     2786112            1         299.593      5572224     44577792
     2786112            2         567.910     11144448     89155584
     2786112            4        1240.032     22288896    178311168
     2786112            8        2267.763     44577792    356622336
     2786112           16        4531.608     89155584    713244672
     2786112           32        9074.083    178311168   1426489344
     2786112           64       18150.745    356622336   2852978688
     2786112          128       36260.079    713244672   5705957376
     2786112          256       72518.738   1426489344  11411914752
     3064704            1         310.718      6129408     49035264
     3064704            2         752.536     12258816     98070528
     3064704            4        1248.241     24517632    196141056
     3064704            8        2501.161     49035264    392282112
     3064704           16        4989.841     98070528    784564224
     3064704           32        9972.097    196141056   1569128448
     3064704           64       19928.778    392282112   3138256896
     3064704          128       39889.655    784564224   6276513792
     3064704          256       79784.376   1569128448  12553027584
     3371136            1         341.348      6742272     53938176
     3371136            2         696.163     13484544    107876352
     3371136            4        1371.483     26969088    215752704
     3371136            8        2748.952     53938176    431505408
     3371136           16        5480.888    107876352    863010816
     3371136           32       10966.081    215752704   1726021632
     3371136           64       22031.973    431505408   3452043264
     3371136          128       43869.771    863010816   6904086528
     3371136          256       87756.113   1726021632  13808173056
     3708096            1         392.711      7416192     59329536
     3708096            2         752.990     14832384    118659072
     3708096            4        1518.932     29664768    237318144
     3708096            8        3018.667     59329536    474636288
     3708096           16        6031.280    118659072    949272576
     3708096           32       12060.934    237318144   1898545152
     3708096           64       24432.810    474636288   3797090304
     3708096          128       48241.769    949272576   7594180608
     3708096          256       96416.657   1898545152  15188361216
     4078848            1         431.207      8157696     65261568
     4078848            2         837.014     16315392    130523136
     4078848            4        1656.663     32630784    261046272
     4078848            8        3327.634     65261568    522092544
     4078848           16        6632.541    130523136   1044185088
     4078848           32       13282.285    261046272   2088370176
     4078848           64       26534.916    522092544   4176740352
     4078848          128       53059.924   1044185088   8353480704
     4078848          256      106130.203   2088370176  16706961408
     4486656            1         462.771      8973312     71786496
     4486656            2         921.041     17946624    143572992
     4486656            4        1831.081     35893248    287145984
     4486656            8        3655.023     71786496    574291968
     4486656           16        7300.828    143572992   1148583936
     4486656           32       14594.597    287145984   2297167872
     4486656           64       29196.414    574291968   4594335744
     4486656          128       58397.164   1148583936   9188671488
     4935168            1         517.941      9870336     78962688
     4935168            2        1110.875     19740672    157925376
     4935168            4        2015.112     39481344    315850752
     4935168            8        4017.395     78962688    631701504
     4935168           16        8030.534    157925376   1263403008
     4935168           32       16062.754    315850752   2526806016
     4935168           64       32120.167    631701504   5053612032
     4935168          128       64199.939   1263403008  10107224064
     5428608            1         548.470     10857216     86857728
     5428608            2        1114.515     21714432    173715456
     5428608            4        2218.363     43428864    347430912
     5428608            8        4422.745     86857728    694861824
     5428608           16        8835.487    173715456   1389723648
     5428608           32       17665.342    347430912   2779447296
     5428608           64       35325.903    694861824   5558894592
     5428608          128       70658.899   1389723648  11117789184
     5971392            1         620.499     11942784     95542272
     5971392            2        1220.005     23885568    191084544
     5971392            4        2425.002     47771136    382169088
     5971392            8        4861.028     95542272    764338176
     5971392           16        9717.516    191084544   1528676352
     5971392           32       19426.950    382169088   3057352704
     5971392           64       38818.344    764338176   6114705408
     5971392          128       77662.434   1528676352  12229410816
     6568512            1         680.642     13137024    105096192
     6568512            2        1338.836     26274048    210192384
     6568512            4        2679.031     52548096    420384768
     6568512            8        5341.781    105096192    840769536
     6568512           16       10701.631    210192384   1681539072
     6568512           32       21376.940    420384768   3363078144
     6568512           64       42763.544    840769536   6726156288
     6568512          128       86064.885   1681539072  13452312576
     7225344            1         747.459     14450688    115605504
     7225344            2        1482.706     28901376    231211008
     7225344            4        2942.211     57802752    462422016
     7225344            8        5867.646    115605504    924844032
     7225344           16       11758.900    231211008   1849688064
     7225344           32       23519.312    462422016   3699376128
     7225344           64       46991.809    924844032   7398752256
     7225344          128       94029.924   1849688064  14797504512
     7947840            1         818.251     15895680    127165440
     7947840            2        1626.930     31791360    254330880
     7947840            4        3232.990     63582720    508661760
     7947840            8        6460.828    127165440   1017323520
     7947840           16       12927.583    254330880   2034647040
     7947840           32       25866.190    508661760   4069294080
     7947840           64       51777.799   1017323520   8138588160
     7947840          128      103437.815   2034647040  16277176320
     8742528            1         897.350     17485056    139880448
     8742528            2        1775.327     34970112    279760896
     8742528            4        3563.555     69940224    559521792
     8742528            8        7109.200    139880448   1119043584
     8742528           16       14220.788    279760896   2238087168
     8742528           32       28439.390    559521792   4476174336
     8742528           64       56889.698   1119043584   8952348672
     9616704            1         986.289     19233408    153867264
     9616704            2        1962.970     38466816    307734528
     9616704            4        3914.121     76933632    615469056
     9616704            8        7825.089    153867264   1230938112
     9616704           16       15638.273    307734528   2461876224
     9616704           32       31304.234    615469056   4923752448
     9616704           64       63559.883   1230938112   9847504896
    10578240            1        1095.662     21156480    169251840
    10578240            2        2156.584     42312960    338503680
    10578240            4        4300.198     84625920    677007360
    10578240            8        8606.816    169251840   1354014720
    10578240           16       17219.020    338503680   2708029440
    10578240           32       34410.071    677007360   5416058880
    10578240           64       68796.112   1354014720  10832117760
    11635968            1        1202.530     23271936    186175488
    11635968            2        2370.127     46543872    372350976
    11635968            4        4766.110     93087744    744701952
    11635968            8        9547.572    186175488   1489403904
    11635968           16       18926.334    372350976   2978807808
    11635968           32       37881.506    744701952   5957615616
    11635968           64       75698.048   1489403904  11915231232
    12799488            1        1306.510     25598976    204791808
    12799488            2        2612.780     51197952    409583616
    12799488            4        5203.513    102395904    819167232
    12799488            8       10417.032    204791808   1638334464
    12799488           16       20806.481    409583616   3276668928
    12799488           32       42601.202    819167232   6553337856
    12799488           64       83253.084   1638334464  13106675712
    14079360            1        1432.782     28158720    225269760
    14079360            2        2868.918     56317440    450539520
    14079360            4        5729.425    112634880    901079040
    14079360            8       11442.814    225269760   1802158080
    14079360           16       22890.046    450539520   3604316160
    14079360           32       45781.390    901079040   7208632320
    14079360           64       91555.148   1802158080  14417264640
    15487296            1        1571.403     30974592    247796736
    15487296            2        3150.593     61949184    495593472
    15487296            4        6303.047    123898368    991186944
    15487296            8       12582.281    247796736   1982373888
    15487296           16       25177.612    495593472   3964747776
    15487296           32       50365.472    991186944   7929495552
    15487296           64      100704.321   1982373888  15858991104
    17035968            1        1730.064     34071936    272575488
    17035968            2        3473.229     68143872    545150976
    17035968            4        6923.898    136287744   1090301952
    17035968            8       13840.643    272575488   2180603904
    17035968           16       27671.809    545150976   4361207808
    17035968           32       55354.617   1090301952   8722415616
    18739392            1        1914.364     37478784    299830272
    18739392            2        3816.656     74957568    599660544
    18739392            4        7608.815    149915136   1199321088
    18739392            8       15234.780    299830272   2398642176
    18739392           16       30436.615    599660544   4797284352
    18739392           32       60885.869   1199321088   9594568704
    20613312            1        2106.249     41226624    329812992
    20613312            2        4193.014     82453248    659625984
    20613312            4        8382.011    164906496   1319251968
    20613312            8       16751.171    329812992   2638503936
    20613312           16       33486.584    659625984   5277007872
    20613312           32       66990.207   1319251968  10554015744
    22674624            1        2322.481     45349248    362793984
    22674624            2        4605.650     90698496    725587968
    22674624            4        9218.813    181396992   1451175936
    22674624            8       18421.145    362793984   2902351872
    22674624           16       36846.044    725587968   5804703744
    22674624           32       73672.718   1451175936  11609407488
    24941952            1        2534.542     49883904    399071232
    24941952            2        5074.329     99767808    798142464
    24941952            4       10145.732    199535616   1596284928
    24941952            8       20266.665    399071232   3192569856
    24941952           16       40524.575    798142464   6385139712
    24941952           32       81044.781   1596284928  12770279424
    27436032            1        2782.938     54872064    438976512
    27436032            2        5587.364    109744128    877953024
    27436032            4       11189.442    219488256   1755906048
    27436032            8       22303.085    438976512   3511812096
    27436032           16       44582.240    877953024   7023624192
    27436032           32       89164.918   1755906048  14047248384
    30179520            1        3071.277     60359040    482872320
    30179520            2        6136.754    120718080    965744640
    30179520            4       12264.267    241436160   1931489280
    30179520            8       24533.252    482872320   3862978560
    30179520           16       49045.432    965744640   7725957120
    30179520           32       98100.605   1931489280  15451914240
    33197376            1        3387.229     66394752    531158016
    33197376            2        6763.702    132789504   1062316032
    33197376            4       13498.904    265579008   2124632064
    33197376            8       26976.577    531158016   4249264128
    33197376           16       53955.128   1062316032   8498528256
    33197376           32      107914.485   2124632064  16997056512
    36517056            1        3719.344     73034112    584272896
    36517056            2        7418.604    146068224   1168545792
    36517056            4       14881.024    292136448   2337091584
    36517056            8       29676.901    584272896   4674183168
    36517056           16       59344.046   1168545792   9348366336
    40168704            1        4093.607     80337408    642699264
    40168704            2        8169.759    160674816   1285398528
    40168704            4       16433.453    321349632   2570797056
    40168704            8       32642.385    642699264   5141594112
    40168704           16       65277.913   1285398528  10283188224
    44185536            1        4514.855     88371072    706968576
    44185536            2        8987.484    176742144   1413937152
    44185536            4       17956.309    353484288   2827874304
    44185536            8       35907.394    706968576   5655748608
    44185536           16       72688.757   1413937152  11311497216
    48604032            1        4947.043     97208064    777664512
    48604032            2        9884.359    194416128   1555329024
    48604032            4       19745.717    388832256   3110658048
    48604032            8       39513.857    777664512   6221316096
    48604032           16       78989.925   1555329024  12442632192
    53464320            1        5436.194    106928640    855429120
    53464320            2       10872.038    213857280   1710858240
    53464320            4       21737.074    427714560   3421716480
    53464320            8       43474.074    855429120   6843432960
    53464320           16       86904.730   1710858240  13686865920
    58810752            1        5982.460    117621504    940972032
    58810752            2       11963.293    235243008   1881944064
    58810752            4       23924.614    470486016   3763888128
    58810752            8       47838.636    940972032   7527776256
    58810752           16       95658.904   1881944064  15055552512
    64691712            1        6588.800    129383424   1035067392
    64691712            2       13163.717    258766848   2070134784
    64691712            4       26329.191    517533696   4140269568
    64691712            8       52660.542   1035067392   8280539136
    64691712           16      109518.310   2070134784  16561078272
    71160768            1        7239.220    142321536   1138572288
    71160768            2       14543.812    284643072   2277144576
    71160768            4       29099.239    569286144   4554289152
    71160768            8       57919.555   1138572288   9108578304
    78276672            1        7971.989    156553344   1252426752
    78276672            2       15937.680    313106688   2504853504
    78276672            4       31867.531    626213376   5009707008
    78276672            8       63702.057   1252426752  10019414016
    86104320            1        8764.266    172208640   1377669120
    86104320            2       17548.578    344417280   2755338240
    86104320            4       35134.914    688834560   5510676480
    86104320            8       70082.542   1377669120  11021352960
    94714752            1        9626.085    189429504   1515436032
    94714752            2       19282.484    378859008   3030872064
    94714752            4       38534.271    757718016   6061744128
    94714752            8       77081.651   1515436032  12123488256
   104186112            1       10592.617    208372224   1666977792
   104186112            2       21205.049    416744448   3333955584
   104186112            4       42387.231    833488896   6667911168
   104186112            8       84791.355   1666977792  13335822336
   114604608            1       11667.243    229209216   1833673728
   114604608            2       23317.125    458418432   3667347456
   114604608            4       46630.787    916836864   7334694912
   114604608            8       93283.384   1833673728  14669389824
   126064896            1       12831.871    252129792   2017038336
   126064896            2       25656.599    504259584   4034076672
   126064896            4       51275.664   1008519168   8068153344
   126064896            8      102571.465   2017038336  16136306688
   138671232            1       14111.174    277342464   2218739712
   138671232            2       28220.092    554684928   4437479424
   138671232            4       56426.439   1109369856   8874958848
   152538240            1       15525.936    305076480   2440611840
   152538240            2       31037.259    610152960   4881223680
   152538240            4       62067.016   1220305920   9762447360
   167792064            1       17082.850    335584128   2684673024
   167792064            2       34139.854    671168256   5369346048
   167792064            4       69168.451   1342336512  10738692096
   184571136            1       18783.624    369142272   2953138176
   184571136            2       37547.461    738284544   5906276352
   184571136            4       75087.668   1476569088  11812552704
   203028096            1       20662.963    406056192   3248449536
   203028096            2       41292.138    812112384   6496899072
   203028096            4       82625.474   1624224768  12993798144
   223330752            1       22711.900    446661504   3573292032
   223330752            2       45524.684    893323008   7146584064
   223330752            4       90872.928   1786646016  14293168128
   245663808            1       24998.867    491327616   3930620928
   245663808            2       49952.024    982655232   7861241856
   245663808            4      100018.491   1965310464  15722483712
   270230016            1       27486.327    540460032   4323680256
   270230016            2       54964.224   1080920064   8647360512
   297252864            1       30218.208    594505728   4756045824
   297252864            2       60458.660   1189011456   9512091648
   326978112            1       33253.074    653956224   5231649792
   326978112            2       66510.203   1307912448  10463299584
   359675904            1       36580.666    719351808   5754814464
   359675904            2       73168.404   1438703616  11509628928
   395643456            1       40223.609    791286912   6330295296
   395643456            2       80472.047   1582573824  12660590592
   435207744            1       44255.870    870415488   6963323904
   435207744            2       88567.526   1740830976  13926647808
   478728384            1       48718.754    957456768   7659654144
   478728384            2       98313.090   1914913536  15319308288
   526601088            1       53561.236   1053202176   8425617408
   526601088            2      107144.032   2106404352  16851234816
   579261120            1       58919.809   1158522240   9268177920
   637187136            1       64795.583   1274374272  10194994176
   700905792            1       71314.317   1401811584  11214492672
   770996352            1       78378.749   1541992704  12335941632
   848095872            1       86240.721   1696191744  13569533952
   932905344            1       95134.393   1865810688  14926485504
  1026195840            1      104327.245   2052391680  16419133440

META_DATA
FLOPS          128
MPI_PROCS      1
OPENMP_THREADS 24
ERT_VERSION  1.1.0
HOSTNAME  ('deepv.deep', [], ['10.2.8.6'])
UNAME  uname_result(system='Linux', node='deepv', release='4.18.0-513.24.1.el8_9.x86_64', version='#1 SMP Thu Apr 4 18:13:02 UTC 2024', machine='x86_64')
TIMESTAMP_DATA  1713375243.6604724
CONFIG  {'ERT_RESULTS': ['Results.cn.deep.fz-juelich.de.01.gcc2023-O3-fastmath'], 'ERT_DRIVER': ['driver1'], 'ERT_KERNEL': ['kernel1'], 'ERT_MPI': ['True'], 'ERT_MPI_CFLAGS': ['-I', '/p/software/deep/stages/2023/software/psmpi/5.9.2-1-GCC-11.3.0/include'], 'ERT_MPI_LDFLAGS': ['-L', '/p/software/deep/stages/2023/software/psmpi/5.9.2-1-GCC-11.3.0/lib', '-lmpi'], 'ERT_OPENMP': ['True'], 'ERT_OPENMP_CFLAGS': ['-fopenmp'], 'ERT_OPENMP_LDFLAGS': ['-fopenmp'], 'ERT_FLOPS': ['1,2,4,8,16,64,128'], 'ERT_ALIGN': ['64'], 'ERT_CC': ['mpicxx'], 'ERT_CFLAGS': ['-g', '-O3', '-mavx'], 'ERT_LD': ['mpicxx'], 'ERT_LDFLAGS': [], 'ERT_LDLIBS': [], 'ERT_PRECISION': ['FP64'], 'ERT_RUN': ['export', 'OMP_NUM_THREADS=ERT_OPENMP_THREADS;', 'export', 'OMP_PLACES="cores(ERT_OPENMP_THREADS)";', 'srun', '-p', 'dp-cn', '-n', 'ERT_MPI_PROCS', '-c', '48', '--ntasks-per-node', '1', 'ERT_CODE'], 'ERT_PROCS_THREADS': ['24'], 'ERT_MPI_PROCS': ['1'], 'ERT_OPENMP_THREADS': ['24'], 'ERT_NUM_EXPERIMENTS': ['5'], 'ERT_MEMORY_MAX': ['1073741824'], 'ERT_WORKING_SET_MIN': ['128'], 'ERT_TRIALS_MIN': ['1'], 'ERT_GNUPLOT': ['gnuplot'], 'ERT_GPU': [False], 'ERT_HIP': [False], 'ERT_OCL': [False], 'ERT_SYCL': [False], 'ERT_WSS_MULT': [1.1]}
