fp64
       24576            1           5.399        49152       393216
       24576            2           9.092        98304       786432
       24576            4          13.661       196608      1572864
       24576            8          25.374       393216      3145728
       24576           16          48.993       786432      6291456
       24576           32          91.719      1572864     12582912
       24576           64         162.637      3145728     25165824
       24576          128         347.313      6291456     50331648
       24576          256         656.040     12582912    100663296
       24576          512        1281.852     25165824    201326592
       24576         1024        2568.525     50331648    402653184
       24576         2048        5122.010    100663296    805306368
       24576         4096       10270.667    201326592   1610612736
       24576         8192       20484.361    402653184   3221225472
       24576        16384       40958.177    805306368   6442450944
       24576        32768       81905.340   1610612736  12884901888
       26880            1           4.033        53760       430080
       26880            2           8.292       107520       860160
       26880            4          14.651       215040      1720320
       26880            8          27.379       430080      3440640
       26880           16          50.555       860160      6881280
       26880           32          93.885      1720320     13762560
       26880           64         196.320      3440640     27525120
       26880          128         365.894      6881280     55050240
       26880          256         708.621     13762560    110100480
       26880          512        1401.653     27525120    220200960
       26880         1024        2806.022     55050240    440401920
       26880         2048        5606.418    110100480    880803840
       26880         4096       11363.330    220200960   1761607680
       26880         8192       22419.283    440401920   3523215360
       26880        16384       44814.067    880803840   7046430720
       26880        32768       89630.441   1761607680  14092861440
       29568            1           5.321        59136       473088
       29568            2           8.152       118272       946176
       29568            4          15.252       236544      1892352
       29568            8          28.269       473088      3784704
       29568           16          57.899       946176      7569408
       29568           32         117.256      1892352     15138816
       29568           64         197.047      3784704     30277632
       29568          128         410.670      7569408     60555264
       29568          256         788.230     15138816    121110528
       29568          512        1573.235     30277632    242221056
       29568         1024        3125.919     60555264    484442112
       29568         2048        6241.867    121110528    968884224
       29568         4096       12477.552    242221056   1937768448
       29568         8192       24962.539    484442112   3875536896
       29568        16384       50489.370    968884224   7751073792
       29568        32768       99911.547   1937768448  15502147584
       32448            1           6.742        64896       519168
       32448            2          10.704       129792      1038336
       32448            4          16.485       259584      2076672
       32448            8          32.189       519168      4153344
       32448           16          64.485      1038336      8306688
       32448           32         126.981      2076672     16613376
       32448           64         228.704      4153344     33226752
       32448          128         434.459      8306688     66453504
       32448          256         867.325     16613376    132907008
       32448          512        1729.150     33226752    265814016
       32448         1024        3438.002     66453504    531628032
       32448         2048        6893.579    132907008   1063256064
       32448         4096       13750.889    265814016   2126512128
       32448         8192       27492.821    531628032   4253024256
       32448        16384       59638.795   1063256064   8506048512
       32448        32768      109990.257   2126512128  17012097024
       35520            1           7.025        71040       568320
       35520            2           9.224       142080      1136640
       35520            4          19.208       284160      2273280
       35520            8          36.166       568320      4546560
       35520           16          66.048      1136640      9093120
       35520           32         120.177      2273280     18186240
       35520           64         251.199      4546560     36372480
       35520          128         472.392      9093120     72744960
       35520          256         946.888     18186240    145489920
       35520          512        1886.295     36372480    290979840
       35520         1024        3764.879     72744960    581959680
       35520         2048        7521.428    145489920   1163919360
       35520         4096       15025.548    290979840   2327838720
       35520         8192       31389.308    581959680   4655677440
       35520        16384       60561.331   1163919360   9311354880
       38976            1           5.726        77952       623616
       38976            2          12.298       155904      1247232
       38976            4          21.362       311808      2494464
       38976            8          39.707       623616      4988928
       38976           16          72.630      1247232      9977856
       38976           32         133.510      2494464     19955712
       38976           64         288.584      4988928     39911424
       38976          128         523.842      9977856     79822848
       38976          256        1045.819     19955712    159645696
       38976          512        2084.785     39911424    319291392
       38976         1024        4161.482     79822848    638582784
       38976         2048        8324.908    159645696   1277165568
       38976         4096       16685.753    319291392   2554331136
       38976         8192       33268.112    638582784   5108662272
       38976        16384       66515.045   1277165568  10217324544
       42816            1           9.193        85632       685056
       42816            2          13.102       171264      1370112
       42816            4          25.785       342528      2740224
       42816            8          42.768       685056      5480448
       42816           16          99.224      1370112     10960896
       42816           32         170.099      2740224     21921792
       42816           64         336.592      5480448     43843584
       42816          128         599.573     10960896     87687168
       42816          256        1144.614     21921792    175374336
       42816          512        2281.574     43843584    350748672
       42816         1024        4566.121     87687168    701497344
       42816         2048       10144.506    175374336   1402994688
       42816         4096       18224.684    350748672   2805989376
       42816         8192       36475.569    701497344   5611978752
       42816        16384       72896.831   1402994688  11223957504
       47040            1           9.229        94080       752640
       47040            2          13.649       188160      1505280
       47040            4          25.163       376320      3010560
       47040            8          48.527       752640      6021120
       47040           16          81.709      1505280     12042240
       47040           32         157.302      3010560     24084480
       47040           64         326.643      6021120     48168960
       47040          128         631.879     12042240     96337920
       47040          256        1250.679     24084480    192675840
       47040          512        2476.941     48168960    385351680
       47040         1024        4957.141     96337920    770703360
       47040         2048        9916.043    192675840   1541406720
       47040         4096       19831.478    385351680   3082813440
       47040         8192       39649.708    770703360   6165626880
       47040        16384       80261.430   1541406720  12331253760
       51648            1           8.555       103296       826368
       51648            2          13.117       206592      1652736
       51648            4          25.638       413184      3305472
       51648            8          49.783       826368      6610944
       51648           16          91.174      1652736     13221888
       51648           32         190.170      3305472     26443776
       51648           64         353.385      6610944     52887552
       51648          128         691.527     13221888    105775104
       51648          256        1360.498     26443776    211550208
       51648          512        2723.076     52887552    423100416
       51648         1024        5432.436    105775104    846200832
       51648         2048       10872.235    211550208   1692401664
       51648         4096       21746.629    423100416   3384803328
       51648         8192       43499.815    846200832   6769606656
       51648        16384       87922.487   1692401664  13539213312
       56640            1           7.976       113280       906240
       56640            2          15.698       226560      1812480
       56640            4          28.452       453120      3624960
       56640            8          54.548       906240      7249920
       56640           16          99.359      1812480     14499840
       56640           32         192.071      3624960     28999680
       56640           64         396.432      7249920     57999360
       56640          128         751.884     14499840    115998720
       56640          256        1508.705     28999680    231997440
       56640          512        3001.650     57999360    463994880
       56640         1024        5998.483    115998720    927989760
       56640         2048       11989.681    231997440   1855979520
       56640         4096       23977.031    463994880   3711959040
       56640         8192       47996.874    927989760   7423918080
       56640        16384       95908.252   1855979520  14847836160
       62208            1           8.512       124416       995328
       62208            2          17.077       248832      1990656
       62208            4          30.251       497664      3981312
       62208            8          60.625       995328      7962624
       62208           16         104.296      1990656     15925248
       62208           32         219.974      3981312     31850496
       62208           64         416.525      7962624     63700992
       62208          128        2267.242     15925248    127401984
       62208          256        1629.682     31850496    254803968
       62208          512        3241.652     63700992    509607936
       62208         1024        6489.197    127401984   1019215872
       62208         2048       12967.573    254803968   2038431744
       62208         4096       25915.589    509607936   4076863488
       62208         8192       51822.908   1019215872   8153726976
       62208        16384      103757.079   2038431744  16307453952
       68352            1          11.238       136704      1093632
       68352            2          17.965       273408      2187264
       68352            4          33.634       546816      4374528
       68352            8          66.609      1093632      8749056
       68352           16         114.414      2187264     17498112
       68352           32         224.053      4374528     34996224
       68352           64         445.488      8749056     69992448
       68352          128         895.715     17498112    139984896
       68352          256        1785.661     34996224    279969792
       68352          512        3570.213     69992448    559939584
       68352         1024        7119.532    139984896   1119879168
       68352         2048       14268.741    279969792   2239758336
       68352         4096       28477.843    559939584   4479516672
       68352         8192       57979.060   1119879168   8959033344
       75072            1          10.046       150144      1201152
       75072            2          18.394       300288      2402304
       75072            4          37.284       600576      4804608
       75072            8          71.898      1201152      9609216
       75072           16         126.119      2402304     19218432
       75072           32         249.124      4804608     38436864
       75072           64         509.176      9609216     76873728
       75072          128         994.116     19218432    153747456
       75072          256        1983.978     38436864    307494912
       75072          512        3961.702     76873728    614989824
       75072         1024        7921.689    153747456   1229979648
       75072         2048       15847.301    307494912   2459959296
       75072         4096       31662.208    614989824   4919918592
       75072         8192       63346.845   1229979648   9839837184
       82560            1          11.203       165120      1320960
       82560            2          20.729       330240      2641920
       82560            4          40.500       660480      5283840
       82560            8          76.333      1320960     10567680
       82560           16         152.000      2641920     21135360
       82560           32         271.272      5283840     42270720
       82560           64         537.485     10567680     84541440
       82560          128        1082.361     21135360    169082880
       82560          256        2169.948     42270720    338165760
       82560          512        4317.328     84541440    676331520
       82560         1024        8640.408    169082880   1352663040
       82560         2048       17265.004    338165760   2705326080
       82560         4096       34517.705    676331520   5410652160
       82560         8192       70021.445   1352663040  10821304320
       90816            1          10.884       181632      1453056
       90816            2          22.763       363264      2906112
       90816            4          45.151       726528      5812224
       90816            8          81.609      1453056     11624448
       90816           16         152.946      2906112     23248896
       90816           32         298.221      5812224     46497792
       90816           64         604.542     11624448     92995584
       90816          128        1191.400     23248896    185991168
       90816          256        2389.702     46497792    371982336
       90816          512        4748.451     92995584    743964672
       90816         1024        9514.093    185991168   1487929344
       90816         2048       19052.522    371982336   2975858688
       90816         4096       38025.776    743964672   5951717376
       90816         8192       76041.045   1487929344  11903434752
       99840            1          13.820       199680      1597440
       99840            2          24.206       399360      3194880
       99840            4          49.263       798720      6389760
       99840            8         104.551      1597440     12779520
       99840           16         166.275      3194880     25559040
       99840           32         325.675      6389760     51118080
       99840           64         657.624     12779520    102236160
       99840          128        1301.192     25559040    204472320
       99840          256        2605.198     51118080    408944640
       99840          512        5201.096    102236160    817889280
       99840         1024       10394.411    204472320   1635778560
       99840         2048       20793.069    408944640   3271557120
       99840         4096       41617.356    817889280   6543114240
       99840         8192       84138.126   1635778560  13086228480
      109824            1          16.267       219648      1757184
      109824            2          27.952       439296      3514368
      109824            4          53.984       878592      7028736
      109824            8          95.722      1757184     14057472
      109824           16         196.342      3514368     28114944
      109824           32         360.292      7028736     56229888
      109824           64         722.926     14057472    112459776
      109824          128        1429.007     28114944    224919552
      109824          256        2863.397     56229888    449839104
      109824          512        5722.752    112459776    899678208
      109824         1024       11431.597    224919552   1799356416
      109824         2048       22870.022    449839104   3598712832
      109824         4096       45742.180    899678208   7197425664
      109824         8192       91474.271   1799356416  14394851328
      120768            1          13.825       241536      1932288
      120768            2          29.457       483072      3864576
      120768            4          56.571       966144      7729152
      120768            8         104.111      1932288     15458304
      120768           16         199.541      3864576     30916608
      120768           32         394.765      7729152     61833216
      120768           64         798.368     15458304    123666432
      120768          128        1589.367     30916608    247332864
      120768          256        3156.540     61833216    494665728
      120768          512        6312.176    123666432    989331456
      120768         1024       13654.143    247332864   1978662912
      120768         2048       25252.757    494665728   3957325824
      120768         4096       50487.622    989331456   7914651648
      120768         8192      100960.035   1978662912  15829303296
      132672            1          15.373       265344      2122752
      132672            2          31.890       530688      4245504
      132672            4          61.908      1061376      8491008
      132672            8         115.112      2122752     16982016
      132672           16         234.850      4245504     33964032
      132672           32         434.124      8491008     67928064
      132672           64         874.938     16982016    135856128
      132672          128        1852.445     33964032    271712256
      132672          256        3475.705     67928064    543424512
      132672          512        6992.215    135856128   1086849024
      132672         1024       13915.727    271712256   2173698048
      132672         2048       27836.666    543424512   4347396096
      132672         4096       55972.127   1086849024   8694792192
      145920            1          19.997       291840      2334720
      145920            2          49.826       583680      4669440
      145920            4          66.548      1167360      9338880
      145920            8         123.155      2334720     18677760
      145920           16         240.206      4669440     37355520
      145920           32         473.521      9338880     74711040
      145920           64         956.231     18677760    149422080
      145920          128        1905.459     37355520    298844160
      145920          256        3803.398     74711040    597688320
      145920          512        7605.564    149422080   1195376640
      145920         1024       15191.558    298844160   2390753280
      145920         2048       30377.885    597688320   4781506560
      145920         4096       60769.609   1195376640   9563013120
      160512            1          17.384       321024      2568192
      160512            2          54.384       642048      5136384
      160512            4          73.445      1284096     10272768
      160512            8         135.153      2568192     20545536
      160512           16         262.402      5136384     41091072
      160512           32         531.527     10272768     82182144
      160512           64        1047.483     20545536    164364288
      160512          128        2092.895     41091072    328728576
      160512          256        4180.359     82182144    657457152
      160512          512        8373.321    164364288   1314914304
      160512         1024       16725.255    328728576   2629828608
      160512         2048       33418.987    657457152   5259657216
      160512         4096       66864.442   1314914304  10519314432
      176448            1          19.844       352896      2823168
      176448            2          40.528       705792      5646336
      176448            4          81.087      1411584     11292672
      176448            8         146.898      2823168     22585344
      176448           16         289.209      5646336     45170688
      176448           32         587.246     11292672     90341376
      176448           64        1155.918     22585344    180682752
      176448          128        2311.189     45170688    361365504
      176448          256        4626.890     90341376    722731008
      176448          512        9234.276    180682752   1445462016
      176448         1024       18474.081    361365504   2890924032
      176448         2048       37973.439    722731008   5781848064
      176448         4096       73872.661   1445462016  11563696128
      193920            1          21.196       387840      3102720
      193920            2          45.985       775680      6205440
      193920            4          88.511      1551360     12410880
      193920            8         162.464      3102720     24821760
      193920           16         332.090      6205440     49643520
      193920           32         630.002     12410880     99287040
      193920           64        1276.050     24821760    198574080
      193920          128        2525.526     49643520    397148160
      193920          256        5055.501     99287040    794296320
      193920          512       10105.988    198574080   1588592640
      193920         1024       20206.651    397148160   3177185280
      193920         2048       40429.659    794296320   6354370560
      193920         4096       80837.187   1588592640  12708741120
      213312            1          26.814       426624      3412992
      213312            2          48.247       853248      6825984
      213312            4          95.988      1706496     13651968
      213312            8         193.317      3412992     27303936
      213312           16         348.548      6825984     54607872
      213312           32         705.615     13651968    109215744
      213312           64        1397.885     27303936    218431488
      213312          128        2793.371     54607872    436862976
      213312          256        5574.448    109215744    873725952
      213312          512       11165.356    218431488   1747451904
      213312         1024       22407.207    436862976   3494903808
      213312         2048       45605.883    873725952   6989807616
      213312         4096       89196.967   1747451904  13979615232
      234624            1          28.450       469248      3753984
      234624            2          52.669       938496      7507968
      234624            4         103.630      1876992     15015936
      234624            8         209.154      3753984     30031872
      234624           16         382.310      7507968     60063744
      234624           32         770.914     15015936    120127488
      234624           64        1525.881     30031872    240254976
      234624          128        3058.608     60063744    480509952
      234624          256        6113.078    120127488    961019904
      234624          512       12228.813    240254976   1922039808
      234624         1024       24453.013    480509952   3844079616
      234624         2048       48885.722    961019904   7688159232
      234624         4096       97776.952   1922039808  15376318464
      258048            1          30.613       516096      4128768
      258048            2          57.959      1032192      8257536
      258048            4         112.581      2064384     16515072
      258048            8         228.651      4128768     33030144
      258048           16         420.067      8257536     66060288
      258048           32         845.546     16515072    132120576
      258048           64        1687.384     33030144    264241152
      258048          128        3357.132     66060288    528482304
      258048          256        6721.938    132120576   1056964608
      258048          512       13428.281    264241152   2113929216
      258048         1024       26865.550    528482304   4227858432
      258048         2048       54687.294   1056964608   8455716864
      258048         4096      107512.374   2113929216  16911433728
      283776            1          32.051       567552      4540416
      283776            2          63.871      1135104      9080832
      283776            4         121.846      2270208     18161664
      283776            8         235.412      4540416     36323328
      283776           16         460.684      9080832     72646656
      283776           32         929.814     18161664    145293312
      283776           64        1853.361     36323328    290586624
      283776          128        3703.041     72646656    581173248
      283776          256        7387.377    145293312   1162346496
      283776          512       14801.731    290586624   2324692992
      283776         1024       29574.031    581173248   4649385984
      283776         2048       59110.152   1162346496   9298771968
      312000            1          33.534       624000      4992000
      312000            2          69.132      1248000      9984000
      312000            4         150.839      2496000     19968000
      312000            8         256.154      4992000     39936000
      312000           16         506.658      9984000     79872000
      312000           32        1020.945     19968000    159744000
      312000           64        2049.234     39936000    319488000
      312000          128        4069.341     79872000    638976000
      312000          256        8143.510    159744000   1277952000
      312000          512       16260.524    319488000   2555904000
      312000         1024       32519.190    638976000   5111808000
      312000         2048       66033.360   1277952000  10223616000
      343104            1          37.087       686208      5489664
      343104            2          75.215      1372416     10979328
      343104            4         144.373      2744832     21958656
      343104            8         280.839      5489664     43917312
      343104           16         570.410     10979328     87834624
      343104           32        1121.489     21958656    175669248
      343104           64        2237.403     43917312    351338496
      343104          128        4487.324     87834624    702676992
      343104          256       10714.650    175669248   1405353984
      343104          512       20633.824    351338496   2810707968
      343104         1024       35811.693    702676992   5621415936
      343104         2048       71611.676   1405353984  11242831872
      377280            1          41.775       754560      6036480
      377280            2          81.279      1509120     12072960
      377280            4         157.936      3018240     24145920
      377280            8         325.040      6036480     48291840
      377280           16         612.741     12072960     96583680
      377280           32        1240.089     24145920    193167360
      377280           64        2456.372     48291840    386334720
      377280          128        4920.989     96583680    772669440
      377280          256        9833.553    193167360   1545338880
      377280          512       19656.169    386334720   3090677760
      377280         1024       39327.056    772669440   6181355520
      377280         2048       78927.170   1545338880  12362711040
      414912            1          44.454       829824      6638592
      414912            2          89.846      1659648     13277184
      414912            4         172.033      3319296     26554368
      414912            8         354.350      6638592     53108736
      414912           16         672.530     13277184    106217472
      414912           32        1362.721     26554368    212434944
      414912           64        2707.335     53108736    424869888
      414912          128        5403.501    106217472    849739776
      414912          256       10930.534    212434944   1699479552
      414912          512       21636.897    424869888   3398959104
      414912         1024       43223.469    849739776   6797918208
      414912         2048       86456.979   1699479552  13595836416
      456384            1          48.495       912768      7302144
      456384            2          99.091      1825536     14604288
      456384            4         187.457      3651072     29208576
      456384            8         376.103      7302144     58417152
      456384           16         762.387     14604288    116834304
      456384           32        1496.368     29208576    233668608
      456384           64        2991.164     58417152    467337216
      456384          128        5947.669    116834304    934674432
      456384          256       11878.947    233668608   1869348864
      456384          512       23777.281    467337216   3738697728
      456384         1024       47551.756    934674432   7477395456
      456384         2048       95144.282   1869348864  14954790912
      501888            1          53.230      1003776      8030208
      501888            2         125.595      2007552     16060416
      501888            4         206.053      4015104     32120832
      501888            8         407.670      8030208     64241664
      501888           16         823.418     16060416    128483328
      501888           32        1641.320     32120832    256966656
      501888           64        3267.633     64241664    513933312
      501888          128        6533.033    128483328   1027866624
      501888          256       13085.213    256966656   2055733248
      501888          512       27166.745    513933312   4111466496
      501888         1024       52261.182   1027866624   8222932992
      501888         2048      104534.795   2055733248  16445865984
      552000            1          61.522      1104000      8832000
      552000            2         119.448      2208000     17664000
      552000            4         226.097      4416000     35328000
      552000            8         464.424      8832000     70656000
      552000           16         904.169     17664000    141312000
      552000           32        1803.376     35328000    282624000
      552000           64        3590.384     70656000    565248000
      552000          128        7189.969    141312000   1130496000
      552000          256       14385.124    282624000   2260992000
      552000          512       28759.832    565248000   4521984000
      552000         1024       57492.306   1130496000   9043968000
      607104            1          63.453      1214208      9713664
      607104            2         146.021      2428416     19427328
      607104            4         248.371      4856832     38854656
      607104            8         493.085      9713664     77709312
      607104           16         993.061     19427328    155418624
      607104           32        1978.368     38854656    310837248
      607104           64        3953.248     77709312    621674496
      607104          128        7904.781    155418624   1243348992
      607104          256       15808.983    310837248   2486697984
      607104          512       31612.723    621674496   4973395968
      607104         1024       63255.453   1243348992   9946791936
      667776            1          69.126      1335552     10684416
      667776            2         158.774      2671104     21368832
      667776            4         274.375      5342208     42737664
      667776            8         540.777     10684416     85475328
      667776           16        1089.462     21368832    170950656
      667776           32        2185.311     42737664    341901312
      667776           64        4347.281     85475328    683802624
      667776          128        8702.095    170950656   1367605248
      667776          256       18393.478    341901312   2735210496
      667776          512       34770.716    683802624   5470420992
      667776         1024       69544.648   1367605248  10940841984
      734400            1          80.079      1468800     11750400
      734400            2         155.731      2937600     23500800
      734400            4         299.160      5875200     47001600
      734400            8         610.095     11750400     94003200
      734400           16        1198.304     23500800    188006400
      734400           32        2399.148     47001600    376012800
      734400           64        4779.963     94003200    752025600
      734400          128        9568.850    188006400   1504051200
      734400          256       19264.101    376012800   3008102400
      734400          512       38245.066    752025600   6016204800
      734400         1024       76491.389   1504051200  12032409600
      807744            1          86.463      1615488     12923904
      807744            2         186.922      3230976     25847808
      807744            4         329.471      6461952     51695616
      807744            8         667.123     12923904    103391232
      807744           16        1316.347     25847808    206782464
      807744           32        2638.918     51695616    413564928
      807744           64        5265.048    103391232    827129856
      807744          128       10524.778    206782464   1654259712
      807744          256       21046.810    413564928   3308519424
      807744          512       42113.590    827129856   6617038848
      807744         1024       84210.466   1654259712  13234077696
      888384            1          93.855      1776768     14214144
      888384            2         185.966      3553536     28428288
      888384            4         378.716      7107072     56856576
      888384            8         731.500     14214144    113713152
      888384           16        1445.172     28428288    227426304
      888384           32        2894.248     56856576    454852608
      888384           64        5786.628    113713152    909705216
      888384          128       12585.923    227426304   1819410432
      888384          256       23124.691    454852608   3638820864
      888384          512       46256.729    909705216   7277641728
      888384         1024       92600.924   1819410432  14555283456
      977088            1         102.588      1954176     15633408
      977088            2         204.024      3908352     31266816
      977088            4         397.704      7816704     62533632
      977088            8         801.824     15633408    125067264
      977088           16        1598.261     31266816    250134528
      977088           32        3180.985     62533632    500269056
      977088           64        6363.601    125067264   1000538112
      977088          128       12728.057    250134528   2001076224
      977088          256       25438.657    500269056   4002152448
      977088          512       50880.137   1000538112   8004304896
      977088         1024      101756.858   2001076224  16008609792
     1074624            1         111.569      2149248     17193984
     1074624            2         224.645      4298496     34387968
     1074624            4         436.360      8596992     68775936
     1074624            8         880.605     17193984    137551872
     1074624           16        1753.975     34387968    275103744
     1074624           32        3522.101     68775936    550207488
     1074624           64        6997.837    137551872   1100414976
     1074624          128       13988.609    275103744   2200829952
     1074624          256       27976.982    550207488   4401659904
     1074624          512       56961.410   1100414976   8803319808
     1181952            1         123.490      2363904     18911232
     1181952            2         245.754      4727808     37822464
     1181952            4         495.007      9455616     75644928
     1181952            8         966.653     18911232    151289856
     1181952           16        1927.030     37822464    302579712
     1181952           32        3851.062     75644928    605159424
     1181952           64        7688.289    151289856   1210318848
     1181952          128       15391.355    302579712   2420637696
     1181952          256       30776.632    605159424   4841275392
     1181952          512       61539.277   1210318848   9682550784
     1300032            1         133.523      2600064     20800512
     1300032            2         286.759      5200128     41601024
     1300032            4         528.411     10400256     83202048
     1300032            8        1060.066     20800512    166404096
     1300032           16        2117.089     41601024    332808192
     1300032           32        4240.646     83202048    665616384
     1300032           64        8455.392    166404096   1331232768
     1300032          128       16923.127    332808192   2662465536
     1300032          256       33842.482    665616384   5324931072
     1300032          512       67652.013   1331232768  10649862144
     1430016            1         147.235      2860032     22880256
     1430016            2         296.113      5720064     45760512
     1430016            4         595.520     11440128     91521024
     1430016            8        1165.596     22880256    183042048
     1430016           16        2335.849     45760512    366084096
     1430016           32        4648.059     91521024    732168192
     1430016           64        9314.834    183042048   1464336384
     1430016          128       18601.867    366084096   2928672768
     1430016          256       37210.918    732168192   5857345536
     1430016          512       74471.941   1464336384  11714691072
     1572864            1         161.769      3145728     25165824
     1572864            2         341.370      6291456     50331648
     1572864            4         636.944     12582912    100663296
     1572864            8        1290.688     25165824    201326592
     1572864           16        2554.784     50331648    402653184
     1572864           32        5120.056    100663296    805306368
     1572864           64       10246.627    201326592   1610612736
     1572864          128       20463.510    402653184   3221225472
     1572864          256       41971.567    805306368   6442450944
     1572864          512       81883.412   1610612736  12884901888
     1730112            1         194.752      3460224     27681792
     1730112            2         357.985      6920448     55363584
     1730112            4         713.895     13840896    110727168
     1730112            8        1408.422     27681792    221454336
     1730112           16        2820.671     55363584    442908672
     1730112           32        5633.777    110727168    885817344
     1730112           64       11268.589    221454336   1771634688
     1730112          128       22504.881    442908672   3543269376
     1730112          256       45020.955    885817344   7086538752
     1730112          512       94377.967   1771634688  14173077504
     1903104            1         280.218      3806208     30449664
     1903104            2         548.500      7612416     60899328
     1903104            4        1042.570     15224832    121798656
     1903104            8        2192.657     30449664    243597312
     1903104           16        4415.675     60899328    487194624
     1903104           32        7036.040    121798656    974389248
     1903104           64       14478.423    243597312   1948778496
     1903104          128       27639.860    487194624   3897556992
     1903104          256       73713.516    974389248   7795113984
     1903104          512      142945.895   1948778496  15590227968
     2093376            1         310.806      4186752     33494016
     2093376            2         609.009      8373504     66988032
     2093376            4        1264.871     16747008    133976064
     2093376            8        2503.080     33494016    267952128
     2093376           16        5037.781     66988032    535904256
     2093376           32       10037.267    133976064   1071808512
     2093376           64       20131.124    267952128   2143617024
     2093376          128       40031.695    535904256   4287234048
     2093376          256       80988.934   1071808512   8574468096
     2093376          512      143419.868   2143617024  17148936192
     2302656            1         354.186      4605312     36842496
     2302656            2         695.465      9210624     73684992
     2302656            4        1397.737     18421248    147369984
     2302656            8        2727.430     36842496    294739968
     2302656           16        5500.431     73684992    589479936
     2302656           32        9488.606    147369984   1178959872
     2302656           64       16542.973    294739968   2357919744
     2302656          128       39121.318    589479936   4715839488
     2302656          256       65452.733   1178959872   9431678976
     2532864            1         395.178      5065728     40525824
     2532864            2         765.920     10131456     81051648
     2532864            4        1567.529     20262912    162103296
     2532864            8        3320.685     40525824    324206592
     2532864           16        6543.775     81051648    648413184
     2532864           32       10656.127    162103296   1296826368
     2532864           64       20002.260    324206592   2593652736
     2532864          128       37570.252    648413184   5187305472
     2532864          256       72182.012   1296826368  10374610944
     2786112            1         301.725      5572224     44577792
     2786112            2         649.078     11144448     89155584
     2786112            4        1145.669     22288896    178311168
     2786112            8        3317.045     44577792    356622336
     2786112           16        5319.299     89155584    713244672
     2786112           32       10434.017    178311168   1426489344
     2786112           64       20193.584    356622336   2852978688
     2786112          128       38990.862    713244672   5705957376
     2786112          256       78743.371   1426489344  11411914752
     3064704            1         435.781      6129408     49035264
     3064704            2         859.527     12258816     98070528
     3064704            4        1714.790     24517632    196141056
     3064704            8        2548.299     49035264    392282112
     3064704           16        5012.038     98070528    784564224
     3064704           32       11072.432    196141056   1569128448
     3064704           64       22675.635    392282112   3138256896
     3064704          128       42547.141    784564224   6276513792
     3064704          256       86958.239   1569128448  12553027584
     3371136            1         409.758      6742272     53938176
     3371136            2         810.633     13484544    107876352
     3371136            4        1551.825     26969088    215752704
     3371136            8        3096.044     53938176    431505408
     3371136           16        6806.651    107876352    863010816
     3371136           32       13204.033    215752704   1726021632
     3371136           64       23259.696    431505408   3452043264
     3371136          128       47807.637    863010816   6904086528
     3371136          256       87725.086   1726021632  13808173056
     3708096            1         375.070      7416192     59329536
     3708096            2         797.864     14832384    118659072
     3708096            4        1668.897     29664768    237318144
     3708096            8        3721.756     59329536    474636288
     3708096           16        7140.940    118659072    949272576
     3708096           32       13337.907    237318144   1898545152
     3708096           64       25805.238    474636288   3797090304
     3708096          128       52651.230    949272576   7594180608
     3708096          256      101875.197   1898545152  15188361216
     4078848            1         476.298      8157696     65261568
     4078848            2         961.514     16315392    130523136
     4078848            4        1919.060     32630784    261046272
     4078848            8        3904.518     65261568    522092544
     4078848           16        7139.301    130523136   1044185088
     4078848           32       15985.924    261046272   2088370176
     4078848           64       29875.937    522092544   4176740352
     4078848          128       56043.771   1044185088   8353480704
     4078848          256      114476.181   2088370176  16706961408
     4486656            1         603.075      8973312     71786496
     4486656            2        1383.756     17946624    143572992
     4486656            4        2096.003     35893248    287145984
     4486656            8        3994.008     71786496    574291968
     4486656           16        8542.491    143572992   1148583936
     4486656           32       16005.123    287145984   2297167872
     4486656           64       32952.907    574291968   4594335744
     4486656          128       62493.023   1148583936   9188671488
     4935168            1         576.615      9870336     78962688
     4935168            2        1177.150     19740672    157925376
     4935168            4        2500.762     39481344    315850752
     4935168            8        4571.441     78962688    631701504
     4935168           16       10183.032    157925376   1263403008
     4935168           32       18202.687    315850752   2526806016
     4935168           64       34005.217    631701504   5053612032
     4935168          128       68641.631   1263403008  10107224064
     5428608            1         766.752     10857216     86857728
     5428608            2        1285.300     21714432    173715456
     5428608            4        2605.680     43428864    347430912
     5428608            8        4627.497     86857728    694861824
     5428608           16       10527.484    173715456   1389723648
     5428608           32       18646.369    347430912   2779447296
     5428608           64       41003.838    694861824   5558894592
     5428608          128       89354.433   1389723648  11117789184
     5971392            1         932.045     11942784     95542272
     5971392            2        1926.234     23885568    191084544
     5971392            4        3892.388     47771136    382169088
     5971392            8        6943.921     95542272    764338176
     5971392           16       11992.004    191084544   1528676352
     5971392           32       25789.218    382169088   3057352704
     5971392           64       48790.147    764338176   6114705408
     5971392          128       85169.386   1528676352  12229410816
     6568512            1         764.104     13137024    105096192
     6568512            2        1774.914     26274048    210192384
     6568512            4        3345.014     52548096    420384768
     6568512            8        7130.944    105096192    840769536
     6568512           16       13992.648    210192384   1681539072
     6568512           32       25123.785    420384768   3363078144
     6568512           64       53722.875    840769536   6726156288
     6568512          128       96617.879   1681539072  13452312576
     7225344            1         871.392     14450688    115605504
     7225344            2        1959.109     28901376    231211008
     7225344            4        4068.496     57802752    462422016
     7225344            8        8169.611    115605504    924844032
     7225344           16       16253.931    231211008   1849688064
     7225344           32       30396.608    462422016   3699376128
     7225344           64       64591.342    924844032   7398752256
     7225344          128      110008.862   1849688064  14797504512
     7947840            1         815.289     15895680    127165440
     7947840            2        1617.804     31791360    254330880
     7947840            4        3335.801     63582720    508661760
     7947840            8        6472.177    127165440   1017323520
     7947840           16       12929.407    254330880   2034647040
     7947840           32       25892.904    508661760   4069294080
     7947840           64       51723.126   1017323520   8138588160
     7947840          128      103382.200   2034647040  16277176320
     8742528            1         894.801     17485056    139880448
     8742528            2        1774.860     34970112    279760896
     8742528            4        3563.736     69940224    559521792
     8742528            8        7109.554    139880448   1119043584
     8742528           16       14214.827    279760896   2238087168
     8742528           32       28436.486    559521792   4476174336
     8742528           64       56857.489   1119043584   8952348672
     9616704            1         984.447     19233408    153867264
     9616704            2        1961.751     38466816    307734528
     9616704            4        3916.070     76933632    615469056
     9616704            8        7824.445    153867264   1230938112
     9616704           16       15630.387    307734528   2461876224
     9616704           32       31273.527    615469056   4923752448
     9616704           64       63473.464   1230938112   9847504896
    10578240            1        1083.631     21156480    169251840
    10578240            2        2166.989     42312960    338503680
    10578240            4        4302.837     84625920    677007360
    10578240            8        8598.301    169251840   1354014720
    10578240           16       17207.497    338503680   2708029440
    10578240           32       34437.032    677007360   5416058880
    10578240           64       68827.763   1354014720  10832117760
    11635968            1        1187.169     23271936    186175488
    11635968            2        2379.372     46543872    372350976
    11635968            4        4748.320     93087744    744701952
    11635968            8        9460.643    186175488   1489403904
    11635968           16       18920.092    372350976   2978807808
    11635968           32       37833.025    744701952   5957615616
    11635968           64       75709.060   1489403904  11915231232
    12799488            1        1304.245     25598976    204791808
    12799488            2        2615.739     51197952    409583616
    12799488            4        5201.114    102395904    819167232
    12799488            8       10411.321    204791808   1638334464
    12799488           16       20807.482    409583616   3276668928
    12799488           32       41628.983    819167232   6553337856
    12799488           64       83200.368   1638334464  13106675712
    14079360            1        1447.061     28158720    225269760
    14079360            2        2868.633     56317440    450539520
    14079360            4        5719.151    112634880    901079040
    14079360            8       11460.678    225269760   1802158080
    14079360           16       22887.329    450539520   3604316160
    14079360           32       45774.992    901079040   7208632320
    14079360           64       91555.843   1802158080  14417264640
    15487296            1        1590.233     30974592    247796736
    15487296            2        3154.236     61949184    495593472
    15487296            4        6292.830    123898368    991186944
    15487296            8       12591.236    247796736   1982373888
    15487296           16       25174.682    495593472   3964747776
    15487296           32       50358.313    991186944   7929495552
    15487296           64      100658.862   1982373888  15858991104
    17035968            1        1730.980     34071936    272575488
    17035968            2        3474.401     68143872    545150976
    17035968            4        6929.389    136287744   1090301952
    17035968            8       13845.758    272575488   2180603904
    17035968           16       27671.276    545150976   4361207808
    17035968           32       55349.576   1090301952   8722415616
    18739392            1        1914.018     37478784    299830272
    18739392            2        3815.743     74957568    599660544
    18739392            4        7610.471    149915136   1199321088
    18739392            8       15330.735    299830272   2398642176
    18739392           16       30486.661    599660544   4797284352
    18739392           32       60950.992   1199321088   9594568704
    20613312            1        2113.580     41226624    329812992
    20613312            2        4193.629     82453248    659625984
    20613312            4        8385.635    164906496   1319251968
    20613312            8       16756.853    329812992   2638503936
    20613312           16       33489.404    659625984   5277007872
    20613312           32       67144.161   1319251968  10554015744
    22674624            1        2308.238     45349248    362793984
    22674624            2        4618.607     90698496    725587968
    22674624            4        9211.980    181396992   1451175936
    22674624            8       18425.239    362793984   2902351872
    22674624           16       36851.810    725587968   5804703744
    22674624           32       73704.069   1451175936  11609407488
    24941952            1        2550.549     49883904    399071232
    24941952            2        5074.092     99767808    798142464
    24941952            4       10142.238    199535616   1596284928
    24941952            8       20264.898    399071232   3192569856
    24941952           16       40541.192    798142464   6385139712
    24941952           32       81059.117   1596284928  12770279424
    27436032            1        2800.648     54872064    438976512
    27436032            2        5584.193    109744128    877953024
    27436032            4       11151.863    219488256   1755906048
    27436032            8       22293.387    438976512   3511812096
    27436032           16       44597.201    877953024   7023624192
    27436032           32       89182.054   1755906048  14047248384
    30179520            1        3073.182     60359040    482872320
    30179520            2        6149.529    120718080    965744640
    30179520            4       12263.655    241436160   1931489280
    30179520            8       24527.271    482872320   3862978560
    30179520           16       49031.754    965744640   7725957120
    30179520           32       98065.255   1931489280  15451914240
    33197376            1        3374.629     66394752    531158016
    33197376            2        6755.088    132789504   1062316032
    33197376            4       13490.116    265579008   2124632064
    33197376            8       27013.835    531158016   4249264128
    33197376           16       53952.547   1062316032   8498528256
    33197376           32      107884.215   2124632064  16997056512
    36517056            1        3709.811     73034112    584272896
    36517056            2        7430.266    146068224   1168545792
    36517056            4       14876.086    292136448   2337091584
    36517056            8       29666.484    584272896   4674183168
    36517056           16       59342.906   1168545792   9348366336
    40168704            1        4089.259     80337408    642699264
    40168704            2        8166.010    160674816   1285398528
    40168704            4       16420.045    321349632   2570797056
    40168704            8       32645.580    642699264   5141594112
    40168704           16       65300.431   1285398528  10283188224
    44185536            1        4494.541     88371072    706968576
    44185536            2        8989.049    176742144   1413937152
    44185536            4       17963.263    353484288   2827874304
    44185536            8       36004.027    706968576   5655748608
    44185536           16       72740.988   1413937152  11311497216
    48604032            1        4942.046     97208064    777664512
    48604032            2        9876.255    194416128   1555329024
    48604032            4       19761.642    388832256   3110658048
    48604032            8       39528.593    777664512   6221316096
    48604032           16       79121.881   1555329024  12442632192
    53464320            1        5447.929    106928640    855429120
    53464320            2       10876.409    213857280   1710858240
    53464320            4       21731.250    427714560   3421716480
    53464320            8       43545.345    855429120   6843432960
    53464320           16       86936.172   1710858240  13686865920
    58810752            1        5988.803    117621504    940972032
    58810752            2       11965.910    235243008   1881944064
    58810752            4       23989.783    470486016   3763888128
    58810752            8       47886.726    940972032   7527776256
    58810752           16       95663.329   1881944064  15055552512
    64691712            1        6583.139    129383424   1035067392
    64691712            2       13159.537    258766848   2070134784
    64691712            4       26440.944    517533696   4140269568
    64691712            8       52683.610   1035067392   8280539136
    64691712           16      105255.701   2070134784  16561078272
    71160768            1        7254.957    142321536   1138572288
    71160768            2       14478.039    284643072   2277144576
    71160768            4       28978.072    569286144   4554289152
    71160768            8       57895.279   1138572288   9108578304
    78276672            1        7979.570    156553344   1252426752
    78276672            2       15938.474    313106688   2504853504
    78276672            4       31874.307    626213376   5009707008
    78276672            8       63717.792   1252426752  10019414016
    86104320            1        8762.873    172208640   1377669120
    86104320            2       17520.754    344417280   2755338240
    86104320            4       35126.874    688834560   5510676480
    86104320            8       70079.350   1377669120  11021352960
    94714752            1        9642.006    189429504   1515436032
    94714752            2       19374.660    378859008   3030872064
    94714752            4       38536.826    757718016   6061744128
    94714752            8       77079.715   1515436032  12123488256
   104186112            1       10589.805    208372224   1666977792
   104186112            2       21201.006    416744448   3333955584
   104186112            4       42389.741    833488896   6667911168
   104186112            8       84775.750   1666977792  13335822336
   114604608            1       11668.169    229209216   1833673728
   114604608            2       23320.333    458418432   3667347456
   114604608            4       46629.931    916836864   7334694912
   114604608            8       93234.789   1833673728  14669389824
   126064896            1       12834.446    252129792   2017038336
   126064896            2       25653.684    504259584   4034076672
   126064896            4       51285.126   1008519168   8068153344
   126064896            8      102577.369   2017038336  16136306688
   138671232            1       14115.988    277342464   2218739712
   138671232            2       28206.372    554684928   4437479424
   138671232            4       56529.958   1109369856   8874958848
   152538240            1       15522.394    305076480   2440611840
   152538240            2       31018.586    610152960   4881223680
   152538240            4       62043.264   1220305920   9762447360
   167792064            1       17066.090    335584128   2684673024
   167792064            2       34126.096    671168256   5369346048
   167792064            4       68241.643   1342336512  10738692096
   184571136            1       18773.259    369142272   2953138176
   184571136            2       37521.882    738284544   5906276352
   184571136            4       75081.054   1476569088  11812552704
   203028096            1       20634.879    406056192   3248449536
   203028096            2       41429.439    812112384   6496899072
   203028096            4       82576.661   1624224768  12993798144
   223330752            1       22711.919    446661504   3573292032
   223330752            2       45442.793    893323008   7146584064
   223330752            4       91163.453   1786646016  14293168128
   245663808            1       24978.495    491327616   3930620928
   245663808            2       49966.052    982655232   7861241856
   245663808            4       99888.251   1965310464  15722483712
   270230016            1       27658.773    540460032   4323680256
   270230016            2       54991.821   1080920064   8647360512
   297252864            1       30231.772    594505728   4756045824
   297252864            2       60426.962   1189011456   9512091648
   326978112            1       33235.215    653956224   5231649792
   326978112            2       66466.648   1307912448  10463299584
   359675904            1       36550.140    719351808   5754814464
   359675904            2       73151.159   1438703616  11509628928
   395643456            1       40220.442    791286912   6330295296
   395643456            2       80470.432   1582573824  12660590592
   435207744            1       44233.079    870415488   6963323904
   435207744            2       89579.628   1740830976  13926647808
   478728384            1       48668.831    957456768   7659654144
   478728384            2       97341.574   1914913536  15319308288
   526601088            1       53535.099   1053202176   8425617408
   526601088            2      107036.621   2106404352  16851234816
   579261120            1       58893.757   1158522240   9268177920
   637187136            1       64763.673   1274374272  10194994176
   700905792            1       71233.509   1401811584  11214492672
   770996352            1       78391.855   1541992704  12335941632
   848095872            1       86230.529   1696191744  13569533952
   932905344            1       94884.435   1865810688  14926485504
  1026195840            1      104324.179   2052391680  16419133440

META_DATA
FLOPS          128
MPI_PROCS      1
OPENMP_THREADS 24
ERT_VERSION  1.1.0
HOSTNAME  ('deepv.deep', [], ['10.2.8.6'])
UNAME  uname_result(system='Linux', node='deepv', release='4.18.0-513.24.1.el8_9.x86_64', version='#1 SMP Thu Apr 4 18:13:02 UTC 2024', machine='x86_64')
TIMESTAMP_DATA  1713375415.5562744
CONFIG  {'ERT_RESULTS': ['Results.cn.deep.fz-juelich.de.01.gcc2023-O3-fastmath'], 'ERT_DRIVER': ['driver1'], 'ERT_KERNEL': ['kernel1'], 'ERT_MPI': ['True'], 'ERT_MPI_CFLAGS': ['-I', '/p/software/deep/stages/2023/software/psmpi/5.9.2-1-GCC-11.3.0/include'], 'ERT_MPI_LDFLAGS': ['-L', '/p/software/deep/stages/2023/software/psmpi/5.9.2-1-GCC-11.3.0/lib', '-lmpi'], 'ERT_OPENMP': ['True'], 'ERT_OPENMP_CFLAGS': ['-fopenmp'], 'ERT_OPENMP_LDFLAGS': ['-fopenmp'], 'ERT_FLOPS': ['1,2,4,8,16,64,128'], 'ERT_ALIGN': ['64'], 'ERT_CC': ['mpicxx'], 'ERT_CFLAGS': ['-g', '-O3', '-mavx'], 'ERT_LD': ['mpicxx'], 'ERT_LDFLAGS': [], 'ERT_LDLIBS': [], 'ERT_PRECISION': ['FP64'], 'ERT_RUN': ['export', 'OMP_NUM_THREADS=ERT_OPENMP_THREADS;', 'export', 'OMP_PLACES="cores(ERT_OPENMP_THREADS)";', 'srun', '-p', 'dp-cn', '-n', 'ERT_MPI_PROCS', '-c', '48', '--ntasks-per-node', '1', 'ERT_CODE'], 'ERT_PROCS_THREADS': ['24'], 'ERT_MPI_PROCS': ['1'], 'ERT_OPENMP_THREADS': ['24'], 'ERT_NUM_EXPERIMENTS': ['5'], 'ERT_MEMORY_MAX': ['1073741824'], 'ERT_WORKING_SET_MIN': ['128'], 'ERT_TRIALS_MIN': ['1'], 'ERT_GNUPLOT': ['gnuplot'], 'ERT_GPU': [False], 'ERT_HIP': [False], 'ERT_OCL': [False], 'ERT_SYCL': [False], 'ERT_WSS_MULT': [1.1]}
