fp64
 24576 32768 564.137 577.771 700.098 2300.5532596865014 2787.631667217635 2855.0028379631194 143.78457873040634 174.22697920110218 178.43767737269496
 26880 32768 615.294 642.759 670.871 2625.851586966794 2740.697026412699 2863.034061765595 164.11572418542463 171.29356415079369 178.9396288603497
 29568 32768 790.182 796.072 813.392 2382.3303499419712 2434.162296877669 2452.3064914159013 148.8956468713732 152.13514355485432 153.26915571349383
 32448 32768 833.479 838.527 864.567 2459.6267588284077 2536.009130296341 2551.3685743731994 153.72667242677548 158.5005706435213 159.46053589832496
 35520 16384 438.584 449.06 452.963 2569.5682870344817 2591.90166124794 2653.8117213578244 160.5980179396551 161.99385382799625 165.86323258486402
 38976 16384 492.955 513.993 582.467 2192.683135696958 2484.791753973303 2590.8360154578004 137.04269598105986 155.29948462333144 161.92725096611252
 42816 16384 545.537 551.215 573.172 2447.772549950102 2545.276685141006 2571.7681623794533 152.98578437188138 159.07979282131288 160.73551014871583
 47040 16384 617.523 629.5 644.914 2390.096540003783 2448.620683081811 2496.1122419731732 149.38103375023644 153.03879269261319 156.00701512332333
 51648 16384 632.757 652.303 760.756 2224.631371951059 2594.502346302255 2674.6470825293122 139.0394607469412 162.15639664389093 167.16544265808201
 56640 16384 687.215 712.162 718.265 2583.9759977167205 2606.11984351875 2700.7261482942017 161.49849985729503 162.88249021992186 168.7953842683876
 62208 16384 763.364 781.294 882.352 2310.2251074401147 2609.04569086669 2670.3273196011337 144.38906921500717 163.06535567916814 166.89545747507086
 68352 8192 494.496 495.629 508.921 2200.4970673247913 2259.510980995866 2264.688021743351 137.53106670779945 141.2194363122416 141.54300135895943
 75072 8192 480.093 494.888 496.849 2475.5602768648023 2485.3697159761405 2561.9612200136226 154.72251730405014 155.33560724850878 160.1225762508514
 82560 8192 510.279 521.384 522.31 2589.7705194233313 2594.370061221671 2650.8303104772094 161.8606574639582 162.14812882635445 165.6768944048256
 90816 8192 549.041 557.664 563.918 2638.5562156200012 2668.1466689619556 2710.0514242105783 164.90976347625008 166.75916681012222 169.37821401316114
 99840 8192 598.61 604.01 615.103 2659.357148314998 2708.1978112945153 2732.6281886370093 166.20982176968738 169.2623632059072 170.78926178981308
 109824 8192 643.009 669.573 684.181 2629.9421001167816 2687.319255704755 2798.337839750299 164.37138125729885 167.9574534815472 174.89611498439368
 120768 8192 700.454 719.515 736.763 2685.616557834745 2749.995360763848 2824.829199347852 167.85103486467156 171.8747100477405 176.55182495924075
 132672 4096 386.801 401.205 447.746 2427.3785226445348 2708.961812539724 2809.8402641151392 151.71115766528342 169.31011328373276 175.6150165071962
 145920 4096 433.994 441.555 459.077 2603.8695905044256 2707.1976084519483 2754.3621340387194 162.7418494065266 169.19985052824677 172.14763337741996
 160512 4096 501.565 515.404 519.102 2533.055746269519 2551.2303047706264 2621.6229282346253 158.31598414184495 159.45189404816415 163.85143301466408
 176448 4096 516.247 523.858 551.952 2618.818332028872 2759.263036929855 2799.9426940979806 163.6761457518045 172.45393980811593 174.9964183811238
 193920 4096 567.28 574.196 594.29 2673.0933382691956 2766.6382907578595 2800.3677901565366 167.06833364182472 172.91489317236622 175.02298688478353
 213312 4096 619.21 625.733 635.221 2750.9353500592706 2792.6478290261184 2822.06667204987 171.9334593787044 174.5404893141324 176.37916700311686
 234624 4096 695.193 695.639 713.042 2695.5492215044837 2762.9845480198783 2764.757136507416 168.47182634403023 172.6865342512424 172.7973210317135
 258048 4096 732.659 758.621 1092.406 1935.1131502390135 2786.541917505579 2885.28389878511 120.94457188993835 174.1588698440987 180.33024367406938
 283776 2048 407.309 431.678 740.162 1570.39471899395 2692.6238909557587 2853.721611847516 98.14966993712187 168.28899318473492 178.35760074046976
 312000 2048 452.901 454.964 1068.199 1196.3613521450588 2808.9079575526857 2821.7027562314943 74.77258450906618 175.55674734704286 176.3564222644684
 343104 2048 515.093 529.584 995.124 1412.240066564569 2653.6941901568025 2728.349995049438 88.26500416028556 165.85588688480016 170.52187469058987
 377280 2048 550.782 561.446 828.428 1865.387070451506 2752.4265557150643 2805.7178339161414 116.58669190321912 172.02665973219152 175.35736461975884
 414912 2048 586.132 599.721 1292.459 1314.9195076981164 2833.7836293876653 2899.482628486416 82.18246923113227 177.11147683672908 181.217664280401
 456384 2048 643.136 669.965 1149.783 1625.8275378919327 2790.2186890359944 2906.615185590606 101.6142211182458 174.38866806474965 181.66344909941287
 501888 2048 723.182 735.034 752.573 2731.6064328643206 2796.786608510627 2842.6222555318022 170.72540205402004 174.7991630319142 177.66389097073764
 552000 1024 392.721 408.809 409.399 2761.355059489642 2765.3402933888437 2878.6237557960994 172.58469121810262 172.83376833680273 179.91398473725621
 607104 1024 442.529 463.35 518.18 2399.453842294184 2683.3905082550987 2809.64409564119 149.9658651433865 167.71190676594367 175.60275597757436
 667776 1024 472.667 502.754 517.642 2641.9905030890077 2720.2274830235065 2893.3800074894166 165.12440644306298 170.01421768896915 180.83625046808854
 734400 1024 537.876 555.205 1112.744 1351.659680932901 2709.0015399717217 2796.278696205073 84.47873005830631 169.3125962482326 174.76741851281707
 807744 1024 598.574 613.97 1222.502 1353.1754647436162 2694.3657051647474 2763.667837226475 84.57346654647601 168.3978565727967 172.7292398266547
 888384 1024 688.579 698.423 1329.654 1368.333740958174 2605.026512586212 2642.2682538967933 85.52085880988588 162.81415703663825 165.14176586854958
 977088 1024 761.348 773.618 793.034 2523.317063328937 2586.6464120534943 2628.3331984847932 157.70731645805856 161.6654007533434 164.27082490529958
 1074624 512 423.759 425.821 444.034 2478.2223343257497 2584.2196040120143 2596.7943477306676 154.88889589535935 161.5137252507509 162.29964673316672
 1181952 512 466.312 525.995 562.718 2150.844380311275 2301.008275744066 2595.5129784350393 134.4277737694547 143.81301723400412 162.21956115218995
 1300032 512 508.986 521.134 574.256 2318.186954946923 2554.4922572697233 2615.4604802489657 144.88668468418268 159.6557660793577 163.46628001556036
 1430016 512 558.017 580.128 588.928 2486.4438165616175 2524.160847261294 2624.1788045883904 155.4027385351011 157.76005295383086 164.0111752867744
 1572864 512 611.462 619.577 634.389 2538.840894151696 2599.536031841079 2634.0356980482843 158.677555884481 162.47100199006744 164.62723112801777
 1730112 512 679.239 697.689 708.935 2499.0086368990105 2539.289981639384 2608.2640837761082 156.18803980618816 158.7056238524615 163.01650523600676
 1903104 512 757.254 762.662 782.394 2490.7891624935774 2555.2321946025895 2573.480623410375 155.67432265584858 159.70201216266184 160.84253896314843
 2093376 512 830.457 835.215 880.83 2433.633077892442 2566.5451698065767 2581.2498708542407 152.10206736827763 160.40907311291105 161.32811692839005
 2302656 256 455.482 467.942 539.373 2185.7969753769657 2519.457266071436 2588.3786230849955 136.61231096106036 157.46607912946476 161.77366394281222
 2532864 256 499.658 510.895 568.575 2280.8360691201688 2538.3422581939535 2595.4280087579905 142.55225432001055 158.6463911371221 162.2142505473744
 2786112 256 548.827 574.542 654.712 2178.804335341341 2482.8286600457404 2599.160289125717 136.1752709588338 155.17679125285878 162.44751807035732
 3064704 256 599.29 601.72 623.958 2514.7981883396 2607.7385627866784 2618.312416359359 157.174886771225 162.9836601741674 163.64452602245993
 3371136 256 656.576 680.118 1365.632 1263.8995219795668 2537.826718304764 2628.822302368652 78.99372012372292 158.61416989404776 164.30139389804074
 3708096 256 749.526 846.795 1413.957 1342.717743184552 2242.0363275645227 2532.994388453503 83.9198589490345 140.12727047278267 158.31214927834392
 4078848 256 804.818 1171.818 1576.377 1324.7910721864125 1782.1625679073031 2594.8353242596463 82.79944201165078 111.38516049420645 162.1772077662279
 4486656 128 444.002 503.065 857.756 1339.0567200928936 2283.172027471599 2586.8891041031347 83.69104500580585 142.69825171697494 161.68056900644592
 4935168 128 493.366 517.743 932.164 1355.3441325775293 2440.2126305908528 2560.7824779170032 84.70900828609558 152.5132894119283 160.0489048698127
 5428608 128 540.474 561.669 1091.454 1273.277341967687 2474.275147818377 2571.305276479534 79.57983387298044 154.64219673864855 160.70657977997087
 5971392 128 597.068 628.178 1151.794 1327.213331550607 2433.5082603975306 2560.305278460745 82.95083322191294 152.09426627484567 160.01907990379655
 6568512 128 649.431 659.559 1270.785 1323.2286122357439 2549.4899955879614 2589.24977711258 82.70178826473399 159.3431247242476 161.82811106953625
 7225344 128 711.728 724.899 779.178 2373.8966757274975 2551.6493525304904 2598.8693208641507 148.3685422329686 159.47808453315565 162.42933255400942
 7947840 128 791.646 813.136 861.266 2362.390991865463 2502.222309675134 2570.1475659575112 147.64943699159144 156.38889435469588 160.63422287234445
 8742528 64 459.357 462.152 541.451 2066.7495008781957 2421.3756166802264 2436.10869976946 129.17184380488723 151.33597604251415 152.25679373559126
 9616704 64 492.27 494.323 545.083 2258.2581221575433 2490.149380061215 2500.5344871716743 141.14113263484646 155.63433625382595 156.28340544822964
 10578240 64 541.153 586.64 600.998 2252.9438034735554 2308.084549297695 2502.092236391556 140.8089877170972 144.25528433110594 156.38076477447225
 11635968 64 592.634 592.929 619.138 2405.608933711063 2511.943089307489 2513.1934786056827 150.35055835694143 156.99644308171807 157.07459241285517
 12799488 64 657.231 660.905 687.462 2383.1636715920295 2478.9258123330887 2492.783304500244 148.94772947450184 154.93286327081805 155.79895653126525
 14079360 64 726.646 732.701 740.387 2434.0758008987195 2459.6091447943977 2480.104590130545 152.12973755616997 153.72557154964986 155.00653688315907
 15487296 64 782.366 808.858 2174.424 911.6777077515701 2450.8305388584895 2533.819066779487 56.97985673447313 153.1769086786556 158.36369167371794
 17035968 32 492.694 506.006 523.892 2081.157856962885 2154.721390655447 2212.939374134858 130.07236606018031 134.67008691596544 138.30871088342863
 18739392 32 517.592 553.953 609.69 1967.0998179402645 2165.023184277367 2317.116740598773 122.94373862126653 135.31394901733543 144.81979628742332
 20613312 32 542.668 557.818 674.224 1956.6968366596263 2365.022225887297 2431.048021995032 122.29355229122665 147.81388911795605 151.9405013746895
 22674624 32 629.098 667.079 730.597 1986.28783857585 2175.4184077148284 2306.756556212228 124.14298991099062 135.96365048217677 144.17228476326426
 24941952 32 703.238 721.482 755.518 2112.8350720962303 2212.5083203738973 2269.907098308112 132.0521920060144 138.28177002336858 141.869193644257
 27436032 32 824.57 839.401 901.009 1948.8218741433213 2091.8560354347924 2129.4808785185005 121.80136713395758 130.74100221467452 133.09255490740628
 30179520 32 1005.578 1042.564 1079.259 1789.6438945609907 1852.6337759600367 1920.775195956952 111.85274341006192 115.7896109975023 120.0484497473095
 33197376 32 1159.824 1191.657 1220.132 1741.3132874148043 1782.9224886020058 1831.857302487274 108.83208046342527 111.43265553762537 114.49108140545462
 36517056 16 699.156 739.811 757.205 1543.235704994024 1579.519352915812 1671.366321679282 96.4522315621265 98.71995955723825 104.46039510495513
 40168704 16 776.218 819.736 822.454 1562.881970298643 1568.064020611514 1655.9761922552686 97.68012314366518 98.00400128821963 103.49851201595429
 44185536 16 883.062 936.928 1033.842 1367.65303789167 1509.1203934560606 1601.175401047718 85.47831486822938 94.32002459100379 100.07346256548237
 48604032 16 1021.169 1097.302 1311.019 1186.3512458629507 1417.4120014362502 1523.0867995405267 74.14695286643442 88.58825008976564 95.19292497128292
 53464320 16 1252.333 1366.429 1536.339 1113.5942262742794 1252.0652298802206 1366.1368342126257 69.59963914214246 78.25407686751379 85.3835521382891
 58810752 16 1492.773 1668.73 1868.054 1007.4355794853896 1127.7702588195814 1260.7034451989687 62.96472371783685 70.48564117622384 78.79396532493554
 64691712 16 1896.957 1936.883 2388.122 866.8463269464459 1068.7970228454685 1091.292414113762 54.177895434152866 66.79981392784178 68.20577588211013
 71160768 8 1330.658 1386.373 1823.967 624.228556766652 821.2597100491714 855.6460698391322 39.01428479791575 51.328731878073214 53.477879364945764
 78276672 8 1831.349 1923.385 2420.669 517.3886855245389 651.1575955931861 683.8820738155317 32.33679284528368 40.69734972457413 42.74262961347073
 86104320 8 2394.031 2451.149 2636.018 522.6326679104619 562.0503363932589 575.4600170173235 32.66454174440387 35.12814602457868 35.96625106358272
 94714752 8 2915.741 3010.631 3060.293 495.19311778316654 503.3615982828849 519.7430196989376 30.94956986144791 31.460099892680308 32.4839387311836
 104186112 8 3562.593 3654.955 3708.311 449.524808464015 456.0870905387344 467.9113757872426 28.095300529000937 28.5054431586709 29.244460986702663
 114604608 8 4156.768 4207.602 4372.408 419.3738845963139 435.80018452315596 441.1296776726534 26.21086778726962 27.237511532697248 27.570604854540836
 126064896 8 4766.359 4915.426 5010.647 402.5504762159458 410.3486322446925 423.1822101524455 25.159404763496614 25.646789515293282 26.448888134527845
 138671232 4 3272.68 3339.986 3377.917 328.418328810329 332.1480557104132 338.9790190302749 20.526145550645563 20.759253481900824 21.186188689392182
 152538240 4 3738.401 3778.982 3875.268 314.8958781689421 322.91922004391654 326.4245649410002 19.68099238555888 20.182451252744784 20.401535308812512
 167792064 4 4208.249 4279.694 4349.126 308.6451190423087 313.6524508527946 318.9774445380965 19.290319940144293 19.60327817829966 19.93609028363103
 184571136 4 4786.821 4865.598 4930.603 299.47028548029516 303.4712460832153 308.4654905625257 18.716892842518448 18.966952880200957 19.279093160157856
 203028096 4 5369.707 5523.659 5554.032 292.4406571658211 294.0487035857934 302.4792168362259 18.27754107286382 18.37804397411209 18.904951052264117
 223330752 4 6046.242 6171.687 6266.328 285.11849619107073 289.4907042434265 295.4969410751339 17.81990601194192 18.093169015214155 18.46855881719587
 245663808 4 6735.571 6835.976 7403.786 265.44668687074426 287.49522584631666 291.7808251149012 16.590417929421516 17.96845161539479 18.236301569681324
 270230016 2 5098.339 5165.243 5300.994 203.9089393423196 209.2679984271795 212.01416069037387 12.744308708894975 13.079249901698718 13.250885043148367
 297252864 2 5678.647 5733.871 5938.84 200.2093769153572 207.36627245363562 209.38287870332493 12.513086057209826 12.960392028352226 13.086429918957808
 326978112 2 6366.864 6395.497 6537.588 200.06039658663104 204.50520858660397 205.42490745836568 12.50377478666444 12.781575536662748 12.839056716147855
 359675904 2 7062.622 7170.93 7302.62 197.01197871448878 200.62999025231034 203.70672761475836 12.313248669655549 12.539374390769396 12.731670475922398
 395643456 2 7876.291 7958.927 8089.878 195.6239419185308 198.84261081927252 200.92881586015548 12.226496369908174 12.427663176204533 12.558050991259718
 435207744 2 8711.304 8913.4 9008.278 193.24791885863203 195.30493145152244 199.83586567521925 12.077994928664502 12.206558215720152 12.489741604701203
 478728384 2 9665.861 9864.412 9940.716 192.63336121864862 194.12343442264984 198.11101525254705 12.039585076165539 12.132714651415615 12.38193845328419
 526601088 2 10780.02 10943.469 11064.793 190.36997366331212 192.48049699779844 195.39892801683112 11.898123353957008 12.030031062362402 12.212433001051945
 579261120 1 5966.645 6130.527 6154.05 188.2536280985692 188.97596242541627 194.16644362116395 11.765851756160576 11.810997651588517 12.135402726322747
 637187136 1 6564.956 6713.311 7168.158 177.78267052707264 189.82798085773175 194.11771716367937 11.11141690794204 11.864248803608234 12.13235732272996
 700905792 1 7329.951 7396.121 7659.093 183.02579482975335 189.53334917046382 191.24433219267087 11.439112176859584 11.845834323153989 11.95277076204193
 770996352 1 8083.659 8217.288 8418.009 183.17783979560963 187.65226483482144 190.75429876495286 11.448614987225602 11.72826655217634 11.922143672809554
 848095872 1 8928.202 9066.293 9167.412 185.0240552077293 187.08768225337525 189.98133599575817 11.564003450483082 11.692980140835953 11.873833499734886
 932905344 1 9851.126 9992.631 10146.287 183.89098278020325 186.71866178186707 189.40075357882947 11.493186423762703 11.669916361366692 11.837547098676842
 1026195840 1 10794.645 10987.531 11089.586 185.07378724507842 186.79279994750414 190.13053972594744 11.567111702817401 11.674549996719009 11.883158732871715
 
META_DATA
 FLOPS          1
 MPI_PROCS      1
 OPENMP_THREADS 24
 ERT_VERSION  1.1.0
 HOSTNAME  ('dp-cn26.deep', [], ['10.2.9.126'])
 UNAME  uname_result(system='Linux', node='dp-cn26', release='4.18.0-513.24.1.el8_9.x86_64', version='#1 SMP Thu Apr 4 18:13:02 UTC 2024', machine='x86_64')
 TIMESTAMP_DATA  1713441538.0155642
 CONFIG  {'ERT_RESULTS': ['Results.cn.deep.fz-juelich.de.01.gcc2023-O3-only'], 'ERT_DRIVER': ['driver1'], 'ERT_KERNEL': ['kernel1'], 'ERT_MPI': ['True'], 'ERT_MPI_CFLAGS': ['-I', '/p/software/deep/stages/2023/software/psmpi/5.9.2-1-GCC-11.3.0/include'], 'ERT_MPI_LDFLAGS': ['-L', '/p/software/deep/stages/2023/software/psmpi/5.9.2-1-GCC-11.3.0/lib', '-lmpi'], 'ERT_OPENMP': ['True'], 'ERT_OPENMP_CFLAGS': ['-fopenmp'], 'ERT_OPENMP_LDFLAGS': ['-fopenmp'], 'ERT_FLOPS': ['1,2,4,8,16,64,128'], 'ERT_ALIGN': ['64'], 'ERT_CC': ['mpicxx'], 'ERT_CFLAGS': ['-g', '-O3'], 'ERT_LD': ['mpicxx'], 'ERT_LDFLAGS': [], 'ERT_LDLIBS': [], 'ERT_PRECISION': ['FP64'], 'ERT_RUN': ['export', 'OMP_NUM_THREADS=ERT_OPENMP_THREADS;', 'export', 'OMP_PLACES="cores(ERT_OPENMP_THREADS)";', 'srun', '-p', 'dp-cn', '-n', 'ERT_MPI_PROCS', '-c', '48', '--ntasks-per-node', '1', 'ERT_CODE'], 'ERT_PROCS_THREADS': ['24'], 'ERT_MPI_PROCS': ['1'], 'ERT_OPENMP_THREADS': ['24'], 'ERT_NUM_EXPERIMENTS': ['5'], 'ERT_MEMORY_MAX': ['1073741824'], 'ERT_WORKING_SET_MIN': ['128'], 'ERT_TRIALS_MIN': ['1'], 'ERT_GNUPLOT': ['gnuplot'], 'ERT_GPU': [False], 'ERT_HIP': [False], 'ERT_OCL': [False], 'ERT_SYCL': [False], 'ERT_WSS_MULT': [1.1]}
 TIMESTAMP_DATA  1713441540.621822
 TIMESTAMP_DATA  1713441542.9065967
 TIMESTAMP_DATA  1713441545.1158032
 TIMESTAMP_DATA  1713441547.3689146
 