fp64
       24576            1           2.432        49152         3072
       24576            2           4.146        98304         6144
       24576            4           5.166       196608        12288
       24576            8           3.389       393216        24576
       24576           16           4.819       786432        49152
       24576           32           4.882      1572864        98304
       24576           64           5.161      3145728       196608
       24576          128           5.876      6291456       393216
       24576          256           8.966     12582912       786432
       24576          512          15.013     25165824      1572864
       24576         1024          34.069     50331648      3145728
       24576         2048          66.107    100663296      6291456
       24576         4096         112.281    201326592     12582912
       24576         8192         189.215    402653184     25165824
       24576        16384         343.242    805306368     50331648
       24576        32768         564.137   1610612736    100663296
       26880            1           3.321        53760         3360
       26880            2           4.086       107520         6720
       26880            4           5.418       215040        13440
       26880            8           5.987       430080        26880
       26880           16           3.224       860160        53760
       26880           32           4.064      1720320       107520
       26880           64           6.088      3440640       215040
       26880          128           6.637      6881280       430080
       26880          256          13.787     13762560       860160
       26880          512          21.082     27525120      1720320
       26880         1024          41.447     55050240      3440640
       26880         2048          83.057    110100480      6881280
       26880         4096         100.877    220200960     13762560
       26880         8192         207.677    440401920     27525120
       26880        16384         363.131    880803840     55050240
       26880        32768         642.759   1761607680    110100480
       29568            1           3.240        59136         3696
       29568            2           4.376       118272         7392
       29568            4           3.313       236544        14784
       29568            8           3.946       473088        29568
       29568           16           4.534       946176        59136
       29568           32           4.225      1892352       118272
       29568           64           5.353      3784704       236544
       29568          128           6.334      7569408       473088
       29568          256          13.222     15138816       946176
       29568          512          24.412     30277632      1892352
       29568         1024          57.352     60555264      3784704
       29568         2048          77.917    121110528      7569408
       29568         4096         118.400    242221056     15138816
       29568         8192         255.854    484442112     30277632
       29568        16384         424.455    968884224     60555264
       29568        32768         813.392   1937768448    121110528
       32448            1           4.110        64896         4056
       32448            2           4.371       129792         8112
       32448            4           4.720       259584        16224
       32448            8           4.762       519168        32448
       32448           16           2.551      1038336        64896
       32448           32           3.841      2076672       129792
       32448           64           5.635      4153344       259584
       32448          128           8.644      8306688       519168
       32448          256          12.661     16613376      1038336
       32448          512          25.440     33226752      2076672
       32448         1024          67.083     66453504      4153344
       32448         2048          91.933    132907008      8306688
       32448         4096         128.230    265814016     16613376
       32448         8192         248.742    531628032     33226752
       32448        16384         500.261   1063256064     66453504
       32448        32768         833.479   2126512128    132907008
       35520            1           4.570        71040         4440
       35520            2           4.821       142080         8880
       35520            4           3.842       284160        17760
       35520            8           4.236       568320        35520
       35520           16           4.705      1136640        71040
       35520           32           3.587      2273280       142080
       35520           64           4.766      4546560       284160
       35520          128           8.493      9093120       568320
       35520          256          14.160     18186240      1136640
       35520          512          27.278     36372480      2273280
       35520         1024          57.691     72744960      4546560
       35520         2048          77.780    145489920      9093120
       35520         4096         126.332    290979840     18186240
       35520         8192         247.314    581959680     36372480
       35520        16384         452.963   1163919360     72744960
       38976            1           4.387        77952         4872
       38976            2           3.944       155904         9744
       38976            4           3.961       311808        19488
       38976            8           3.550       623616        38976
       38976           16           3.463      1247232        77952
       38976           32           4.588      2494464       155904
       38976           64           5.262      4988928       311808
       38976          128           8.426      9977856       623616
       38976          256          19.315     19955712      1247232
       38976          512          26.729     39911424      2494464
       38976         1024          90.541     79822848      4988928
       38976         2048          84.305    159645696      9977856
       38976         4096         152.285    319291392     19955712
       38976         8192         296.792    638582784     39911424
       38976        16384         518.917   1277165568     79822848
       42816            1           3.200        85632         5352
       42816            2           3.668       171264        10704
       42816            4           3.871       342528        21408
       42816            8           2.734       685056        42816
       42816           16           4.179      1370112        85632
       42816           32           4.396      2740224       171264
       42816           64           6.752      5480448       342528
       42816          128           9.390     10960896       685056
       42816          256          17.654     21921792      1370112
       42816          512          26.779     43843584      2740224
       42816         1024          59.115     87687168      5480448
       42816         2048          84.542    175374336     10960896
       42816         4096         140.104    350748672     21921792
       42816         8192         288.125    701497344     43843584
       42816        16384         551.199   1402994688     87687168
       47040            1           3.022        94080         5880
       47040            2           4.963       188160        11760
       47040            4           6.393       376320        23520
       47040            8           3.509       752640        47040
       47040           16           2.855      1505280        94080
       47040           32           3.085      3010560       188160
       47040           64           6.800      6021120       376320
       47040          128           8.663     12042240       752640
       47040          256          19.502     24084480      1505280
       47040          512          28.042     48168960      3010560
       47040         1024          66.531     96337920      6021120
       47040         2048          82.419    192675840     12042240
       47040         4096         180.864    385351680     24084480
       47040         8192         361.643    770703360     48168960
       47040        16384         633.981   1541406720     96337920
       51648            1           2.794       103296         6456
       51648            2           5.932       206592        12912
       51648            4           2.626       413184        25824
       51648            8           4.575       826368        51648
       51648           16           5.521      1652736       103296
       51648           32           5.444      3305472       206592
       51648           64           6.383      6610944       413184
       51648          128          10.636     13221888       826368
       51648          256          21.290     26443776      1652736
       51648          512          32.246     52887552      3305472
       51648         1024          71.958    105775104      6610944
       51648         2048          88.040    211550208     13221888
       51648         4096         164.426    423100416     26443776
       51648         8192         334.508    846200832     52887552
       51648        16384         632.757   1692401664    105775104
       56640            1           2.940       113280         7080
       56640            2           4.218       226560        14160
       56640            4           4.799       453120        28320
       56640            8           4.732       906240        56640
       56640           16           4.260      1812480       113280
       56640           32           5.003      3624960       226560
       56640           64           6.523      7249920       453120
       56640          128          11.731     14499840       906240
       56640          256          22.424     28999680      1812480
       56640          512          34.904     57999360      3624960
       56640         1024          73.900    115998720      7249920
       56640         2048          94.544    231997440     14499840
       56640         4096         178.900    463994880     28999680
       56640         8192         358.932    927989760     57999360
       56640        16384         703.791   1855979520    115998720
       62208            1           2.968       124416         7776
       62208            2           3.950       248832        15552
       62208            4           4.883       497664        31104
       62208            8           3.600       995328        62208
       62208           16           4.263      1990656       124416
       62208           32           5.207      3981312       248832
       62208           64           7.555      7962624       497664
       62208          128          14.767     15925248       995328
       62208          256          23.979     31850496      1990656
       62208          512          38.774     63700992      3981312
       62208         1024          75.963    127401984      7962624
       62208         2048         101.653    254803968     15925248
       62208         4096         194.595    509607936     31850496
       62208         8192         408.073   1019215872     63700992
       62208        16384         763.364   2038431744    127401984
       68352            1           2.086       136704         8544
       68352            2           5.129       273408        17088
       68352            4           4.006       546816        34176
       68352            8           3.583      1093632        68352
       68352           16           4.718      2187264       136704
       68352           32           6.405      4374528       273408
       68352           64           8.550      8749056       546816
       68352          128          16.280     17498112      1093632
       68352          256          24.669     34996224      2187264
       68352          512          50.839     69992448      4374528
       68352         1024          73.726    139984896      8749056
       68352         2048         112.482    279969792     17498112
       68352         4096         252.116    559939584     34996224
       68352         8192         508.921   1119879168     69992448
       75072            1           3.419       150144         9384
       75072            2           3.428       300288        18768
       75072            4           3.525       600576        37536
       75072            8           5.297      1201152        75072
       75072           16           4.364      2402304       150144
       75072           32           6.153      4804608       300288
       75072           64           8.435      9609216       600576
       75072          128          15.502     19218432      1201152
       75072          256          25.065     38436864      2402304
       75072          512          81.641     76873728      4804608
       75072         1024          94.335    153747456      9609216
       75072         2048         141.582    307494912     19218432
       75072         4096         271.801    614989824     38436864
       75072         8192         494.888   1229979648     76873728
       82560            1           2.722       165120        10320
       82560            2           5.205       330240        20640
       82560            4           4.397       660480        41280
       82560            8           3.368      1320960        82560
       82560           16           4.844      2641920       165120
       82560           32           7.469      5283840       330240
       82560           64           8.965     10567680       660480
       82560          128          17.550     21135360      1320960
       82560          256          26.396     42270720      2641920
       82560          512          64.790     84541440      5283840
       82560         1024          79.775    169082880     10567680
       82560         2048         152.591    338165760     21135360
       82560         4096         312.200    676331520     42270720
       82560         8192         521.384   1352663040     84541440
       90816            1           4.804       181632        11352
       90816            2           4.620       363264        22704
       90816            4           3.593       726528        45408
       90816            8           4.484      1453056        90816
       90816           16           3.271      2906112       181632
       90816           32           5.758      5812224       363264
       90816           64           9.454     11624448       726528
       90816          128          16.398     23248896      1453056
       90816          256          27.807     46497792      2906112
       90816          512          55.929     92995584      5812224
       90816         1024          86.075    185991168     11624448
       90816         2048         143.902    371982336     23248896
       90816         4096         272.583    743964672     46497792
       90816         8192         549.041   1487929344     92995584
       99840            1           4.927       199680        12480
       99840            2           5.179       399360        24960
       99840            4           2.943       798720        49920
       99840            8           4.204      1597440        99840
       99840           16           6.045      3194880       199680
       99840           32           5.328      6389760       399360
       99840           64          10.963     12779520       798720
       99840          128          19.078     25559040      1597440
       99840          256          30.727     51118080      3194880
       99840          512          77.826    102236160      6389760
       99840         1024         101.834    204472320     12779520
       99840         2048         181.117    408944640     25559040
       99840         4096         356.638    817889280     51118080
       99840         8192         598.610   1635778560    102236160
      109824            1           3.316       219648        13728
      109824            2           4.096       439296        27456
      109824            4           2.299       878592        54912
      109824            8           4.125      1757184       109824
      109824           16           4.408      3514368       219648
      109824           32           9.698      7028736       439296
      109824           64          10.424     14057472       878592
      109824          128          21.961     28114944      1757184
      109824          256          30.862     56229888      3514368
      109824          512          71.128    112459776      7028736
      109824         1024         105.855    224919552     14057472
      109824         2048         168.047    449839104     28114944
      109824         4096         325.753    899678208     56229888
      109824         8192         684.181   1799356416    112459776
      120768            1           7.693       241536        15096
      120768            2           3.298       483072        30192
      120768            4           4.950       966144        60384
      120768            8           4.205      1932288       120768
      120768           16           4.988      3864576       241536
      120768           32           6.732      7729152       483072
      120768           64          11.947     15458304       966144
      120768          128          21.723     30916608      1932288
      120768          256          33.862     61833216      3864576
      120768          512          77.131    123666432      7729152
      120768         1024          96.044    247332864     15458304
      120768         2048         199.549    494665728     30916608
      120768         4096         355.457    989331456     61833216
      120768         8192         736.763   1978662912    123666432
      132672            1           4.638       265344        16584
      132672            2           3.245       530688        33168
      132672            4           4.843      1061376        66336
      132672            8           4.145      2122752       132672
      132672           16           4.570      4245504       265344
      132672           32           7.142      8491008       530688
      132672           64          11.136     16982016      1061376
      132672          128          25.914     33964032      2122752
      132672          256          38.708     67928064      4245504
      132672          512          77.892    135856128      8491008
      132672         1024         120.390    271712256     16982016
      132672         2048         199.089    543424512     33964032
      132672         4096         387.806   1086849024     67928064
      145920            1           3.764       291840        18240
      145920            2           2.808       583680        36480
      145920            4           3.926      1167360        72960
      145920            8           2.962      2334720       145920
      145920           16           5.377      4669440       291840
      145920           32           8.832      9338880       583680
      145920           64          13.702     18677760      1167360
      145920          128          28.816     37355520      2334720
      145920          256          53.829     74711040      4669440
      145920          512          76.834    149422080      9338880
      145920         1024         114.639    298844160     18677760
      145920         2048         217.637    597688320     37355520
      145920         4096         438.283   1195376640     74711040
      160512            1           5.759       321024        20064
      160512            2           3.131       642048        40128
      160512            4           5.619      1284096        80256
      160512            8           4.372      2568192       160512
      160512           16           5.579      5136384       321024
      160512           32           8.351     10272768       642048
      160512           64          13.388     20545536      1284096
      160512          128          27.316     41091072      2568192
      160512          256          51.388     82182144      5136384
      160512          512          95.243    164364288     10272768
      160512         1024         145.984    328728576     20545536
      160512         2048         299.146    657457152     41091072
      160512         4096         501.565   1314914304     82182144
      176448            1           4.341       352896        22056
      176448            2           3.870       705792        44112
      176448            4           5.145      1411584        88224
      176448            8           4.252      2823168       176448
      176448           16           6.157      5646336       352896
      176448           32           8.913     11292672       705792
      176448           64          13.716     22585344      1411584
      176448          128          31.956     45170688      2823168
      176448          256          54.854     90341376      5646336
      176448          512          84.883    180682752     11292672
      176448         1024         156.822    361365504     22585344
      176448         2048         303.139    722731008     45170688
      176448         4096         551.952   1445462016     90341376
      193920            1           4.298       387840        24240
      193920            2           3.941       775680        48480
      193920            4           4.906      1551360        96960
      193920            8           5.158      3102720       193920
      193920           16           6.775      6205440       387840
      193920           32           9.483     12410880       775680
      193920           64          16.619     24821760      1551360
      193920          128          28.482     49643520      3102720
      193920          256          60.603     99287040      6205440
      193920          512         103.920    198574080     12410880
      193920         1024         147.481    397148160     24821760
      193920         2048         283.635    794296320     49643520
      193920         4096         585.521   1588592640     99287040
      213312            1           6.034       426624        26664
      213312            2           3.608       853248        53328
      213312            4           4.295      1706496       106656
      213312            8           4.858      3412992       213312
      213312           16           6.488      6825984       426624
      213312           32          10.203     13651968       853248
      213312           64          18.333     27303936      1706496
      213312          128          37.452     54607872      3412992
      213312          256          76.190    109215744      6825984
      213312          512          98.352    218431488     13651968
      213312         1024         207.968    436862976     27303936
      213312         2048         363.754    873725952     54607872
      213312         4096         634.248   1747451904    109215744
      234624            1           6.047       469248        29328
      234624            2           4.005       938496        58656
      234624            4           4.423      1876992       117312
      234624            8           5.790      3753984       234624
      234624           16           6.661      7507968       469248
      234624           32          12.817     15015936       938496
      234624           64          17.528     30031872      1876992
      234624          128          35.909     60063744      3753984
      234624          256          74.950    120127488      7507968
      234624          512          92.217    240254976     15015936
      234624         1024         174.748    480509952     30031872
      234624         2048         354.218    961019904     60063744
      234624         4096         695.639   1922039808    120127488
      258048            1           4.227       516096        32256
      258048            2           5.282      1032192        64512
      258048            4           4.806      2064384       129024
      258048            8           8.095      4128768       258048
      258048           16           8.016      8257536       516096
      258048           32          12.636     16515072      1032192
      258048           64          22.677     33030144      2064384
      258048          128          45.255     66060288      4128768
      258048          256          96.345    132120576      8257536
      258048          512         171.276    264241152     16515072
      258048         1024         437.336    528482304     33030144
      258048         2048         801.409   1056964608     66060288
      258048         4096        1092.406   2113929216    132120576
      283776            1           6.026       567552        35472
      283776            2           3.826      1135104        70944
      283776            4           5.018      2270208       141888
      283776            8           8.672      4540416       283776
      283776           16          13.525      9080832       567552
      283776           32          23.392     18161664      1135104
      283776           64          43.018     36323328      2270208
      283776          128          83.186     72646656      4540416
      283776          256         112.793    145293312      9080832
      283776          512         169.545    290586624     18161664
      283776         1024         337.563    581173248     36323328
      283776         2048         740.162   1162346496     72646656
      312000            1           4.014       624000        39000
      312000            2           4.150      1248000        78000
      312000            4           5.117      2496000       156000
      312000            8           5.058      4992000       312000
      312000           16          17.004      9984000       624000
      312000           32          18.506     19968000      1248000
      312000           64          36.274     39936000      2496000
      312000          128          69.576     79872000      4992000
      312000          256         136.614    159744000      9984000
      312000          512         267.450    319488000     19968000
      312000         1024         551.860    638976000     39936000
      312000         2048        1068.199   1277952000     79872000
      343104            1           5.395       686208        42888
      343104            2           4.426      1372416        85776
      343104            4           5.140      2744832       171552
      343104            8           6.483      5489664       343104
      343104           16           9.207     10979328       686208
      343104           32          17.935     21958656      1372416
      343104           64          31.192     43917312      2744832
      343104          128          77.452     87834624      5489664
      343104          256         118.485    175669248     10979328
      343104          512         237.398    351338496     21958656
      343104         1024         483.515    702676992     43917312
      343104         2048         995.124   1405353984     87834624
      377280            1           5.848       754560        47160
      377280            2           5.185      1509120        94320
      377280            4           6.203      3018240       188640
      377280            8           6.989      6036480       377280
      377280           16          11.942     12072960       754560
      377280           32          18.386     24145920      1509120
      377280           64          34.326     48291840      3018240
      377280          128          65.951     96583680      6036480
      377280          256         134.058    193167360     12072960
      377280          512         255.077    386334720     24145920
      377280         1024         385.384    772669440     48291840
      377280         2048         828.428   1545338880     96583680
      414912            1           6.716       829824        51864
      414912            2           5.455      1659648       103728
      414912            4           8.206      3319296       207456
      414912            8           7.683      6638592       414912
      414912           16          12.401     13277184       829824
      414912           32          25.082     26554368      1659648
      414912           64          40.255     53108736      3319296
      414912          128         100.514    106217472      6638592
      414912          256         168.533    212434944     13277184
      414912          512         275.426    424869888     26554368
      414912         1024         680.322    849739776     53108736
      414912         2048        1292.459   1699479552    106217472
      456384            1           6.596       912768        57048
      456384            2           5.804      1825536       114096
      456384            4           5.869      3651072       228192
      456384            8           7.324      7302144       456384
      456384           16          26.803     14604288       912768
      456384           32          18.352     29208576      1825536
      456384           64          39.284     58417152      3651072
      456384          128         104.278    116834304      7302144
      456384          256         147.336    233668608     14604288
      456384          512         287.640    467337216     29208576
      456384         1024         524.165    934674432     58417152
      456384         2048        1149.783   1869348864    116834304
      501888            1           7.229      1003776        62736
      501888            2           6.169      2007552       125472
      501888            4           8.332      4015104       250944
      501888            8           7.647      8030208       501888
      501888           16          11.235     16060416      1003776
      501888           32          22.023     32120832      2007552
      501888           64          35.593     64241664      4015104
      501888          128          75.432    128483328      8030208
      501888          256         117.381    256966656     16060416
      501888          512         184.355    513933312     32120832
      501888         1024         372.457   1027866624     64241664
      501888         2048         735.168   2055733248    128483328
      552000            1           9.347      1104000        69000
      552000            2           5.819      2208000       138000
      552000            4           4.712      4416000       276000
      552000            8           6.546      8832000       552000
      552000           16          14.220     17664000      1104000
      552000           32          24.438     35328000      2208000
      552000           64          44.411     70656000      4416000
      552000          128          90.212    141312000      8832000
      552000          256         107.127    282624000     17664000
      552000          512         202.313    565248000     35328000
      552000         1024         409.052   1130496000     70656000
      607104            1           5.087      1214208        75888
      607104            2           8.688      2428416       151776
      607104            4           6.015      4856832       303552
      607104            8           9.100      9713664       607104
      607104           16          13.623     19427328      1214208
      607104           32          27.571     38854656      2428416
      607104           64          48.672     77709312      4856832
      607104          128          75.744    155418624      9713664
      607104          256         116.240    310837248     19427328
      607104          512         222.275    621674496     38854656
      607104         1024         442.529   1243348992     77709312
      667776            1           7.519      1335552        83472
      667776            2           6.689      2671104       166944
      667776            4           5.938      5342208       333888
      667776            8           9.716     10684416       667776
      667776           16          14.354     21368832      1335552
      667776           32          28.745     42737664      2671104
      667776           64          52.430     85475328      5342208
      667776          128         104.643    170950656     10684416
      667776          256         166.682    341901312     21368832
      667776          512         285.342    683802624     42737664
      667776         1024         502.754   1367605248     85475328
      734400            1          10.698      1468800        91800
      734400            2           5.786      2937600       183600
      734400            4           8.058      5875200       367200
      734400            8           9.421     11750400       734400
      734400           16          18.531     23500800      1468800
      734400           32          32.147     47001600      2937600
      734400           64          56.501     94003200      5875200
      734400          128          84.043    188006400     11750400
      734400          256         140.428    376012800     23500800
      734400          512         265.386    752025600     47001600
      734400         1024         548.293   1504051200     94003200
      807744            1           8.460      1615488       100968
      807744            2           5.318      3230976       201936
      807744            4           7.206      6461952       403872
      807744            8          10.780     12923904       807744
      807744           16          16.519     25847808      1615488
      807744           32          37.024     51695616      3230976
      807744           64          87.133    103391232      6461952
      807744          128         100.831    206782464     12923904
      807744          256         181.634    413564928     25847808
      807744          512         349.136    827129856     51695616
      807744         1024         627.295   1654259712    103391232
      888384            1          10.712      1776768       111048
      888384            2           6.272      3553536       222096
      888384            4           9.393      7107072       444192
      888384            8          12.428     14214144       888384
      888384           16          18.679     28428288      1776768
      888384           32          36.763     56856576      3553536
      888384           64          74.159    113713152      7107072
      888384          128         124.620    227426304     14214144
      888384          256         206.457    454852608     28428288
      888384          512         402.247    909705216     56856576
      888384         1024         696.072   1819410432    113713152
      977088            1          13.050      1954176       122136
      977088            2           8.644      3908352       244272
      977088            4           9.293      7816704       488544
      977088            8          12.060     15633408       977088
      977088           16          20.304     31266816      1954176
      977088           32          48.502     62533632      3908352
      977088           64          75.818    125067264      7816704
      977088          128         138.592    250134528     15633408
      977088          256         229.262    500269056     31266816
      977088          512         426.305   1000538112     62533632
      977088         1024         774.299   2001076224    125067264
     1074624            1          15.298      2149248       134328
     1074624            2           7.594      4298496       268656
     1074624            4           9.941      8596992       537312
     1074624            8          31.987     17193984      1074624
     1074624           16          22.315     34387968      2149248
     1074624           32          42.087     68775936      4298496
     1074624           64          79.960    137551872      8596992
     1074624          128         112.177    275103744     17193984
     1074624          256         211.100    550207488     34387968
     1074624          512         425.215   1100414976     68775936
     1181952            1          13.500      2363904       147744
     1181952            2           9.265      4727808       295488
     1181952            4           9.756      9455616       590976
     1181952            8          17.220     18911232      1181952
     1181952           16          29.648     37822464      2363904
     1181952           32          49.671     75644928      4727808
     1181952           64          85.162    151289856      9455616
     1181952          128         121.725    302579712     18911232
     1181952          256         231.126    605159424     37822464
     1181952          512         562.718   1210318848     75644928
     1300032            1          15.323      2600064       162504
     1300032            2           8.215      5200128       325008
     1300032            4          10.947     10400256       650016
     1300032            8          16.546     20800512      1300032
     1300032           16          31.216     41601024      2600064
     1300032           32          69.254     83202048      5200128
     1300032           64          86.104    166404096     10400256
     1300032          128         133.053    332808192     20800512
     1300032          256         254.926    665616384     41601024
     1300032          512         520.745   1331232768     83202048
     1430016            1          16.254      2860032       178752
     1430016            2           9.477      5720064       357504
     1430016            4          15.254     11440128       715008
     1430016            8          17.971     22880256      1430016
     1430016           16          42.191     45760512      2860032
     1430016           32          57.731     91521024      5720064
     1430016           64          95.683    183042048     11440128
     1430016          128         171.060    366084096     22880256
     1430016          256         343.539    732168192     45760512
     1430016          512         588.928   1464336384     91521024
     1572864            1          15.897      3145728       196608
     1572864            2           9.408      6291456       393216
     1572864            4          11.562     12582912       786432
     1572864            8          20.132     25165824      1572864
     1572864           16          36.550     50331648      3145728
     1572864           32          67.901    100663296      6291456
     1572864           64          85.855    201326592     12582912
     1572864          128         158.085    402653184     25165824
     1572864          256         332.486    805306368     50331648
     1572864          512         611.462   1610612736    100663296
     1730112            1          22.712      3460224       216264
     1730112            2           9.304      6920448       432528
     1730112            4          13.571     13840896       865056
     1730112            8          21.690     27681792      1730112
     1730112           16          37.760     55363584      3460224
     1730112           32          72.866    110727168      6920448
     1730112           64          93.581    221454336     13840896
     1730112          128         174.076    442908672     27681792
     1730112          256         349.752    885817344     55363584
     1730112          512         697.981   1771634688    110727168
     1903104            1          20.240      3806208       237888
     1903104            2          11.025      7612416       475776
     1903104            4          14.753     15224832       951552
     1903104            8          22.850     30449664      1903104
     1903104           16          55.619     60899328      3806208
     1903104           32          78.603    121798656      7612416
     1903104           64         102.877    243597312     15224832
     1903104          128         189.908    487194624     30449664
     1903104          256         365.781    974389248     60899328
     1903104          512         762.662   1948778496    121798656
     2093376            1          24.121      4186752       261672
     2093376            2          11.584      8373504       523344
     2093376            4          32.281     16747008      1046688
     2093376            8          24.745     33494016      2093376
     2093376           16          44.030     66988032      4186752
     2093376           32          83.491    133976064      8373504
     2093376           64         111.245    267952128     16747008
     2093376          128         207.756    535904256     33494016
     2093376          256         415.186   1071808512     66988032
     2093376          512         830.457   2143617024    133976064
     2302656            1          25.874      4605312       287832
     2302656            2          12.797      9210624       575664
     2302656            4          18.758     18421248      1151328
     2302656            8          26.671     36842496      2302656
     2302656           16          52.236     73684992      4605312
     2302656           32          87.572    147369984      9210624
     2302656           64         120.833    294739968     18421248
     2302656          128         229.274    589479936     36842496
     2302656          256         467.942   1178959872     73684992
     2532864            1          28.578      5065728       316608
     2532864            2          13.770     10131456       633216
     2532864            4          20.673     20262912      1266432
     2532864            8          32.910     40525824      2532864
     2532864           16          56.003     81051648      5065728
     2532864           32          89.682    162103296     10131456
     2532864           64         133.213    324206592     20262912
     2532864          128         269.471    648413184     40525824
     2532864          256         500.467   1296826368     81051648
     2786112            1          34.207      5572224       348264
     2786112            2          16.229     11144448       696528
     2786112            4          22.681     22288896      1393056
     2786112            8          35.798     44577792      2786112
     2786112           16          60.181     89155584      5572224
     2786112           32          97.756    178311168     11144448
     2786112           64         171.584    356622336     22288896
     2786112          128         334.390    713244672     44577792
     2786112          256         553.121   1426489344     89155584
     3064704            1          52.270      6129408       383088
     3064704            2          14.867     12258816       766176
     3064704            4          23.775     24517632      1532352
     3064704            8          42.414     49035264      3064704
     3064704           16          61.493     98070528      6129408
     3064704           32          97.132    196141056     12258816
     3064704           64         160.560    392282112     24517632
     3064704          128         316.541    784564224     49035264
     3064704          256         611.535   1569128448     98070528
     3371136            1          42.103      6742272       421392
     3371136            2          22.955     13484544       842784
     3371136            4          33.660     26969088      1685568
     3371136            8          73.920     53938176      3371136
     3371136           16          98.129    107876352      6742272
     3371136           32         182.464    215752704     13484544
     3371136           64         342.812    431505408     26969088
     3371136          128         623.704    863010816     53938176
     3371136          256        1365.632   1726021632    107876352
     3708096            1          45.696      7416192       463512
     3708096            2          25.371     14832384       927024
     3708096            4          37.861     29664768      1854048
     3708096            8          59.179     59329536      3708096
     3708096           16         104.827    118659072      7416192
     3708096           32         188.563    237318144     14832384
     3708096           64         375.246    474636288     29664768
     3708096          128         709.103    949272576     59329536
     3708096          256        1409.980   1898545152    118659072
     4078848            1          45.377      8157696       509856
     4078848            2          29.955     16315392      1019712
     4078848            4          39.856     32630784      2039424
     4078848            8          65.942     65261568      4078848
     4078848           16         111.777    130523136      8157696
     4078848           32         205.663    261046272     16315392
     4078848           64         390.776    522092544     32630784
     4078848          128         762.386   1044185088     65261568
     4078848          256        1537.501   2088370176    130523136
     4486656            1          50.422      8973312       560832
     4486656            2          22.277     17946624      1121664
     4486656            4          32.558     35893248      2243328
     4486656            8          55.121     71786496      4486656
     4486656           16          87.683    143572992      8973312
     4486656           32         142.360    287145984     17946624
     4486656           64         227.988    574291968     35893248
     4486656          128         451.542   1148583936     71786496
     4935168            1          54.791      9870336       616896
     4935168            2          24.344     19740672      1233792
     4935168            4          34.720     39481344      2467584
     4935168            8          59.737     78962688      4935168
     4935168           16          94.649    157925376      9870336
     4935168           32         159.481    315850752     19740672
     4935168           64         297.781    631701504     39481344
     4935168          128         575.209   1263403008     78962688
     5428608            1          60.753     10857216       678576
     5428608            2          26.191     21714432      1357152
     5428608            4          40.387     43428864      2714304
     5428608            8          62.993     86857728      5428608
     5428608           16          97.548    173715456     10857216
     5428608           32         148.715    347430912     21714432
     5428608           64         290.404    694861824     43428864
     5428608          128         551.085   1389723648     86857728
     5971392            1          62.488     11942784       746424
     5971392            2          30.518     23885568      1492848
     5971392            4          44.645     47771136      2985696
     5971392            8          68.535     95542272      5971392
     5971392           16          99.634    191084544     11942784
     5971392           32         178.572    382169088     23885568
     5971392           64         316.411    764338176     47771136
     5971392          128         597.068   1528676352     95542272
     6568512            1          70.291     13137024       821064
     6568512            2          31.286     26274048      1642128
     6568512            4          51.012     52548096      3284256
     6568512            8          77.248    105096192      6568512
     6568512           16         103.409    210192384     13137024
     6568512           32         180.381    420384768     26274048
     6568512           64         359.626    840769536     52548096
     6568512          128         775.655   1681539072    105096192
     7225344            1          79.223     14450688       903168
     7225344            2          35.387     28901376      1806336
     7225344            4          52.084     57802752      3612672
     7225344            8          89.224    115605504      7225344
     7225344           16         113.038    231211008     14450688
     7225344           32         206.317    462422016     28901376
     7225344           64         394.491    924844032     57802752
     7225344          128         722.082   1849688064    115605504
     7947840            1          86.918     15895680       993480
     7947840            2          38.481     31791360      1986960
     7947840            4          56.775     63582720      3973920
     7947840            8          92.678    127165440      7947840
     7947840           16         122.392    254330880     15895680
     7947840           32         271.220    508661760     31791360
     7947840           64         494.100   1017323520     63582720
     7947840          128         856.176   2034647040    127165440
     8742528            1          97.922     17485056      1092816
     8742528            2          43.079     34970112      2185632
     8742528            4          61.197     69940224      4371264
     8742528            8          99.746    139880448      8742528
     8742528           16         132.868    279760896     17485056
     8742528           32         278.294    559521792     34970112
     8742528           64         541.451   1119043584     69940224
     9616704            1         104.909     19233408      1202088
     9616704            2          45.067     38466816      2404176
     9616704            4          64.345     76933632      4808352
     9616704            8         103.704    153867264      9616704
     9616704           16         144.140    307734528     19233408
     9616704           32         271.691    615469056     38466816
     9616704           64         493.474   1230938112     76933632
    10578240            1         131.877     21156480      1322280
    10578240            2          49.446     42312960      2644560
    10578240            4          72.492     84625920      5289120
    10578240            8         114.767    169251840     10578240
    10578240           16         188.541    338503680     21156480
    10578240           32         330.493    677007360     42312960
    10578240           64         595.446   1354014720     84625920
    11635968            1         131.581     23271936      1454496
    11635968            2          53.409     46543872      2908992
    11635968            4          95.452     93087744      5817984
    11635968            8         113.066    186175488     11635968
    11635968           16         173.889    372350976     23271936
    11635968           32         340.656    744701952     46543872
    11635968           64         603.689   1489403904     93087744
    12799488            1         140.493     25598976      1599936
    12799488            2          58.499     51197952      3199872
    12799488            4          86.106    102395904      6399744
    12799488            8         133.176    204791808     12799488
    12799488           16         190.499    409583616     25598976
    12799488           32         352.593    819167232     51197952
    12799488           64         660.905   1638334464    102395904
    14079360            1         154.529     28158720      1759920
    14079360            2          64.805     56317440      3519840
    14079360            4          94.262    112634880      7039680
    14079360            8         126.232    225269760     14079360
    14079360           16         231.177    450539520     28158720
    14079360           32         384.154    901079040     56317440
    14079360           64         726.646   1802158080    112634880
    15487296            1         174.148     30974592      1935912
    15487296            2          72.261     61949184      3871824
    15487296            4        1452.792    123898368      7743648
    15487296            8         140.785    247796736     15487296
    15487296           16         228.456    495593472     30974592
    15487296           32         511.813    991186944     61949184
    15487296           64         827.729   1982373888    123898368
    17035968            1         185.966     34071936      2129496
    17035968            2          81.733     68143872      4258992
    17035968            4         116.583    136287744      8517984
    17035968            8         201.045    272575488     17035968
    17035968           16         297.624    545150976     34071936
    17035968           32         523.892   1090301952     68143872
    18739392            1         197.852     37478784      2342424
    18739392            2          89.319     74957568      4684848
    18739392            4         124.358    149915136      9369696
    18739392            8         167.674    299830272     18739392
    18739392           16         299.359    599660544     37478784
    18739392           32         609.690   1199321088     74957568
    20613312            1         235.569     41226624      2576664
    20613312            2         100.937     82453248      5153328
    20613312            4         132.133    164906496     10306656
    20613312            8         183.791    329812992     20613312
    20613312           16         303.121    659625984     41226624
    20613312           32         615.739   1319251968     82453248
    22674624            1         256.161     45349248      2834328
    22674624            2         114.773     90698496      5668656
    22674624            4         161.838    181396992     11337312
    22674624            8         236.729    362793984     22674624
    22674624           16         411.948    725587968     45349248
    22674624           32         730.597   1451175936     90698496
    24941952            1         231.385     49883904      3117744
    24941952            2         122.879     99767808      6235488
    24941952            4         148.346    199535616     12470976
    24941952            8         224.980    399071232     24941952
    24941952           16         476.221    798142464     49883904
    24941952           32         755.518   1596284928     99767808
    27436032            1         192.359     54872064      3429504
    27436032            2         130.601    109744128      6859008
    27436032            4         167.260    219488256     13718016
    27436032            8         332.792    438976512     27436032
    27436032           16         522.480    877953024     54872064
    27436032           32         869.615   1755906048    109744128
    30179520            1         151.779     60359040      3772440
    30179520            2         149.513    120718080      7544880
    30179520            4         217.294    241436160     15089760
    30179520            8         346.848    482872320     30179520
    30179520           16         599.872    965744640     60359040
    30179520           32        1042.564   1931489280    120718080
    33197376            1         186.492     66394752      4149672
    33197376            2         182.853    132789504      8299344
    33197376            4         219.376    265579008     16598688
    33197376            8         373.515    531158016     33197376
    33197376           16         670.962   1062316032     66394752
    33197376           32        1159.824   2124632064    132789504
    36517056            1         193.889     73034112      4564632
    36517056            2         200.325    146068224      9129264
    36517056            4         271.080    292136448     18258528
    36517056            8         438.659    584272896     36517056
    36517056           16         739.811   1168545792     73034112
    40168704            1         224.088     80337408      5021088
    40168704            2         212.617    160674816     10042176
    40168704            4         265.147    321349632     20084352
    40168704            8         455.633    642699264     40168704
    40168704           16         794.009   1285398528     80337408
    44185536            1         236.495     88371072      5523192
    44185536            2         257.561    176742144     11046384
    44185536            4         298.982    353484288     22092768
    44185536            8         531.183    706968576     44185536
    44185536           16         883.062   1413937152     88371072
    48604032            1         287.769     97208064      6075504
    48604032            2         288.317    194416128     12151008
    48604032            4         389.189    388832256     24302016
    48604032            8         640.759    777664512     48604032
    48604032           16        1045.972   1555329024     97208064
    53464320            1         303.516    106928640      6683040
    53464320            2         371.987    213857280     13366080
    53464320            4         472.892    427714560     26732160
    53464320            8         763.214    855429120     53464320
    53464320           16        1262.589   1710858240    106928640
    58810752            1         329.719    117621504      7351344
    58810752            2         436.230    235243008     14702688
    58810752            4         593.261    470486016     29405376
    58810752            8         903.776    940972032     58810752
    58810752           16        1571.435   1881944064    117621504
    64691712            1         383.479    129383424      8086464
    64691712            2         568.918    258766848     16172928
    64691712            4         639.836    517533696     32345856
    64691712            8        1096.001   1035067392     64691712
    64691712           16        1896.957   2070134784    129383424
    71160768            1         446.705    142321536      8895096
    71160768            2         729.838    284643072     17790192
    71160768            4         850.374    569286144     35580384
    71160768            8        1386.373   1138572288     71160768
    78276672            1         550.837    156553344      9784584
    78276672            2         911.830    313106688     19569168
    78276672            4        1138.834    626213376     39138336
    78276672            8        2420.669   1252426752     78276672
    86104320            1         604.337    172208640     10763040
    86104320            2        1106.079    344417280     21526080
    86104320            4        1444.097    688834560     43052160
    86104320            8        2394.031   1377669120     86104320
    94714752            1         677.414    189429504     11839344
    94714752            2        1259.238    378859008     23678688
    94714752            4        1719.781    757718016     47357376
    94714752            8        2915.741   1515436032     94714752
   104186112            1         829.224    208372224     13023264
   104186112            2        1479.363    416744448     26046528
   104186112            4        2120.032    833488896     52093056
   104186112            8        3589.391   1666977792    104186112
   114604608            1         946.810    229209216     14325576
   114604608            2        1731.967    458418432     28651152
   114604608            4        2470.425    916836864     57302304
   114604608            8        4207.602   1833673728    114604608
   126064896            1        1070.141    252129792     15758112
   126064896            2        2015.718    504259584     31516224
   126064896            4        2935.107   1008519168     63032448
   126064896            8        4915.426   2017038336    126064896
   138671232            1        1228.635    277342464     17333904
   138671232            2        2272.010    554684928     34667808
   138671232            4        3339.986   1109369856     69335616
   152538240            1        1359.854    305076480     19067280
   152538240            2        2646.590    610152960     38134560
   152538240            4        3778.982   1220305920     76269120
   167792064            1        1513.649    335584128     20974008
   167792064            2        2919.753    671168256     41948016
   167792064            4        4349.126   1342336512     83896032
   184571136            1        1719.868    369142272     23071392
   184571136            2        3302.866    738284544     46142784
   184571136            4        4887.115   1476569088     92285568
   203028096            1        1903.346    406056192     25378512
   203028096            2        3672.435    812112384     50757024
   203028096            4        5491.097   1624224768    101514048
   223330752            1        2113.254    446661504     27916344
   223330752            2        4114.678    893323008     55832688
   223330752            4        6115.918   1786646016    111665376
   245663808            1        2915.053    491327616     30707976
   245663808            2        4583.603    982655232     61415952
   245663808            4        6835.976   1965310464    122831904
   270230016            1        2612.851    540460032     33778752
   270230016            2        5101.355   1080920064     67557504
   297252864            1        2895.084    594505728     37156608
   297252864            2        5678.647   1189011456     74313216
   326978112            1        3222.217    653956224     40872264
   326978112            2        6368.544   1307912448     81744528
   359675904            1        3578.553    719351808     44959488
   359675904            2        7118.132   1438703616     89918976
   395643456            1        3979.088    791286912     49455432
   395643456            2        7876.291   1582573824     98910864
   435207744            1        4432.366    870415488     54400968
   435207744            2        8711.304   1740830976    108801936
   478728384            1        4899.674    957456768     59841048
   478728384            2        9665.861   1914913536    119682096
   526601088            1        5360.044   1053202176     65825136
   526601088            2       10780.020   2106404352    131650272
   579261120            1        5966.645   1158522240     72407640
   637187136            1        6564.956   1274374272     79648392
   700905792            1        7329.951   1401811584     87613224
   770996352            1        8083.659   1541992704     96374544
   848095872            1        9028.897   1696191744    106011984
   932905344            1        9952.562   1865810688    116613168
  1026195840            1       10987.531   2052391680    128274480

META_DATA
FLOPS          1
MPI_PROCS      1
OPENMP_THREADS 24
ERT_VERSION  1.1.0
HOSTNAME  ('dp-cn26.deep', [], ['10.2.9.126'])
UNAME  uname_result(system='Linux', node='dp-cn26', release='4.18.0-513.24.1.el8_9.x86_64', version='#1 SMP Thu Apr 4 18:13:02 UTC 2024', machine='x86_64')
TIMESTAMP_DATA  1713441545.1158032
CONFIG  {'ERT_RESULTS': ['Results.cn.deep.fz-juelich.de.01.gcc2023-O3-only'], 'ERT_DRIVER': ['driver1'], 'ERT_KERNEL': ['kernel1'], 'ERT_MPI': ['True'], 'ERT_MPI_CFLAGS': ['-I', '/p/software/deep/stages/2023/software/psmpi/5.9.2-1-GCC-11.3.0/include'], 'ERT_MPI_LDFLAGS': ['-L', '/p/software/deep/stages/2023/software/psmpi/5.9.2-1-GCC-11.3.0/lib', '-lmpi'], 'ERT_OPENMP': ['True'], 'ERT_OPENMP_CFLAGS': ['-fopenmp'], 'ERT_OPENMP_LDFLAGS': ['-fopenmp'], 'ERT_FLOPS': ['1,2,4,8,16,64,128'], 'ERT_ALIGN': ['64'], 'ERT_CC': ['mpicxx'], 'ERT_CFLAGS': ['-g', '-O3'], 'ERT_LD': ['mpicxx'], 'ERT_LDFLAGS': [], 'ERT_LDLIBS': [], 'ERT_PRECISION': ['FP64'], 'ERT_RUN': ['export', 'OMP_NUM_THREADS=ERT_OPENMP_THREADS;', 'export', 'OMP_PLACES="cores(ERT_OPENMP_THREADS)";', 'srun', '-p', 'dp-cn', '-n', 'ERT_MPI_PROCS', '-c', '48', '--ntasks-per-node', '1', 'ERT_CODE'], 'ERT_PROCS_THREADS': ['24'], 'ERT_MPI_PROCS': ['1'], 'ERT_OPENMP_THREADS': ['24'], 'ERT_NUM_EXPERIMENTS': ['5'], 'ERT_MEMORY_MAX': ['1073741824'], 'ERT_WORKING_SET_MIN': ['128'], 'ERT_TRIALS_MIN': ['1'], 'ERT_GNUPLOT': ['gnuplot'], 'ERT_GPU': [False], 'ERT_HIP': [False], 'ERT_OCL': [False], 'ERT_SYCL': [False], 'ERT_WSS_MULT': [1.1]}
