fp64
 24576 32768 40030.793 40082.677 40085.949 40.178984810862275 40.1822646725916 40.23434499536395 160.7159392434491 160.7290586903664 160.9373799814558
 26880 32768 43745.23 43789.441 43806.609 40.213285625463506 40.22905156519354 40.269708948838534 160.85314250185402 160.91620626077415 161.07883579535414
 29568 32768 48891.378 48907.964 49007.984 39.53985228202817 39.620713878009724 39.634154881050804 158.15940912811269 158.4828555120389 158.53661952420322
 32448 32768 54019.434 54023.41 54073.01 39.32668309014053 39.362789723936345 39.36568694888584 157.3067323605621 157.45115889574538 157.46274779554335
 35520 16384 29525.968 29538.682 29550.191 39.38787942182844 39.4032259123816 39.420193099172906 157.55151768731375 157.6129036495264 157.68077239669162
 38976 16384 32642.465 32665.042 32797.786 38.94060312485727 39.09884971217855 39.12589223883674 155.76241249942908 156.3953988487142 156.50356895534696
 42816 16384 35773.871 35798.244 35858.725 39.12561553708337 39.19171811891108 39.21841972315492 156.50246214833348 156.76687247564433 156.8736788926197
 47040 16384 38959.64 38967.583 43546.067 35.39715125134033 39.55612848762008 39.564193098293515 141.58860500536133 158.22451395048031 158.25677239317406
 51648 16384 42678.77 42701.704 43965.826 38.49357143887163 39.63311777909378 39.654415157700186 153.97428575548653 158.53247111637512 158.61766063080074
 56640 16384 47079.922 47099.765 47165.086 39.35070785199034 39.40528195841317 39.421890291152145 157.40283140796137 157.62112783365268 157.68756116460858
 62208 16384 50608.552 50626.624 50695.962 40.20895676069822 40.26402676978816 40.27840480399439 160.83582704279289 161.05610707915264 161.11361921597756
 68352 8192 27911.206 28832.201 28833.476 38.839547753451576 38.841265292233494 40.12292295789727 155.3581910138063 155.36506116893398 160.4916918315891
 75072 8192 31352.325 31366.545 31461.281 39.09502756737719 39.213105810665475 39.230891106161984 156.38011026950875 156.8524232426619 156.92356442464794
 82560 8192 34094.581 34109.537 34215.838 39.53324305545285 39.656446817205406 39.67384259686312 158.1329722218114 158.62578726882163 158.69537038745247
 90816 8192 37669.42 38701.914 38715.231 38.43266088222488 38.44588523451321 39.499661635353036 153.73064352889952 153.78354093805285 157.99864654141214
 99840 8192 40624.586 40701.676 41577.337 39.343033441511665 40.18946443384789 40.26572873874948 157.37213376604666 160.75785773539155 161.06291495499792
 109824 8192 44660.765 44728.148 44737.457 40.22035530539878 40.22872612566029 40.289422180744104 160.88142122159513 160.91490450264115 161.15768872297642
 120768 8192 49990.392 50018.127 50030.191 39.5493775348569 39.55891655039382 39.58086409884523 158.1975101394276 158.23566620157527 158.32345639538093
 132672 4096 27545.118 27563.293 27573.442 39.41651622601197 39.43102966688341 39.45704730689482 157.6660649040479 157.72411866753365 157.8281892275793
 145920 4096 29680.914 29741.49 31158.577 38.36428858737676 40.19222439763442 40.274253009863514 153.45715434950705 160.76889759053768 161.09701203945406
 160512 4096 32618.5 32677.713 32735.352 40.16802092123524 40.23887179619945 40.311918205926084 160.67208368494096 160.9554871847978 161.24767282370433
 176448 4096 36569.636 36582.345 36629.231 39.461980951770464 39.512557655885644 39.52628940577916 157.84792380708186 158.05023062354257 158.10515762311664
 193920 4096 39898.635 39916.695 40019.955 39.69501315031463 39.79769968430502 39.81571399623069 158.78005260125852 159.1907987372201 159.26285598492277
 213312 4096 44167.614 44225.046 45217.158 38.64577035115741 39.51272100429245 39.564100157187575 154.58308140462964 158.0508840171698 158.2564006287503
 234624 4096 48263.079 48274.99 48344.977 39.75676331379783 39.81440095585727 39.82422687951591 159.02705325519133 159.2576038234291 159.29690751806365
 258048 4096 52483.527 52506.744 52522.47 40.24809221653132 40.26014669658434 40.27795647194213 160.99236886612528 161.04058678633737 161.11182588776853
 283776 2048 29164.806 29257.215 30128.016 38.58025354208522 39.72854203655406 39.854422347263345 154.32101416834087 158.91416814621624 159.41768938905338
 312000 2048 32154.599 32164.845 32536.785 39.2771443152727 39.731327789703315 39.74398809949395 157.1085772610908 158.92531115881326 158.9759523979758
 343104 2048 35452.797 35463.251 35476.281 39.61390383619973 39.62845887986976 39.640144161263215 158.45561534479893 158.51383551947904 158.56057664505286
 377280 2048 38860.907 38870.823 39882.463 38.74732811762403 39.75575407806519 39.76589841302469 154.98931247049612 159.02301631226075 159.06359365209877
 414912 2048 42718.598 42743.77 42789.193 39.71749483567031 39.75970187000352 39.78313033587853 158.86997934268123 159.03880748001407 159.13252134351413
 456384 2048 46976.774 46986.978 46990.719 39.78123560952536 39.7844029041408 39.79304462243406 159.12494243810144 159.1376116165632 159.17217848973624
 501888 2048 51549.053 51625.626 52578.05 39.09869704182639 39.820015896756395 39.87916612163564 156.39478816730556 159.28006358702558 159.51666448654257
 552000 1024 28489.835 28542.22 28571.215 39.567655768226864 39.607851106185855 39.68067909133205 158.27062307290745 158.43140442474342 158.7227163653282
 607104 1024 31153.958 31245.855 32211.055 38.60007044165427 39.79244581401277 39.90982436324784 154.40028176661707 159.1697832560511 159.63929745299137
 667776 1024 34259.52 34276.853 34380.538 39.77847141310005 39.89879841069423 39.91898450416119 159.1138856524002 159.59519364277693 159.67593801664475
 734400 1024 37725.696 37772.737 38135.177 39.43999525687267 39.818433067214585 39.86808354708684 157.75998102749068 159.27373226885834 159.47233418834736
 807744 1024 41695.122 41732.17 41757.495 39.61587523389513 39.63991596890361 39.675137825475126 158.46350093558053 158.55966387561443 158.7005513019005
 888384 1024 45790.663 45810.253 45826.008 39.70257308906331 39.71622754408276 39.733218800522714 158.81029235625323 158.86491017633105 158.93287520209086
 977088 1024 50104.907 50125.745 50852.174 39.35084907087749 39.92112683811483 39.9377295321594 157.40339628350995 159.68450735245932 159.7509181286376
 1074624 512 27556.565 27590.761 27603.408 39.86518534233164 39.883458669371244 39.93295158522116 159.46074136932657 159.53383467748498 159.73180634088465
 1181952 512 30016.551 30021.797 30111.814 40.194152633913056 40.314670304379185 40.32171610922254 160.77661053565222 161.25868121751674 161.28686443689017
 1300032 512 33472.711 33481.651 33556.908 39.6709007874027 39.760069418321095 39.770688666358694 158.6836031496108 159.04027767328438 159.08275466543478
 1430016 512 36484.112 36596.279 36698.244 39.90208316234423 40.01325883432029 40.13627586715007 159.60833264937693 160.05303533728116 160.54510346860027
 1572864 512 40137.817 40484.541 41378.758 38.92366068599739 39.783401175278236 40.12706361185512 155.69464274398956 159.13360470111294 160.50825444742048
 1730112 512 44564.214 44581.341 44608.269 39.71538747670303 39.739376345812474 39.75464905540576 158.86154990681212 158.9575053832499 159.01859622162303
 1903104 512 48510.852 48539.338 48551.529 40.13835477766313 40.148435810970476 40.17201132645537 160.55341911065253 160.5937432438819 160.68804530582148
 2093376 512 53817.705 53848.737 53871.95 39.79096772995966 39.808120736425074 39.83107462497704 159.16387091983864 159.2324829457003 159.32429849990817
 2302656 256 29343.508 29351.813 29390.937 40.11304137734704 40.16650937371399 40.17787757346532 160.45216550938815 160.66603749485597 160.71151029386127
 2532864 256 32234.141 32255.92 32295.665 40.1548123563952 40.20429018921178 40.231454221162586 160.6192494255808 160.81716075684713 160.92581688465035
 2786112 256 35692.097 35698.245 35743.634 39.90890640834114 39.95964910880072 39.96653219899072 159.63562563336455 159.83859643520287 159.86612879596288
 3064704 256 39191.941 39242.299 39247.311 39.9805339020551 39.98564018891962 40.03701801857683 159.9221356082204 159.94256075567847 160.14807207430732
 3371136 256 43079.129 43120.67 44108.789 39.131013821304414 40.027709031422745 40.06630756160367 156.52405528521766 160.11083612569098 160.2652302464147
 3708096 256 47149.045 47206.105 47512.791 39.958611397928614 40.21821228419502 40.2668845572588 159.83444559171446 160.87284913678008 161.0675382290352
 4078848 256 51874.937 51949.972 52860.327 39.50732608975348 40.19964006910341 40.257787223915095 158.0293043590139 160.79856027641364 161.03114889566038
 4486656 128 28524.986 28531.304 28583.232 40.18383701325309 40.256973042662196 40.265889560822224 160.73534805301236 161.02789217064878 161.0635582432889
 4935168 128 31397.886 31412.345 32410.497 38.981290783661855 40.21995199657969 40.238473634817325 155.92516313464742 160.87980798631875 160.9538945392693
 5428608 128 34586.488 34610.618 34650.261 40.10716248284536 40.153101224601066 40.181114890878774 160.42864993138144 160.61240489840426 160.7244595635151
 5971392 128 37899.324 37929.604 37978.192 40.25142513366618 40.302987397390176 40.33518782551372 161.00570053466473 161.2119495895607 161.34075130205488
 6568512 128 41870.944 41897.062 41921.003 40.11209063867103 40.13501166263162 40.1600468334318 160.4483625546841 160.54004665052648 160.6401873337272
 7225344 128 46031.795 46980.222 47028.954 39.33083572303139 39.37163310977968 40.182835885500445 157.32334289212557 157.48653243911872 160.73134354200178
 7947840 128 50686.369 50749.055 50801.416 40.05099070466855 40.09231383717391 40.141897716129556 160.2039628186742 160.36925534869565 160.56759086451822
 8742528 64 27777.791 27819.639 27847.908 40.184116666860575 40.22494986365567 40.28554984807827 160.7364666674423 160.89979945462267 161.14219939231307
 9616704 64 30588.634 30640.946 30664.7 40.14186057584128 40.17298003788787 40.24168297283233 160.5674423033651 160.69192015155147 160.96673189132932
 10578240 64 33652.337 33740.516 33785.042 40.07734310349532 40.13023155899571 40.235384544021414 160.3093724139813 160.52092623598284 160.94153817608566
 11635968 64 36987.032 37029.994 37066.497 40.18194392634405 40.22155401915539 40.26827305310683 160.7277757053762 160.88621607662157 161.07309221242733
 12799488 64 40714.688 40746.063 40831.585 40.12419464000724 40.208411399157754 40.23939625915837 160.49677856002896 160.83364559663102 160.95758503663347
 14079360 64 44803.931 44911.179 45845.818 39.30910514018967 40.12716032237765 40.223213449730565 157.2364205607587 160.5086412895106 160.89285379892226
 15487296 64 49335.957 49378.38 49399.842 40.12915442118216 40.14659630388846 40.18111755691695 160.51661768472863 160.58638521555383 160.7244702276678
 17035968 32 26900.381 27002.192 27013.191 40.361834779164 40.37827565999086 40.53109701308691 161.447339116656 161.51310263996345 162.12438805234763
 18739392 32 29754.921 29796.079 30581.789 39.216838753285494 40.25097020315995 40.30664668879477 156.86735501314197 161.0038808126398 161.22658675517908
 20613312 32 32636.412 32747.134 32788.013 40.23580105326908 40.28602832846381 40.42270234853022 160.9432042130763 161.14411331385523 161.6908093941209
 22674624 32 36005.356 36043.814 36105.489 40.192668100963814 40.26144225469591 40.304446260717434 160.77067240385526 161.04576901878363 161.21778504286974
 24941952 32 39653.534 39716.501 40323.402 39.58705984182584 40.191982873818624 40.25580489244666 158.34823936730336 160.7679314952745 161.02321956978665
 27436032 32 43678.612 43725.785 43757.505 40.12811169192577 40.15722183146626 40.200591722099595 160.51244676770307 160.62888732586504 160.80236688839838
 30179520 32 47963.342 48033.969 48071.674 40.17936383908744 40.21090324640881 40.270114622121206 160.71745535634977 160.84361298563525 161.08045848848482
 33197376 32 52798.216 52889.996 52931.792 40.139054124598694 40.17077376976924 40.240603280989646 160.55621649839478 160.68309507907696 160.96241312395858
 36517056 16 28797.88 28810.658 28854.44 40.49795428363885 40.55949683620555 40.57749362105822 161.9918171345554 162.2379873448222 162.30997448423287
 40168704 16 31696.79 31723.644 31750.112 40.48485019517411 40.51862793568103 40.55295593023773 161.93940078069645 162.07451174272413 162.21182372095092
 44185536 16 34717.298 34791.407 34864.786 40.554878265995946 40.64041307671173 40.727165806509475 162.21951306398378 162.56165230684692 162.9086632260379
 48604032 16 38249.749 38283.875 38328.148 40.57928976897084 40.626217278162144 40.66246353668882 162.31715907588335 162.50486911264858 162.64985414675527
 53464320 16 42044.853 42099.759 43113.824 39.68235895753529 40.6381955773191 40.69126463588778 158.72943583014117 162.5527823092764 162.7650585435511
 58810752 16 46202.321 46285.087 49404.391 38.092647756755056 40.65983637451087 40.73267366806096 152.37059102702023 162.63934549804347 162.93069467224385
 64691712 16 50787.25 50850.738 50865.903 40.697887227127374 40.7100243854868 40.760915072188396 162.7915489085095 162.8400975419472 163.04366028875359
 71160768 8 27488.364 27527.804 27553.114 41.32281701443982 41.360810618965466 41.420154651619136 165.29126805775928 165.44324247586187 165.68061860647654
 78276672 8 30266.238 30282.897 30303.765 41.32908079243619 41.35756073799677 41.38032457155726 165.31632316974475 165.43024295198708 165.52129828622904
 86104320 8 33283.668 33326.302 33357.693 41.2998920518874 41.33879360512306 41.391745645341736 165.1995682075496 165.35517442049223 165.56698258136694
 94714752 8 36643.052 36683.392 36739.694 41.24792198868069 41.31122967036418 41.35670882436321 164.99168795472275 165.2449186814567 165.42683529745284
 104186112 8 40298.946 40331.812 40357.144 41.305643233822494 41.33158688729384 41.365295062555724 165.22257293528997 165.32634754917535 165.4611802502229
 114604608 8 44366.15 44407.537 44464.368 41.2391721838934 41.29194843659084 41.33046766510053 164.9566887355736 165.16779374636337 165.3218706604021
 126064896 8 48823.04 48855.211 48906.428 41.24280628305138 41.2860428747304 41.31324751592691 164.97122513220552 165.1441714989216 165.25299006370764
 138671232 4 25939.13 26015.332 26032.585 42.614663737773256 42.64292517965944 42.768198316597356 170.45865495109302 170.57170071863777 171.07279326638943
 152538240 4 28529.936 28619.066 28695.65 42.52581558528905 42.639613745605814 42.772823605352635 170.1032623411562 170.55845498242326 171.09129442141054
 167792064 4 31413.439 31478.151 31555.666 42.538684241365715 42.64343582315237 42.73128172945343 170.15473696546286 170.5737432926095 170.9251269178137
 184571136 4 34577.307 34626.892 38843.568 38.013219794844794 42.64226451510577 42.70341493049184 152.05287917937918 170.5690580604231 170.81365972196735
 203028096 4 38053.542 38077.75 38114.09 42.61481168775117 42.655481692064264 42.68261724493346 170.45924675100468 170.62192676825705 170.73046897973384
 223330752 4 41806.456 41838.93 41895.996 42.644791545235016 42.70295669607229 42.736127070900245 170.57916618094006 170.81182678428917 170.94450828360098
 245663808 4 46003.927 46089.579 46106.647 42.62531742982742 42.64110253643237 42.72049349178387 170.50126971930968 170.56441014572948 170.88197396713548
 270230016 2 23449.028 23489.774 26332.906 41.04826349207338 46.016622552434946 46.09658293725438 164.19305396829353 184.06649020973978 184.38633174901753
 297252864 2 25803.405 25846.685 25893.953 45.91849904106955 46.00247405034727 46.07963390878065 183.6739961642782 184.00989620138907 184.3185356351226
 326978112 2 28366.036 28497.232 28667.2 45.62400401852989 45.8961224023442 46.10839695754458 182.49601607411955 183.5844896093768 184.4335878301783
 359675904 2 31129.386 31261.587 31284.364 45.987945160080606 46.02145169405507 46.21689666477842 183.95178064032243 184.08580677622027 184.86758665911367
 395643456 2 34343.163 34383.237 34429.528 45.9655974371766 46.02748205470008 46.08119013382663 183.8623897487064 184.10992821880032 184.32476053530652
 435207744 2 37808.187 37858.019 37897.734 45.934962127287086 45.98315025411129 46.0437570307193 183.73984850914835 183.93260101644515 184.1750281228772
 478728384 2 41544.625 41585.572 41614.296 46.01576189105782 46.04754591327973 46.09293105907202 184.06304756423128 184.1901836531189 184.3717242362881
 526601088 2 45736.625 45795.669 45815.495 45.975806918598174 45.99571090445256 46.05508937312275 183.9032276743927 183.98284361781023 184.220357492491
 579261120 1 25107.929 25185.287 25195.779 45.980806547001386 45.99996180309559 46.141688547868675 183.92322618800554 183.99984721238235 184.5667541914747
 637187136 1 27686.596 27689.268 27812.069 45.82090861345124 46.024122847884605 46.02856458049231 183.28363445380495 184.09649139153842 184.11425832196923
 700905792 1 30406.13 30450.594 30490.487 45.97537533592035 46.03560718717014 46.10292674536352 183.9015013436814 184.14242874868057 184.41170698145407
 770996352 1 33454.472 33506.375 33583.087 45.9157522951955 46.02087525135143 46.09227441999384 183.663009180782 184.0835010054057 184.36909767997537
 848095872 1 36801.033 36854.109 36922.656 45.93905010517119 46.02449469067344 46.09087315565299 183.75620042068476 184.09797876269377 184.36349262261197
 932905344 1 40503.424 40535.087 40660.835 45.887170984068575 46.0295222260162 46.06550517803137 183.5486839362743 184.1180889040648 184.2620207121255
 1026195840 1 44471.88 44554.485 45546.851 45.06111037182351 46.06476048370888 46.15032420486833 180.24444148729404 184.25904193483552 184.60129681947333
 
META_DATA
 FLOPS          64
 MPI_PROCS      1
 OPENMP_THREADS 24
 ERT_VERSION  1.1.0
 HOSTNAME  ('deepv.deep', [], ['10.2.8.6'])
 UNAME  uname_result(system='Linux', node='deepv', release='4.18.0-513.11.1.el8_9.0.1.x86_64', version='#1 SMP Sun Feb 11 10:42:18 UTC 2024', machine='x86_64')
 TIMESTAMP_DATA  1710501919.5507064
 CONFIG  {'ERT_RESULTS': ['Results.cn.deep.fz-juelich.de.01.gcc2023-O3'], 'ERT_DRIVER': ['driver1'], 'ERT_KERNEL': ['kernel1'], 'ERT_MPI': ['True'], 'ERT_MPI_CFLAGS': ['-I', '/p/software/deep/stages/2023/software/psmpi/5.9.2-1-GCC-11.3.0/include'], 'ERT_MPI_LDFLAGS': ['-L', '/p/software/deep/stages/2023/software/psmpi/5.9.2-1-GCC-11.3.0/lib', '-lmpi'], 'ERT_OPENMP': ['True'], 'ERT_OPENMP_CFLAGS': ['-fopenmp'], 'ERT_OPENMP_LDFLAGS': ['-fopenmp'], 'ERT_FLOPS': ['1,2,4,8,16,64,128'], 'ERT_ALIGN': ['64'], 'ERT_CC': ['mpicxx'], 'ERT_CFLAGS': ['-g', '-O3', '-mavx'], 'ERT_LD': ['mpicxx'], 'ERT_LDFLAGS': [], 'ERT_LDLIBS': [], 'ERT_PRECISION': ['FP64'], 'ERT_RUN': ['export', 'OMP_NUM_THREADS=ERT_OPENMP_THREADS;', 'export', 'OMP_PLACES="cores(ERT_OPENMP_THREADS)";', 'srun', '-p', 'dp-cn', '-n', 'ERT_MPI_PROCS', '-c', '48', '--ntasks-per-node', '1', 'ERT_CODE'], 'ERT_PROCS_THREADS': ['24'], 'ERT_MPI_PROCS': ['1'], 'ERT_OPENMP_THREADS': ['24'], 'ERT_NUM_EXPERIMENTS': ['5'], 'ERT_MEMORY_MAX': ['1073741824'], 'ERT_WORKING_SET_MIN': ['128'], 'ERT_TRIALS_MIN': ['1'], 'ERT_GNUPLOT': ['gnuplot'], 'ERT_GPU': [False], 'ERT_HIP': [False], 'ERT_OCL': [False], 'ERT_SYCL': [False], 'ERT_WSS_MULT': [1.1]}
 TIMESTAMP_DATA  1710501955.5389357
 TIMESTAMP_DATA  1710501986.8691957
 TIMESTAMP_DATA  1710502020.1780818
 TIMESTAMP_DATA  1710502049.5619211
 