fp64
       24576            1           3.270        49152       196608
       24576            2          12.164        98304       393216
       24576            4          18.408       196608       786432
       24576            8          13.564       393216      1572864
       24576           16          27.512       786432      3145728
       24576           32          54.362      1572864      6291456
       24576           64         100.713      3145728     12582912
       24576          128         186.596      6291456     25165824
       24576          256         394.207     12582912     50331648
       24576          512         746.234     25165824    100663296
       24576         1024        1408.596     50331648    201326592
       24576         2048        2586.138    100663296    402653184
       24576         4096        5037.702    201326592    805306368
       24576         8192       10019.484    402653184   1610612736
       24576        16384       20073.216    805306368   3221225472
       24576        32768       40033.139   1610612736   6442450944
       26880            1           4.732        53760       215040
       26880            2          20.647       107520       430080
       26880            4           8.856       215040       860160
       26880            8          13.542       430080      1720320
       26880           16          29.339       860160      3440640
       26880           32          59.955      1720320      6881280
       26880           64         110.059      3440640     13762560
       26880          128         223.180      6881280     27525120
       26880          256         400.368     13762560     55050240
       26880          512         810.989     27525120    110100480
       26880         1024        1470.499     55050240    220200960
       26880         2048        2798.837    110100480    440401920
       26880         4096        5574.455    220200960    880803840
       26880         8192       10959.717    440401920   1761607680
       26880        16384       21967.661    880803840   3523215360
       26880        32768       43806.609   1761607680   7046430720
       29568            1           7.217        59136       236544
       29568            2          13.368       118272       473088
       29568            4          16.960       236544       946176
       29568            8          15.146       473088      1892352
       29568           16          35.739       946176      3784704
       29568           32          59.155      1892352      7569408
       29568           64         116.811      3784704     15138816
       29568          128         227.230      7569408     30277632
       29568          256         460.825     15138816     60555264
       29568          512         859.243     30277632    121110528
       29568         1024        1620.141     60555264    242221056
       29568         2048        3062.529    121110528    484442112
       29568         4096        6113.920    242221056    968884224
       29568         8192       12325.869    484442112   1937768448
       29568        16384       24441.521    968884224   3875536896
       29568        32768       48905.267   1937768448   7751073792
       32448            1          24.609        64896       259584
       32448            2          13.168       129792       519168
       32448            4          10.326       259584      1038336
       32448            8          14.783       519168      2076672
       32448           16          37.747      1038336      4153344
       32448           32          63.573      2076672      8306688
       32448           64         124.487      4153344     16613376
       32448          128         246.992      8306688     33226752
       32448          256         485.925     16613376     66453504
       32448          512         840.436     33226752    132907008
       32448         1024        1795.744     66453504    265814016
       32448         2048        3390.514    132907008    531628032
       32448         4096        6837.826    265814016   1063256064
       32448         8192       13518.366    531628032   2126512128
       32448        16384       27019.111   1063256064   4253024256
       32448        32768       54019.434   2126512128   8506048512
       35520            1           4.098        71040       284160
       35520            2          15.211       142080       568320
       35520            4          18.835       284160      1136640
       35520            8          19.823       568320      2273280
       35520           16          57.794      1136640      4546560
       35520           32          70.236      2273280      9093120
       35520           64         138.119      4546560     18186240
       35520          128         275.404      9093120     36372480
       35520          256         492.707     18186240     72744960
       35520          512        1022.428     36372480    145489920
       35520         1024        1920.064     72744960    290979840
       35520         2048        3698.417    145489920    581959680
       35520         4096        7402.532    290979840   1163919360
       35520         8192       14842.475    581959680   2327838720
       35520        16384       29532.732   1163919360   4655677440
       38976            1           4.630        77952       311808
       38976            2           5.178       155904       623616
       38976            4          18.295       311808      1247232
       38976            8          31.401       623616      2494464
       38976           16          43.198      1247232      4988928
       38976           32         100.427      2494464      9977856
       38976           64         157.122      4988928     19955712
       38976          128         314.788      9977856     39911424
       38976          256         621.542     19955712     79822848
       38976          512        1038.648     39911424    159645696
       38976         1024        2042.781     79822848    319291392
       38976         2048        4183.186    159645696    638582784
       38976         4096        8243.521    319291392   1277165568
       38976         8192       16337.224    638582784   2554331136
       38976        16384       32642.465   1277165568   5108662272
       42816            1           4.872        85632       342528
       42816            2           6.366       171264       685056
       42816            4          33.899       342528      1370112
       42816            8          25.971       685056      2740224
       42816           16          45.060      1370112      5480448
       42816           32          89.327      2740224     10960896
       42816           64         167.593      5480448     21921792
       42816          128         337.939     10960896     43843584
       42816          256         685.740     21921792     87687168
       42816          512        1123.678     43843584    175374336
       42816         1024        2236.086     87687168    350748672
       42816         2048        4481.561    175374336    701497344
       42816         4096        8948.394    350748672   1402994688
       42816         8192       17901.238    701497344   2805989376
       42816        16384       35773.871   1402994688   5611978752
       47040            1           5.036        94080       376320
       47040            2          18.589       188160       752640
       47040            4          21.238       376320      1505280
       47040            8          33.461       752640      3010560
       47040           16          48.871      1505280      6021120
       47040           32          93.424      3010560     12042240
       47040           64         180.000      6021120     24084480
       47040          128         375.191     12042240     48168960
       47040          256         713.659     24084480     96337920
       47040          512        1320.183     48168960    192675840
       47040         1024        2435.022     96337920    385351680
       47040         2048        4874.809    192675840    770703360
       47040         4096        9743.670    385351680   1541406720
       47040         8192       19492.342    770703360   3082813440
       47040        16384       43546.067   1541406720   6165626880
       51648            1           4.074       103296       413184
       51648            2          32.737       206592       826368
       51648            4          15.080       413184      1652736
       51648            8          31.103       826368      3305472
       51648           16          58.861      1652736      6610944
       51648           32         101.355      3305472     13221888
       51648           64         215.130      6610944     26443776
       51648          128         389.965     13221888     52887552
       51648          256         779.885     26443776    105775104
       51648          512        1452.925     52887552    211550208
       51648         1024        2672.977    105775104    423100416
       51648         2048        5332.713    211550208    846200832
       51648         4096       10668.756    423100416   1692401664
       51648         8192       21339.414    846200832   3384803328
       51648        16384       42681.561   1692401664   6769606656
       56640            1           3.853       113280       453120
       56640            2          14.534       226560       906240
       56640            4          22.861       453120      1812480
       56640            8          38.517       906240      3624960
       56640           16          57.126      1812480      7249920
       56640           32         133.643      3624960     14499840
       56640           64         218.113      7249920     28999680
       56640          128         436.114     14499840     57999360
       56640          256         842.141     28999680    115998720
       56640          512        1548.688     57999360    231997440
       56640         1024        3040.765    115998720    463994880
       56640         2048        5888.438    231997440    927989760
       56640         4096       11773.353    463994880   1855979520
       56640         8192       24894.673    927989760   3711959040
       56640        16384       47079.922   1855979520   7423918080
       62208            1           4.479       124416       497664
       62208            2          16.875       248832       995328
       62208            4          23.670       497664      1990656
       62208            8          32.006       995328      3981312
       62208           16          66.096      1990656      7962624
       62208           32         117.802      3981312     15925248
       62208           64         238.866      7962624     31850496
       62208          128         462.763     15925248     63700992
       62208          256         900.956     31850496    127401984
       62208          512        1656.674     63700992    254803968
       62208         1024        3257.455    127401984    509607936
       62208         2048        6429.985    254803968   1019215872
       62208         4096       12777.455    509607936   2038431744
       62208         8192       25314.895   1019215872   4076863488
       62208        16384       50695.962   2038431744   8153726976
       68352            1           7.944       136704       546816
       68352            2          18.999       273408      1093632
       68352            4          23.951       546816      2187264
       68352            8          48.818      1093632      4374528
       68352           16          77.429      2187264      8749056
       68352           32         131.317      4374528     17498112
       68352           64         275.691      8749056     34996224
       68352          128         514.762     17498112     69992448
       68352          256         977.086     34996224    139984896
       68352          512        1860.194     69992448    279969792
       68352         1024        3516.922    139984896    559939584
       68352         2048        7039.882    279969792   1119879168
       68352         4096       13989.470    559939584   2239758336
       68352         8192       28802.241   1119879168   4479516672
       75072            1           6.729       150144       600576
       75072            2          16.851       300288      1201152
       75072            4          32.187       600576      2402304
       75072            8          43.119      1201152      4804608
       75072           16          81.755      2402304      9609216
       75072           32         147.272      4804608     19218432
       75072           64         294.470      9609216     38436864
       75072          128         595.293     19218432     76873728
       75072          256        1083.953     38436864    153747456
       75072          512        2068.285     76873728    307494912
       75072         1024        3921.738    153747456    614989824
       75072         2048        7842.170    307494912   1229979648
       75072         4096       15680.155    614989824   2459959296
       75072         8192       31461.281   1229979648   4919918592
       82560            1           5.334       165120       660480
       82560            2          17.872       330240      1320960
       82560            4          26.811       660480      2641920
       82560            8          44.629      1320960      5283840
       82560           16          82.003      2641920     10567680
       82560           32         156.786      5283840     21135360
       82560           64         313.690     10567680     42270720
       82560          128         620.378     21135360     84541440
       82560          256        1176.376     42270720    169082880
       82560          512        2130.482     84541440    338165760
       82560         1024        4340.393    169082880    676331520
       82560         2048        8526.973    338165760   1352663040
       82560         4096       17046.101    676331520   2705326080
       82560         8192       34107.032   1352663040   5410652160
       90816            1           4.675       181632       726528
       90816            2          26.810       363264      1453056
       90816            4          24.161       726528      2906112
       90816            8          48.684      1453056      5812224
       90816           16          89.623      2906112     11624448
       90816           32         172.969      5812224     23248896
       90816           64         345.749     11624448     46497792
       90816          128         727.638     23248896     92995584
       90816          256        1301.258     46497792    185991168
       90816          512        2442.815     92995584    371982336
       90816         1024        4764.491    185991168    743964672
       90816         2048        9506.469    371982336   1487929344
       90816         4096       18843.680    743964672   2975858688
       90816         8192       38701.914   1487929344   5951717376
       99840            1           6.728       199680       798720
       99840            2          19.223       399360      1597440
       99840            4          40.793       798720      3194880
       99840            8          55.442      1597440      6389760
       99840           16          95.505      3194880     12779520
       99840           32         188.847      6389760     25559040
       99840           64         400.579     12779520     51118080
       99840          128         747.631     25559040    102236160
       99840          256        1383.663     51118080    204472320
       99840          512        2545.135    102236160    408944640
       99840         1024        5175.872    204472320    817889280
       99840         2048       10234.104    408944640   1635778560
       99840         4096       20401.974    817889280   3271557120
       99840         8192       41577.337   1635778560   6543114240
      109824            1           7.547       219648       878592
      109824            2          19.197       439296      1757184
      109824            4          36.736       878592      3514368
      109824            8          54.338      1757184      7028736
      109824           16         120.229      3514368     14057472
      109824           32         205.586      7028736     28114944
      109824           64         405.983     14057472     56229888
      109824          128         816.169     28114944    112459776
      109824          256        1466.293     56229888    224919552
      109824          512        2898.463    112459776    449839104
      109824         1024        5586.780    224919552    899678208
      109824         2048       11271.139    449839104   1799356416
      109824         4096       22328.550    899678208   3598712832
      109824         8192       44736.538   1799356416   7197425664
      120768            1           7.451       241536       966144
      120768            2          20.261       483072      1932288
      120768            4          31.487       966144      3864576
      120768            8          58.559      1932288      7729152
      120768           16         125.172      3864576     15458304
      120768           32         229.457      7729152     30916608
      120768           64         464.119     15458304     61833216
      120768          128         890.245     30916608    123666432
      120768          256        1558.618     61833216    247332864
      120768          512        4173.549    123666432    494665728
      120768         1024        6278.348    247332864    989331456
      120768         2048       12497.078    494665728   1978662912
      120768         4096       25002.202    989331456   3957325824
      120768         8192       49990.392   1978662912   7914651648
      132672            1           8.666       265344      1061376
      132672            2          22.901       530688      2122752
      132672            4          34.808      1061376      4245504
      132672            8          69.880      2122752      8491008
      132672           16         126.291      4245504     16982016
      132672           32         251.579      8491008     33964032
      132672           64         493.234     16982016     67928064
      132672          128         882.212     33964032    135856128
      132672          256        1817.906     67928064    271712256
      132672          512        3449.406    135856128    543424512
      132672         1024        6898.633    271712256   1086849024
      132672         2048       13771.923    543424512   2173698048
      132672         4096       27571.374   1086849024   4347396096
      145920            1           7.711       291840      1167360
      145920            2          22.393       583680      2334720
      145920            4          36.422      1167360      4669440
      145920            8          93.075      2334720      9338880
      145920           16         135.363      4669440     18677760
      145920           32         272.327      9338880     37355520
      145920           64         493.131     18677760     74711040
      145920          128        1058.497     37355520    149422080
      145920          256        1972.178     74711040    298844160
      145920          512        3788.173    149422080    597688320
      145920         1024        7533.553    298844160   1195376640
      145920         2048       14855.659    597688320   2390753280
      145920         4096       29741.490   1195376640   4781506560
      160512            1           7.266       321024      1284096
      160512            2          24.360       642048      2568192
      160512            4          41.564      1284096      5136384
      160512            8          82.796      2568192     10272768
      160512           16         148.149      5136384     20545536
      160512           32         301.215     10272768     41091072
      160512           64         604.293     20545536     82182144
      160512          128        1112.034     41091072    164364288
      160512          256        2119.064     82182144    328728576
      160512          512        4171.548    164364288    657457152
      160512         1024        8217.200    328728576   1314914304
      160512         2048       16405.874    657457152   2629828608
      160512         4096       32618.500   1314914304   5259657216
      176448            1           9.726       352896      1411584
      176448            2          16.286       705792      2823168
      176448            4          44.894      1411584      5646336
      176448            8          89.427      2823168     11292672
      176448           16         166.630      5646336     22585344
      176448           32         360.156     11292672     45170688
      176448           64         685.249     22585344     90341376
      176448          128        1247.987     45170688    180682752
      176448          256        2286.695     90341376    361365504
      176448          512        4577.974    180682752    722731008
      176448         1024        9139.065    361365504   1445462016
      176448         2048       18276.178    722731008   2890924032
      176448         4096       36571.276   1445462016   5781848064
      193920            1          10.181       387840      1551360
      193920            2          39.988       775680      3102720
      193920            4          47.449      1551360      6205440
      193920            8          90.073      3102720     12410880
      193920           16         179.476      6205440     24821760
      193920           32         386.447     12410880     49643520
      193920           64         735.583     24821760     99287040
      193920          128        1366.625     49643520    198574080
      193920          256        2489.879     99287040    397148160
      193920          512        5099.425    198574080    794296320
      193920         1024        9983.880    397148160   1588592640
      193920         2048       20052.472    794296320   3177185280
      193920         4096       40019.955   1588592640   6354370560
      213312            1           9.491       426624      1706496
      213312            2          19.148       853248      3412992
      213312            4          56.959      1706496      6825984
      213312            8          98.038      3412992     13651968
      213312           16         198.972      6825984     27303936
      213312           32         413.020     13651968     54607872
      213312           64         722.457     27303936    109215744
      213312          128        1489.876     54607872    218431488
      213312          256        2760.137    109215744    436862976
      213312          512        5514.971    218431488    873725952
      213312         1024       11070.126    436862976   1747451904
      213312         2048       23162.785    873725952   3494903808
      213312         4096       44177.629   1747451904   6989807616
      234624            1          11.402       469248      1876992
      234624            2          21.868       938496      3753984
      234624            4          58.951      1876992      7507968
      234624            8         110.143      3753984     15015936
      234624           16         216.599      7507968     30031872
      234624           32         450.603     15015936     60063744
      234624           64         863.436     30031872    120127488
      234624          128        1500.149     60063744    240254976
      234624          256        3012.978    120127488    480509952
      234624          512        6030.115    240254976    961019904
      234624         1024       12061.605    480509952   1922039808
      234624         2048       24124.624    961019904   3844079616
      234624         4096       48263.079   1922039808   7688159232
      258048            1          15.574       516096      2064384
      258048            2          31.284      1032192      4128768
      258048            4          58.875      2064384      8257536
      258048            8         120.359      4128768     16515072
      258048           16         253.435      8257536     33030144
      258048           32         472.329     16515072     66060288
      258048           64         924.081     33030144    132120576
      258048          128        1748.777     66060288    264241152
      258048          256        3271.542    132120576    528482304
      258048          512        6561.668    264241152   1056964608
      258048         1024       13112.242    528482304   2113929216
      258048         2048       26316.087   1056964608   4227858432
      258048         4096       52509.630   2113929216   8455716864
      283776            1          13.846       567552      2270208
      283776            2          39.885      1135104      4540416
      283776            4          64.168      2270208      9080832
      283776            8         128.513      4540416     18161664
      283776           16         261.848      9080832     36323328
      283776           32         535.653     18161664     72646656
      283776           64        1012.158     36323328    145293312
      283776          128        2851.788     72646656    290586624
      283776          256        3635.985    145293312    581173248
      283776          512        7302.491    290586624   1162346496
      283776         1024       14673.468    581173248   2324692992
      283776         2048       29186.052   1162346496   4649385984
      312000            1          12.329       624000      2496000
      312000            2          37.365      1248000      4992000
      312000            4          75.612      2496000      9984000
      312000            8         141.190      4992000     19968000
      312000           16         309.139      9984000     39936000
      312000           32         582.015     19968000     79872000
      312000           64        1079.542     39936000    159744000
      312000          128        2089.899     79872000    319488000
      312000          256        4014.597    159744000    638976000
      312000          512        8107.384    319488000   1277952000
      312000         1024       16088.964    638976000   2555904000
      312000         2048       32163.575   1277952000   5111808000
      343104            1          15.971       686208      2744832
      343104            2          36.072      1372416      5489664
      343104            4          83.541      2744832     10979328
      343104            8         154.375      5489664     21958656
      343104           16         335.549     10979328     43917312
      343104           32         597.723     21958656     87834624
      343104           64        1208.795     43917312    175669248
      343104          128        2324.001     87834624    351338496
      343104          256        4507.704    175669248    702676992
      343104          512        8867.690    351338496   1405353984
      343104         1024       17726.559    702676992   2810707968
      343104         2048       35476.281   1405353984   5621415936
      377280            1          16.880       754560      3018240
      377280            2          49.793      1509120      6036480
      377280            4          82.638      3018240     12072960
      377280            8         169.281      6036480     24145920
      377280           16         358.972     12072960     48291840
      377280           32         724.450     24145920     96583680
      377280           64        1331.856     48291840    193167360
      377280          128        2518.931     96583680    386334720
      377280          256        4852.430    193167360    772669440
      377280          512        9712.660    386334720   1545338880
      377280         1024       19420.281    772669440   3090677760
      377280         2048       39882.463   1545338880   6181355520
      414912            1          27.282       829824      3319296
      414912            2          42.615      1659648      6638592
      414912            4          94.241      3319296     13277184
      414912            8         202.769      6638592     26554368
      414912           16         391.057     13277184     53108736
      414912           32         784.655     26554368    106217472
      414912           64        1414.584     53108736    212434944
      414912          128        2776.935    106217472    424869888
      414912          256        5349.007    212434944    849739776
      414912          512       10676.581    424869888   1699479552
      414912         1024       21356.561    849739776   3398959104
      414912         2048       42727.562   1699479552   6797918208
      456384            1          27.910       912768      3651072
      456384            2          52.720      1825536      7302144
      456384            4         100.057      3651072     14604288
      456384            8         202.307      7302144     29208576
      456384           16         434.185     14604288     58417152
      456384           32         841.805     29208576    116834304
      456384           64        1568.480     58417152    233668608
      456384          128        2928.547    116834304    467337216
      456384          256        5866.432    233668608    934674432
      456384          512       11821.484    467337216   1869348864
      456384         1024       23491.951    934674432   3738697728
      456384         2048       46976.774   1869348864   7477395456
      501888            1          29.706      1003776      4015104
      501888            2          51.929      2007552      8030208
      501888            4         114.939      4015104     16060416
      501888            8         224.093      8030208     32120832
      501888           16         475.389     16060416     64241664
      501888           32         907.744     32120832    128483328
      501888           64        1724.681     64241664    256966656
      501888          128        3288.808    128483328    513933312
      501888          256        6437.382    256966656   1027866624
      501888          512       12865.094    513933312   2055733248
      501888         1024       25762.883   1027866624   4111466496
      501888         2048       52578.050   2055733248   8222932992
      552000            1          31.755      1104000      4416000
      552000            2          56.873      2208000      8832000
      552000            4         116.988      4416000     17664000
      552000            8         262.894      8832000     35328000
      552000           16         507.103     17664000     70656000
      552000           32         985.733     35328000    141312000
      552000           64        1861.662     70656000    282624000
      552000          128        3557.187    141312000    565248000
      552000          256        7231.352    282624000   1130496000
      552000          512       14230.614    565248000   2260992000
      552000         1024       28542.220   1130496000   4521984000
      607104            1          33.613      1214208      4856832
      607104            2          66.722      2428416      9713664
      607104            4         131.163      4856832     19427328
      607104            8         268.723      9713664     38854656
      607104           16         562.485     19427328     77709312
      607104           32        1066.714     38854656    155418624
      607104           64        2031.881     77709312    310837248
      607104          128        4002.367    155418624    621674496
      607104          256        7883.352    310837248   1243348992
      607104          512       15574.705    621674496   2486697984
      607104         1024       31245.855   1243348992   4973395968
      667776            1          35.263      1335552      5342208
      667776            2          66.586      2671104     10684416
      667776            4         139.619      5342208     21368832
      667776            8         310.793     10684416     42737664
      667776           16         604.239     21368832     85475328
      667776           32        1162.083     42737664    170950656
      667776           64        2242.072     85475328    341901312
      667776          128        4272.878    170950656    683802624
      667776          256        8671.614    341901312   1367605248
      667776          512       17218.605    683802624   2735210496
      667776         1024       34261.152   1367605248   5470420992
      734400            1          61.723      1468800      5875200
      734400            2          72.396      2937600     11750400
      734400            4         154.767      5875200     23500800
      734400            8         322.632     11750400     47001600
      734400           16         670.079     23500800     94003200
      734400           32        1240.401     47001600    188006400
      734400           64        2390.994     94003200    376012800
      734400          128        4701.757    188006400    752025600
      734400          256        9443.879    376012800   1504051200
      734400          512       19223.964    752025600   3008102400
      734400         1024       37725.696   1504051200   6016204800
      807744            1          45.229      1615488      6461952
      807744            2          76.492      3230976     12923904
      807744            4         167.509      6461952     25847808
      807744            8         380.616     12923904     51695616
      807744           16         725.608     25847808    103391232
      807744           32        1402.898     51695616    206782464
      807744           64        2685.502    103391232    413564928
      807744          128        5291.234    206782464    827129856
      807744          256       10456.367    413564928   1654259712
      807744          512       20867.741    827129856   3308519424
      807744         1024       41737.850   1654259712   6617038848
      888384            1          46.895      1776768      7107072
      888384            2          86.988      3553536     14214144
      888384            4         186.064      7107072     28428288
      888384            8         416.800     14214144     56856576
      888384           16         792.164     28428288    113713152
      888384           32        1405.739     56856576    227426304
      888384           64        2899.909    113713152    454852608
      888384          128        5756.541    227426304    909705216
      888384          256       11451.465    454852608   1819410432
      888384          512       22925.732    909705216   3638820864
      888384         1024       45791.140   1819410432   7277641728
      977088            1          48.741      1954176      7816704
      977088            2          94.250      3908352     15633408
      977088            4         222.125      7816704     31266816
      977088            8         455.677     15633408     62533632
      977088           16         879.083     31266816    125067264
      977088           32        1668.061     62533632    250134528
      977088           64        3180.781    125067264    500269056
      977088          128        6314.315    250134528   1000538112
      977088          256       12520.314    500269056   2001076224
      977088          512       25068.016   1000538112   4002152448
      977088         1024       50852.174   2001076224   8004304896
     1074624            1          55.146      2149248      8596992
     1074624            2         107.777      4298496     17193984
     1074624            4         223.914      8596992     34387968
     1074624            8         503.947     17193984     68775936
     1074624           16         941.656     34387968    137551872
     1074624           32        1688.717     68775936    275103744
     1074624           64        3431.612    137551872    550207488
     1074624          128        6898.551    275103744   1100414976
     1074624          256       13825.091    550207488   2200829952
     1074624          512       27596.133   1100414976   4401659904
     1181952            1          60.748      2363904      9455616
     1181952            2         108.754      4727808     18911232
     1181952            4         243.597      9455616     37822464
     1181952            8         520.639     18911232     75644928
     1181952           16        1043.391     37822464    151289856
     1181952           32        1949.578     75644928    302579712
     1181952           64        3746.505    151289856    605159424
     1181952          128        7580.383    302579712   1210318848
     1181952          256       14993.879    605159424   2420637696
     1181952          512       30021.797   1210318848   4841275392
     1300032            1          62.708      2600064     10400256
     1300032            2         127.039      5200128     20800512
     1300032            4         286.982     10400256     41601024
     1300032            8         578.652     20800512     83202048
     1300032           16        1134.998     41601024    166404096
     1300032           32        2176.565     83202048    332808192
     1300032           64        4226.033    166404096    665616384
     1300032          128        8410.447    332808192   1331232768
     1300032          256       16794.243    665616384   2662465536
     1300032          512       33473.620   1331232768   5324931072
     1430016            1          68.712      2860032     11440128
     1430016            2         129.505      5720064     22880256
     1430016            4         294.464     11440128     45760512
     1430016            8         635.180     22880256     91521024
     1430016           16        1213.658     45760512    183042048
     1430016           32        2332.470     91521024    366084096
     1430016           64        4637.361    183042048    732168192
     1430016          128        9145.132    366084096   1464336384
     1430016          256       18226.381    732168192   2928672768
     1430016          512       36539.950   1464336384   5857345536
     1572864            1          80.270      3145728     12582912
     1572864            2         158.800      6291456     25165824
     1572864            4         322.340     12582912     50331648
     1572864            8         654.183     25165824    100663296
     1572864           16        1314.188     50331648    201326592
     1572864           32        2560.401    100663296    402653184
     1572864           64        5069.794    201326592    805306368
     1572864          128       10070.412    402653184   1610612736
     1572864          256       20055.437    805306368   3221225472
     1572864          512       40137.817   1610612736   6442450944
     1730112            1          85.752      3460224     13840896
     1730112            2         159.834      6920448     27681792
     1730112            4         373.799     13840896     55363584
     1730112            8         765.011     27681792    110727168
     1730112           16        1452.775     55363584    221454336
     1730112           32        2820.161    110727168    442908672
     1730112           64        5522.249    221454336    885817344
     1730112          128       11231.017    442908672   1771634688
     1730112          256       22299.436    885817344   3543269376
     1730112          512       44582.917   1771634688   7086538752
     1903104            1          86.824      3806208     15224832
     1903104            2         177.590      7612416     30449664
     1903104            4         393.962     15224832     60899328
     1903104            8         848.716     30449664    121798656
     1903104           16        1584.441     60899328    243597312
     1903104           32        3078.923    121798656    487194624
     1903104           64        6054.629    243597312    974389248
     1903104          128       12092.973    487194624   1948778496
     1903104          256       24258.887    974389248   3897556992
     1903104          512       48548.130   1948778496   7795113984
     2093376            1          95.719      4186752     16747008
     2093376            2         184.173      8373504     33494016
     2093376            4         458.089     16747008     66988032
     2093376            8         900.349     33494016    133976064
     2093376           16        1717.303     66988032    267952128
     2093376           32        3394.200    133976064    535904256
     2093376           64        6698.513    267952128   1071808512
     2093376          128       13517.401    535904256   2143617024
     2093376          256       26961.801   1071808512   4287234048
     2093376          512       53839.123   2143617024   8574468096
     2302656            1         104.919      4605312     18421248
     2302656            2         222.633      9210624     36842496
     2302656            4         480.038     18421248     73684992
     2302656            8         983.042     36842496    147369984
     2302656           16        1888.235     73684992    294739968
     2302656           32        3714.682    147369984    589479936
     2302656           64        7359.780    294739968   1178959872
     2302656          128       14672.654    589479936   2357919744
     2302656          256       29345.122   1178959872   4715839488
     2532864            1         138.222      5065728     20262912
     2532864            2         221.694     10131456     40525824
     2532864            4         540.526     20262912     81051648
     2532864            8        1082.643     40525824    162103296
     2532864           16        2075.455     81051648    324206592
     2532864           32        4063.946    162103296    648413184
     2532864           64        8087.373    324206592   1296826368
     2532864          128       16167.788    648413184   2593652736
     2532864          256       32242.724   1296826368   5187305472
     2786112            1         141.681      5572224     22288896
     2786112            2         245.828     11144448     44577792
     2786112            4         574.975     22288896     89155584
     2786112            8        1179.955     44577792    178311168
     2786112           16        2274.956     89155584    356622336
     2786112           32        4467.984    178311168    713244672
     2786112           64        8950.248    356622336   1426489344
     2786112          128       17838.620    713244672   2852978688
     2786112          256       35698.245   1426489344   5705957376
     3064704            1         141.246      6129408     24517632
     3064704            2         284.103     12258816     49035264
     3064704            4         644.522     24517632     98070528
     3064704            8        1270.360     49035264    196141056
     3064704           16        2516.355     98070528    392282112
     3064704           32        4932.687    196141056    784564224
     3064704           64        9829.757    392282112   1569128448
     3064704          128       19605.223    784564224   3138256896
     3064704          256       39213.067   1569128448   6276513792
     3371136            1         149.755      6742272     26969088
     3371136            2         293.193     13484544     53938176
     3371136            4         705.649     26969088    107876352
     3371136            8        1398.069     53938176    215752704
     3371136           16        2704.772    107876352    431505408
     3371136           32        5408.205    215752704    863010816
     3371136           64       10777.853    431505408   1726021632
     3371136          128       21557.640    863010816   3452043264
     3371136          256       43079.129   1726021632   6904086528
     3708096            1         165.444      7416192     29664768
     3708096            2         337.192     14832384     59329536
     3708096            4         773.253     29664768    118659072
     3708096            8        1490.573     59329536    237318144
     3708096           16        2861.954    118659072    474636288
     3708096           32        5841.910    237318144    949272576
     3708096           64       11774.463    474636288   1898545152
     3708096          128       23572.133    949272576   3797090304
     3708096          256       47151.520   1898545152   7594180608
     4078848            1         181.428      8157696     32630784
     4078848            2         352.785     16315392     65261568
     4078848            4         830.156     32630784    130523136
     4078848            8        1654.032     65261568    261046272
     4078848           16        3246.842    130523136    522092544
     4078848           32        6488.106    261046272   1044185088
     4078848           64       12970.988    522092544   2088370176
     4078848          128       25969.113   1044185088   4176740352
     4078848          256       52860.327   2088370176   8353480704
     4486656            1         223.429      8973312     35893248
     4486656            2         386.570     17946624     71786496
     4486656            4         941.819     35893248    143572992
     4486656            8        1812.880     71786496    287145984
     4486656           16        3514.498    143572992    574291968
     4486656           32        7034.863    287145984   1148583936
     4486656           64       14202.589    574291968   2297167872
     4486656          128       28583.232   1148583936   4594335744
     4935168            1         242.082      9870336     39481344
     4935168            2         437.391     19740672     78962688
     4935168            4        1009.913     39481344    157925376
     4935168            8        1915.015     78962688    315850752
     4935168           16        3853.482    157925376    631701504
     4935168           32        7819.740    315850752   1263403008
     4935168           64       15664.705    631701504   2526806016
     4935168          128       31397.886   1263403008   5053612032
     5428608            1         237.170     10857216     43428864
     5428608            2         492.198     21714432     86857728
     5428608            4        1072.237     43428864    173715456
     5428608            8        2116.450     86857728    347430912
     5428608           16        4253.449    173715456    694861824
     5428608           32        8667.146    347430912   1389723648
     5428608           64       17267.532    694861824   2779447296
     5428608          128       34644.443   1389723648   5558894592
     5971392            1         255.952     11942784     47771136
     5971392            2         539.684     23885568     95542272
     5971392            4        1202.828     47771136    191084544
     5971392            8        2312.229     95542272    382169088
     5971392           16        4706.505    191084544    764338176
     5971392           32        9434.890    382169088   1528676352
     5971392           64       18964.633    764338176   3057352704
     5971392          128       37978.192   1528676352   6114705408
     6568512            1         279.987     13137024     52548096
     6568512            2         581.001     26274048    105096192
     6568512            4        1287.327     52548096    210192384
     6568512            8        2560.125    105096192    420384768
     6568512           16        5213.935    210192384    840769536
     6568512           32       10394.512    420384768   1681539072
     6568512           64       21816.676    840769536   3363078144
     6568512          128       41921.003   1681539072   6726156288
     7225344            1         339.507     14450688     57802752
     7225344            2         625.815     28901376    115605504
     7225344            4        1446.184     57802752    231211008
     7225344            8        2769.622    115605504    462422016
     7225344           16        5657.387    231211008    924844032
     7225344           32       11461.826    462422016   1849688064
     7225344           64       22979.835    924844032   3699376128
     7225344          128       46034.074   1849688064   7398752256
     7947840            1         344.913     15895680     63582720
     7947840            2         711.793     31791360    127165440
     7947840            4        1573.543     63582720    254330880
     7947840            8        3047.119    127165440    508661760
     7947840           16        6299.654    254330880   1017323520
     7947840           32       12655.068    508661760   2034647040
     7947840           64       25362.692   1017323520   4069294080
     7947840          128       50690.658   2034647040   8138588160
     8742528            1         375.968     17485056     69940224
     8742528            2         778.321     34970112    139880448
     8742528            4        1732.227     69940224    279760896
     8742528            8        3389.804    139880448    559521792
     8742528           16        6931.996    279760896   1119043584
     8742528           32       13809.853    559521792   2238087168
     8742528           64       27833.379   1119043584   4476174336
     9616704            1         413.960     19233408     76933632
     9616704            2         829.583     38466816    153867264
     9616704            4        1910.851     76933632    307734528
     9616704            8        3740.034    153867264    615469056
     9616704           16        7565.914    307734528   1230938112
     9616704           32       15261.634    615469056   2461876224
     9616704           64       30594.047   1230938112   4923752448
    10578240            1         458.164     21156480     84625920
    10578240            2         934.232     42312960    169251840
    10578240            4        2057.264     84625920    338503680
    10578240            8        4119.448    169251840    677007360
    10578240           16        8287.235    338503680   1354014720
    10578240           32       16814.250    677007360   2708029440
    10578240           64       33785.042   1354014720   5416058880
    11635968            1         526.375     23271936     93087744
    11635968            2        1024.489     46543872    186175488
    11635968            4        2255.896     93087744    372350976
    11635968            8        4475.862    186175488    744701952
    11635968           16        9108.867    372350976   1489403904
    11635968           32       18452.657    744701952   2978807808
    11635968           64       37034.500   1489403904   5957615616
    12799488            1         553.707     25598976    102395904
    12799488            2        1123.246     51197952    204791808
    12799488            4        2378.899    102395904    409583616
    12799488            8        4913.274    204791808    819167232
    12799488           16       10054.096    409583616   1638334464
    12799488           32       20208.740    819167232   3276668928
    12799488           64       40714.688   1638334464   6553337856
    14079360            1         608.700     28158720    112634880
    14079360            2        1244.174     56317440    225269760
    14079360            4        2692.447    112634880    450539520
    14079360            8        5456.768    225269760    901079040
    14079360           16       11067.141    450539520   1802158080
    14079360           32       22320.732    901079040   3604316160
    14079360           64       44803.931   1802158080   7208632320
    15487296            1         687.530     30974592    123898368
    15487296            2        1357.200     61949184    247796736
    15487296            4        2868.005    123898368    495593472
    15487296            8        5971.277    247796736    991186944
    15487296           16       12248.337    495593472   1982373888
    15487296           32       24554.215    991186944   3964747776
    15487296           64       49381.522   1982373888   7929495552
    17035968            1         734.472     34071936    136287744
    17035968            2        1488.434     68143872    272575488
    17035968            4        3201.509    136287744    545150976
    17035968            8        6534.875    272575488   1090301952
    17035968           16       13350.471    545150976   2180603904
    17035968           32       26942.508   1090301952   4361207808
    18739392            1         824.914     37478784    149915136
    18739392            2        1642.152     74957568    299830272
    18739392            4        3482.468    149915136    599660544
    18739392            8        7195.673    299830272   1199321088
    18739392           16       14714.417    599660544   2398642176
    18739392           32       29796.079   1199321088   4797284352
    20613312            1         904.646     41226624    164906496
    20613312            2        1793.808     82453248    329812992
    20613312            4        3892.767    164906496    659625984
    20613312            8        7992.767    329812992   1319251968
    20613312           16       16196.650    659625984   2638503936
    20613312           32       32776.747   1319251968   5277007872
    22674624            1        1001.539     45349248    181396992
    22674624            2        1990.875     90698496    362793984
    22674624            4        4209.515    181396992    725587968
    22674624            8        8811.388    362793984   1451175936
    22674624           16       17947.284    725587968   2902351872
    22674624           32       36079.131   1451175936   5804703744
    24941952            1        1079.247     49883904    199535616
    24941952            2        2176.093     99767808    399071232
    24941952            4        4743.021    199535616    798142464
    24941952            8        9642.774    399071232   1596284928
    24941952           16       19682.633    798142464   3192569856
    24941952           32       39732.772   1596284928   6385139712
    27436032            1        1214.468     54872064    219488256
    27436032            2        2381.310    109744128    438976512
    27436032            4        5169.391    219488256    877953024
    27436032            8       10720.497    438976512   1755906048
    27436032           16       21691.215    877953024   3511812096
    27436032           32       43678.612   1755906048   7023624192
    30179520            1        1329.685     60359040    241436160
    30179520            2        2615.473    120718080    482872320
    30179520            4        5704.055    241436160    965744640
    30179520            8       11745.400    482872320   1931489280
    30179520           16       23860.164    965744640   3862978560
    30179520           32       48033.969   1931489280   7725957120
    33197376            1        1451.129     66394752    265579008
    33197376            2        2877.486    132789504    531158016
    33197376            4        6270.030    265579008   1062316032
    33197376            8       12922.220    531158016   2124632064
    33197376           16       26270.091   1062316032   4249264128
    33197376           32       52837.061   2124632064   8498528256
    36517056            1        1591.889     73034112    292136448
    36517056            2        3165.935    146068224    584272896
    36517056            4        6910.963    292136448   1168545792
    36517056            8       14151.893    584272896   2337091584
    36517056           16       28797.880   1168545792   4674183168
    40168704            1        1742.463     80337408    321349632
    40168704            2        3475.058    160674816    642699264
    40168704            4        7504.066    321349632   1285398528
    40168704            8       15545.606    642699264   2570797056
    40168704           16       31701.923   1285398528   5141594112
    44185536            1        1912.073     88371072    353484288
    44185536            2        3829.911    176742144    706968576
    44185536            4        8307.058    353484288   1413937152
    44185536            8       17887.718    706968576   2827874304
    44185536           16       34717.298   1413937152   5655748608
    48604032            1        2107.064     97208064    388832256
    48604032            2        4215.137    194416128    777664512
    48604032            4        9159.702    388832256   1555329024
    48604032            8       18840.545    777664512   3110658048
    48604032           16       38249.749   1555329024   6221316096
    53464320            1        2295.132    106928640    427714560
    53464320            2        4638.417    213857280    855429120
    53464320            4       10005.675    427714560   1710858240
    53464320            8       20705.395    855429120   3421716480
    53464320           16       42099.759   1710858240   6843432960
    58810752            1        2547.955    117621504    470486016
    58810752            2        5099.715    235243008    940972032
    58810752            4       11032.253    470486016   1881944064
    58810752            8       22750.592    940972032   3763888128
    58810752           16       46289.370   1881944064   7527776256
    64691712            1        2789.741    129383424    517533696
    64691712            2        5570.809    258766848   1035067392
    64691712            4       12234.802    517533696   2070134784
    64691712            8       25021.793   1035067392   4140269568
    64691712           16       50830.591   2070134784   8280539136
    71160768            1        3092.248    142321536    569286144
    71160768            2        6182.554    284643072   1138572288
    71160768            4       13458.974    569286144   2277144576
    71160768            8       27488.364   1138572288   4554289152
    78276672            1        3411.960    156553344    626213376
    78276672            2        6767.660    313106688   1252426752
    78276672            4       14659.134    626213376   2504853504
    78276672            8       30266.238   1252426752   5009707008
    86104320            1        3755.612    172208640    688834560
    86104320            2        7481.397    344417280   1377669120
    86104320            4       16141.084    688834560   2755338240
    86104320            8       33357.693   1377669120   5510676480
    94714752            1        4091.553    189429504    757718016
    94714752            2        8209.761    378859008   1515436032
    94714752            4       17758.758    757718016   3030872064
    94714752            8       36683.392   1515436032   6061744128
   104186112            1        4511.513    208372224    833488896
   104186112            2        9053.799    416744448   1666977792
   104186112            4       19537.007    833488896   3333955584
   104186112            8       40350.543   1666977792   6667911168
   114604608            1        5003.799    229209216    916836864
   114604608            2        9974.660    458418432   1833673728
   114604608            4       21463.932    916836864   3667347456
   114604608            8       44442.268   1833673728   7334694912
   126064896            1        5434.218    252129792   1008519168
   126064896            2       10944.820    504259584   2017038336
   126064896            4       23659.510   1008519168   4034076672
   126064896            8       48906.428   2017038336   8068153344
   138671232            1        6041.310    277342464   1109369856
   138671232            2       12031.611    554684928   2218739712
   138671232            4       26021.709   1109369856   4437479424
   152538240            1        6643.467    305076480   1220305920
   152538240            2       13252.757    610152960   2440611840
   152538240            4       28576.105   1220305920   4881223680
   167792064            1        7323.199    335584128   1342336512
   167792064            2       14563.952    671168256   2684673024
   167792064            4       31478.151   1342336512   5369346048
   184571136            1        7997.318    369142272   1476569088
   184571136            2       16041.105    738284544   2953138176
   184571136            4       34626.892   1476569088   5906276352
   203028096            1        8840.779    406056192   1624224768
   203028096            2       17622.344    812112384   3248449536
   203028096            4       38114.090   1624224768   6496899072
   223330752            1        9689.427    446661504   1786646016
   223330752            2       19477.780    893323008   3573292032
   223330752            4       41895.996   1786646016   7146584064
   245663808            1       10696.840    491327616   1965310464
   245663808            2       21325.615    982655232   3930620928
   245663808            4       46003.927   1965310464   7861241856
   270230016            1       11706.465    540460032   2161840128
   270230016            2       26332.906   1080920064   4323680256
   297252864            1       12911.838    594505728   2378022912
   297252864            2       25893.953   1189011456   4756045824
   326978112            1       14215.326    653956224   2615824896
   326978112            2       28497.232   1307912448   5231649792
   359675904            1       15657.586    719351808   2877407232
   359675904            2       31262.976   1438703616   5754814464
   395643456            1       17227.842    791286912   3165147648
   395643456            2       34429.528   1582573824   6330295296
   435207744            1       18893.927    870415488   3481661952
   435207744            2       37858.019   1740830976   6963323904
   478728384            1       20823.708    957456768   3829827072
   478728384            2       41614.062   1914913536   7659654144
   526601088            1       22896.459   1053202176   4212808704
   526601088            2       45802.121   2106404352   8425617408
   579261120            1       25195.779   1158522240   4634088960
   637187136            1       27689.268   1274374272   5097497088
   700905792            1       30450.594   1401811584   5607246336
   770996352            1       33506.375   1541992704   6167970816
   848095872            1       36922.656   1696191744   6784766976
   932905344            1       40660.835   1865810688   7463242752
  1026195840            1       45546.851   2052391680   8209566720

META_DATA
FLOPS          64
MPI_PROCS      1
OPENMP_THREADS 24
ERT_VERSION  1.1.0
HOSTNAME  ('deepv.deep', [], ['10.2.8.6'])
UNAME  uname_result(system='Linux', node='deepv', release='4.18.0-513.11.1.el8_9.0.1.x86_64', version='#1 SMP Sun Feb 11 10:42:18 UTC 2024', machine='x86_64')
TIMESTAMP_DATA  1710501986.8691957
CONFIG  {'ERT_RESULTS': ['Results.cn.deep.fz-juelich.de.01.gcc2023-O3'], 'ERT_DRIVER': ['driver1'], 'ERT_KERNEL': ['kernel1'], 'ERT_MPI': ['True'], 'ERT_MPI_CFLAGS': ['-I', '/p/software/deep/stages/2023/software/psmpi/5.9.2-1-GCC-11.3.0/include'], 'ERT_MPI_LDFLAGS': ['-L', '/p/software/deep/stages/2023/software/psmpi/5.9.2-1-GCC-11.3.0/lib', '-lmpi'], 'ERT_OPENMP': ['True'], 'ERT_OPENMP_CFLAGS': ['-fopenmp'], 'ERT_OPENMP_LDFLAGS': ['-fopenmp'], 'ERT_FLOPS': ['1,2,4,8,16,64,128'], 'ERT_ALIGN': ['64'], 'ERT_CC': ['mpicxx'], 'ERT_CFLAGS': ['-g', '-O3', '-mavx'], 'ERT_LD': ['mpicxx'], 'ERT_LDFLAGS': [], 'ERT_LDLIBS': [], 'ERT_PRECISION': ['FP64'], 'ERT_RUN': ['export', 'OMP_NUM_THREADS=ERT_OPENMP_THREADS;', 'export', 'OMP_PLACES="cores(ERT_OPENMP_THREADS)";', 'srun', '-p', 'dp-cn', '-n', 'ERT_MPI_PROCS', '-c', '48', '--ntasks-per-node', '1', 'ERT_CODE'], 'ERT_PROCS_THREADS': ['24'], 'ERT_MPI_PROCS': ['1'], 'ERT_OPENMP_THREADS': ['24'], 'ERT_NUM_EXPERIMENTS': ['5'], 'ERT_MEMORY_MAX': ['1073741824'], 'ERT_WORKING_SET_MIN': ['128'], 'ERT_TRIALS_MIN': ['1'], 'ERT_GNUPLOT': ['gnuplot'], 'ERT_GPU': [False], 'ERT_HIP': [False], 'ERT_OCL': [False], 'ERT_SYCL': [False], 'ERT_WSS_MULT': [1.1]}
