fp64
       24576            1           2.752        49152       196608
       24576            2           3.118        98304       393216
       24576            4          10.330       196608       786432
       24576            8          15.224       393216      1572864
       24576           16          35.939       786432      3145728
       24576           32          52.999      1572864      6291456
       24576           64         100.349      3145728     12582912
       24576          128         192.717      6291456     25165824
       24576          256         373.122     12582912     50331648
       24576          512         738.303     25165824    100663296
       24576         1024        1348.556     50331648    201326592
       24576         2048        2627.409    100663296    402653184
       24576         4096        5119.133    201326592    805306368
       24576         8192       10118.980    402653184   1610612736
       24576        16384       20022.722    805306368   3221225472
       24576        32768       40085.949   1610612736   6442450944
       26880            1           4.320        53760       215040
       26880            2          12.173       107520       430080
       26880            4           8.667       215040       860160
       26880            8          24.820       430080      1720320
       26880           16          32.449       860160      3440640
       26880           32          61.595      1720320      6881280
       26880           64         103.500      3440640     13762560
       26880          128         207.659      6881280     27525120
       26880          256         413.574     13762560     55050240
       26880          512         705.681     27525120    110100480
       26880         1024        1465.079     55050240    220200960
       26880         2048        2830.141    110100480    440401920
       26880         4096        5544.911    220200960    880803840
       26880         8192       11036.232    440401920   1761607680
       26880        16384       22003.655    880803840   3523215360
       26880        32768       43791.667   1761607680   7046430720
       29568            1           3.533        59136       236544
       29568            2          18.817       118272       473088
       29568            4           8.856       236544       946176
       29568            8          22.504       473088      1892352
       29568           16          30.460       946176      3784704
       29568           32          61.520      1892352      7569408
       29568           64         150.776      3784704     15138816
       29568          128         229.865      7569408     30277632
       29568          256         436.553     15138816     60555264
       29568          512         876.347     30277632    121110528
       29568         1024        1641.755     60555264    242221056
       29568         2048        3062.430    121110528    484442112
       29568         4096        6119.530    242221056    968884224
       29568         8192       12228.084    484442112   1937768448
       29568        16384       24461.785    968884224   3875536896
       29568        32768       48891.378   1937768448   7751073792
       32448            1           3.505        64896       259584
       32448            2          13.998       129792       519168
       32448            4          21.364       259584      1038336
       32448            8          16.364       519168      2076672
       32448           16          48.477      1038336      4153344
       32448           32          65.245      2076672      8306688
       32448           64         126.700      4153344     16613376
       32448          128         251.299      8306688     33226752
       32448          256         503.494     16613376     66453504
       32448          512         948.882     33226752    132907008
       32448         1024        1700.014     66453504    265814016
       32448         2048        3464.967    132907008    531628032
       32448         4096        6773.407    265814016   1063256064
       32448         8192       13513.178    531628032   2126512128
       32448        16384       27019.999   1063256064   4253024256
       32448        32768       54021.579   2126512128   8506048512
       35520            1           4.763        71040       284160
       35520            2          17.354       142080       568320
       35520            4          21.294       284160      1136640
       35520            8          20.137       568320      2273280
       35520           16          44.946      1136640      4546560
       35520           32          75.505      2273280      9093120
       35520           64         139.822      4546560     18186240
       35520          128         272.479      9093120     36372480
       35520          256         538.928     18186240     72744960
       35520          512         926.607     36372480    145489920
       35520         1024        1849.929     72744960    290979840
       35520         2048        3694.271    145489920    581959680
       35520         4096        7394.952    290979840   1163919360
       35520         8192       14767.651    581959680   2327838720
       35520        16384       29525.968   1163919360   4655677440
       38976            1           3.849        77952       311808
       38976            2          13.756       155904       623616
       38976            4          20.005       311808      1247232
       38976            8          30.745       623616      2494464
       38976           16          43.833      1247232      4988928
       38976           32          80.700      2494464      9977856
       38976           64         171.727      4988928     19955712
       38976          128         308.977      9977856     39911424
       38976          256         600.390     19955712     79822848
       38976          512        1139.719     39911424    159645696
       38976         1024        2044.086     79822848    319291392
       38976         2048        4085.064    159645696    638582784
       38976         4096        8280.069    319291392   1277165568
       38976         8192       16323.784    638582784   2554331136
       38976        16384       32683.644   1277165568   5108662272
       42816            1           3.533        85632       342528
       42816            2          15.612       171264       685056
       42816            4          23.725       342528      1370112
       42816            8          23.441       685056      2740224
       42816           16          46.587      1370112      5480448
       42816           32         104.031      2740224     10960896
       42816           64         169.344      5480448     21921792
       42816          128         328.690     10960896     43843584
       42816          256         670.612     21921792     87687168
       42816          512        1128.007     43843584    175374336
       42816         1024        2239.755     87687168    350748672
       42816         2048        4487.978    175374336    701497344
       42816         4096        8948.275    350748672   1402994688
       42816         8192       17886.671    701497344   2805989376
       42816        16384       35804.114   1402994688   5611978752
       47040            1           8.166        94080       376320
       47040            2           8.624       188160       752640
       47040            4          24.154       376320      1505280
       47040            8          25.267       752640      3010560
       47040           16          68.308      1505280      6021120
       47040           32          91.820      3010560     12042240
       47040           64         194.844      6021120     24084480
       47040          128         354.122     12042240     48168960
       47040          256         730.964     24084480     96337920
       47040          512        1309.194     48168960    192675840
       47040         1024        2445.416     96337920    385351680
       47040         2048        4874.952    192675840    770703360
       47040         4096        9736.265    385351680   1541406720
       47040         8192       19527.711    770703360   3082813440
       47040        16384       38967.583   1541406720   6165626880
       51648            1           4.558       103296       413184
       51648            2          14.840       206592       826368
       51648            4          21.904       413184      1652736
       51648            8          27.237       826368      3305472
       51648           16          58.406      1652736      6610944
       51648           32          99.956      3305472     13221888
       51648           64         204.980      6610944     26443776
       51648          128         412.662     13221888     52887552
       51648          256         774.729     26443776    105775104
       51648          512        1417.140     52887552    211550208
       51648         1024        2670.308    105775104    423100416
       51648         2048        5327.710    211550208    846200832
       51648         4096       10657.941    423100416   1692401664
       51648         8192       21311.340    846200832   3384803328
       51648        16384       43965.826   1692401664   6769606656
       56640            1           8.099       113280       453120
       56640            2           7.667       226560       906240
       56640            4          27.606       453120      1812480
       56640            8          31.859       906240      3624960
       56640           16          64.810      1812480      7249920
       56640           32         131.220      3624960     14499840
       56640           64         218.270      7249920     28999680
       56640          128         436.592     14499840     57999360
       56640          256         748.713     28999680    115998720
       56640          512        1471.076     57999360    231997440
       56640         1024        2948.652    115998720    463994880
       56640         2048        6020.167    231997440    927989760
       56640         4096       11874.228    463994880   1855979520
       56640         8192       23541.966    927989760   3711959040
       56640        16384       47088.077   1855979520   7423918080
       62208            1           7.919       124416       497664
       62208            2           7.145       248832       995328
       62208            4          23.071       497664      1990656
       62208            8          28.213       995328      3981312
       62208           16          71.148      1990656      7962624
       62208           32         118.790      3981312     15925248
       62208           64         266.852      7962624     31850496
       62208          128         460.984     15925248     63700992
       62208          256         900.044     31850496    127401984
       62208          512        1706.980     63700992    254803968
       62208         1024        3163.822    127401984    509607936
       62208         2048        6436.557    254803968   1019215872
       62208         4096       12665.566    509607936   2038431744
       62208         8192       26293.456   1019215872   4076863488
       62208        16384       50608.552   2038431744   8153726976
       68352            1           6.243       136704       546816
       68352            2           7.395       273408      1093632
       68352            4          23.275       546816      2187264
       68352            8          31.028      1093632      4374528
       68352           16          62.613      2187264      8749056
       68352           32         132.601      4374528     17498112
       68352           64         276.646      8749056     34996224
       68352          128         496.152     17498112     69992448
       68352          256         987.365     34996224    139984896
       68352          512        1847.545     69992448    279969792
       68352         1024        3483.295    139984896    559939584
       68352         2048        7070.121    279969792   1119879168
       68352         4096       14018.628    559939584   2239758336
       68352         8192       27911.206   1119879168   4479516672
       75072            1           5.189       150144       600576
       75072            2           8.598       300288      1201152
       75072            4          25.045       600576      2402304
       75072            8          45.751      1201152      4804608
       75072           16          74.973      2402304      9609216
       75072           32         145.400      4804608     19218432
       75072           64         288.410      9609216     38436864
       75072          128         582.649     19218432     76873728
       75072          256        1078.489     38436864    153747456
       75072          512        2031.136     76873728    307494912
       75072         1024        3934.559    153747456    614989824
       75072         2048        7850.921    307494912   1229979648
       75072         4096       15685.213    614989824   2459959296
       75072         8192       31352.325   1229979648   4919918592
       82560            1           6.405       165120       660480
       82560            2           8.911       330240      1320960
       82560            4          25.292       660480      2641920
       82560            8          46.263      1320960      5283840
       82560           16          80.582      2641920     10567680
       82560           32         175.329      5283840     21135360
       82560           64         317.372     10567680     42270720
       82560          128         627.949     21135360     84541440
       82560          256        1176.097     42270720    169082880
       82560          512        2133.478     84541440    338165760
       82560         1024        4261.271    169082880    676331520
       82560         2048        8530.457    338165760   1352663040
       82560         4096       17046.134    676331520   2705326080
       82560         8192       34094.581   1352663040   5410652160
       90816            1           6.590       181632       726528
       90816            2          19.977       363264      1453056
       90816            4          29.284       726528      2906112
       90816            8          49.379      1453056      5812224
       90816           16          87.359      2906112     11624448
       90816           32         173.130      5812224     23248896
       90816           64         375.953     11624448     46497792
       90816          128         695.428     23248896     92995584
       90816          256        1298.837     46497792    185991168
       90816          512        2354.999     92995584    371982336
       90816         1024        4713.217    185991168    743964672
       90816         2048        9415.236    371982336   1487929344
       90816         4096       18834.751    743964672   2975858688
       90816         8192       37669.420   1487929344   5951717376
       99840            1           5.859       199680       798720
       99840            2          19.465       399360      1597440
       99840            4          30.273       798720      3194880
       99840            8          46.254      1597440      6389760
       99840           16          99.549      3194880     12779520
       99840           32         188.204      6389760     25559040
       99840           64         391.816     12779520     51118080
       99840          128         683.097     25559040    102236160
       99840          256        1382.939     51118080    204472320
       99840          512        2624.003    102236160    408944640
       99840         1024        5199.322    204472320    817889280
       99840         2048       10150.471    408944640   1635778560
       99840         4096       20291.140    817889280   3271557120
       99840         8192       40701.676   1635778560   6543114240
      109824            1           6.360       219648       878592
      109824            2          10.451       439296      1757184
      109824            4          33.608       878592      3514368
      109824            8          61.495      1757184      7028736
      109824           16         104.261      3514368     14057472
      109824           32         204.748      7028736     28114944
      109824           64         427.783     14057472     56229888
      109824          128         808.147     28114944    112459776
      109824          256        1484.334     56229888    224919552
      109824          512        2809.663    112459776    449839104
      109824         1024        5699.266    224919552    899678208
      109824         2048       11274.655    449839104   1799356416
      109824         4096       22318.964    899678208   3598712832
      109824         8192       44737.457   1799356416   7197425664
      120768            1           7.844       241536       966144
      120768            2          11.823       483072      1932288
      120768            4          35.129       966144      3864576
      120768            8          66.111      1932288      7729152
      120768           16         114.022      3864576     15458304
      120768           32         262.040      7729152     30916608
      120768           64         459.680     15458304     61833216
      120768          128         897.307     30916608    123666432
      120768          256        1664.381     61833216    247332864
      120768          512        3146.661    123666432    494665728
      120768         1024        6305.208    247332864    989331456
      120768         2048       12504.233    494665728   1978662912
      120768         4096       24998.702    989331456   3957325824
      120768         8192       50002.338   1978662912   7914651648
      132672            1           6.723       265344      1061376
      132672            2          12.702       530688      2122752
      132672            4          39.358      1061376      4245504
      132672            8          75.743      2122752      8491008
      132672           16         126.493      4245504     16982016
      132672           32         285.612      8491008     33964032
      132672           64         500.902     16982016     67928064
      132672          128         950.564     33964032    135856128
      132672          256        1732.294     67928064    271712256
      132672          512        3438.939    135856128    543424512
      132672         1024        6893.039    271712256   1086849024
      132672         2048       13798.572    543424512   2173698048
      132672         4096       27545.118   1086849024   4347396096
      145920            1           8.838       291840      1167360
      145920            2          15.673       583680      2334720
      145920            4          40.019      1167360      4669440
      145920            8          79.326      2334720      9338880
      145920           16         135.620      4669440     18677760
      145920           32         273.280      9338880     37355520
      145920           64         553.750     18677760     74711040
      145920          128        1033.211     37355520    149422080
      145920          256        1856.321     74711040    298844160
      145920          512        3705.828    149422080    597688320
      145920         1024        7525.883    298844160   1195376640
      145920         2048       14912.579    597688320   2390753280
      145920         4096       29701.660   1195376640   4781506560
      160512            1           8.658       321024      1284096
      160512            2          14.952       642048      2568192
      160512            4          52.402      1284096      5136384
      160512            8          81.427      2568192     10272768
      160512           16         148.662      5136384     20545536
      160512           32         301.526     10272768     41091072
      160512           64         604.453     20545536     82182144
      160512          128        1125.154     41091072    164364288
      160512          256        2143.546     82182144    328728576
      160512          512        4169.418    164364288    657457152
      160512         1024        8279.585    328728576   1314914304
      160512         2048       16306.177    657457152   2629828608
      160512         4096       32644.382   1314914304   5259657216
      176448            1          10.531       352896      1411584
      176448            2          17.821       705792      2823168
      176448            4          48.432      1411584      5646336
      176448            8          83.438      2823168     11292672
      176448           16         165.837      5646336     22585344
      176448           32         367.866     11292672     45170688
      176448           64         678.348     22585344     90341376
      176448          128        1265.486     45170688    180682752
      176448          256        2383.593     90341376    361365504
      176448          512        4576.979    180682752    722731008
      176448         1024        9241.547    361365504   1445462016
      176448         2048       18377.789    722731008   2890924032
      176448         4096       36612.009   1445462016   5781848064
      193920            1           9.300       387840      1551360
      193920            2          30.590       775680      3102720
      193920            4          44.062      1551360      6205440
      193920            8          99.494      3102720     12410880
      193920           16         179.947      6205440     24821760
      193920           32         385.442     12410880     49643520
      193920           64         750.535     24821760     99287040
      193920          128        1341.217     49643520    198574080
      193920          256        2581.121     99287040    397148160
      193920          512        4985.735    198574080    794296320
      193920         1024       10013.963    397148160   1588592640
      193920         2048       20968.878    794296320   3177185280
      193920         4096       39911.983   1588592640   6354370560
      213312            1          10.254       426624      1706496
      213312            2          30.661       853248      3412992
      213312            4          50.772      1706496      6825984
      213312            8         100.980      3412992     13651968
      213312           16         199.430      6825984     27303936
      213312           32         400.264     13651968     54607872
      213312           64         813.696     27303936    109215744
      213312          128        1488.961     54607872    218431488
      213312          256        2841.677    109215744    436862976
      213312          512        5515.471    218431488    873725952
      213312         1024       11039.088    436862976   1747451904
      213312         2048       22088.947    873725952   3494903808
      213312         4096       44167.614   1747451904   6989807616
      234624            1          11.761       469248      1876992
      234624            2          33.651       938496      3753984
      234624            4          59.802      1876992      7507968
      234624            8         106.982      3753984     15015936
      234624           16         217.339      7507968     30031872
      234624           32         434.298     15015936     60063744
      234624           64         869.371     30031872    120127488
      234624          128        1605.610     60063744    240254976
      234624          256        3012.131    120127488    480509952
      234624          512        6028.796    240254976    961019904
      234624         1024       12059.396    480509952   1922039808
      234624         2048       24200.331    961019904   3844079616
      234624         4096       48268.311   1922039808   7688159232
      258048            1          11.837       516096      2064384
      258048            2          31.893      1032192      4128768
      258048            4          65.056      2064384      8257536
      258048            8         119.475      4128768     16515072
      258048           16         236.453      8257536     33030144
      258048           32         485.732     16515072     66060288
      258048           64         926.736     33030144    132120576
      258048          128        1726.359     66060288    264241152
      258048          256        3283.357    132120576    528482304
      258048          512        6664.953    264241152   1056964608
      258048         1024       13105.711    528482304   2113929216
      258048         2048       26227.902   1056964608   4227858432
      258048         4096       52522.470   2113929216   8455716864
      283776            1          13.180       567552      2270208
      283776            2          35.053      1135104      4540416
      283776            4          82.097      2270208      9080832
      283776            8         131.285      4540416     18161664
      283776           16         261.082      9080832     36323328
      283776           32         494.425     18161664     72646656
      283776           64        1014.590     36323328    145293312
      283776          128        1932.036     72646656    290586624
      283776          256        3644.749    145293312    581173248
      283776          512        7332.519    290586624   1162346496
      283776         1024       14585.057    581173248   2324692992
      283776         2048       29164.806   1162346496   4649385984
      312000            1          14.941       624000      2496000
      312000            2          35.901      1248000      4992000
      312000            4          76.835      2496000      9984000
      312000            8         160.787      4992000     19968000
      312000           16         290.664      9984000     39936000
      312000           32         526.615     19968000     79872000
      312000           64        1125.459     39936000    159744000
      312000          128        2089.745     79872000    319488000
      312000          256        4014.346    159744000    638976000
      312000          512        8036.160    319488000   1277952000
      312000         1024       16077.701    638976000   2555904000
      312000         2048       32154.599   1277952000   5111808000
      343104            1          16.187       686208      2744832
      343104            2          45.580      1372416      5489664
      343104            4          78.143      2744832     10979328
      343104            8         154.927      5489664     21958656
      343104           16         336.370     10979328     43917312
      343104           32         596.201     21958656     87834624
      343104           64        1225.881     43917312    175669248
      343104          128        2318.612     87834624    351338496
      343104          256        4420.787    175669248    702676992
      343104          512        8935.393    351338496   1405353984
      343104         1024       17741.620    702676992   2810707968
      343104         2048       35468.875   1405353984   5621415936
      377280            1          17.090       754560      3018240
      377280            2          40.892      1509120      6036480
      377280            4          85.577      3018240     12072960
      377280            8         167.916      6036480     24145920
      377280           16         353.892     12072960     48291840
      377280           32         729.926     24145920     96583680
      377280           64        1310.731     48291840    193167360
      377280          128        2514.338     96583680    386334720
      377280          256        4850.894    193167360    772669440
      377280          512        9714.953    386334720   1545338880
      377280         1024       19442.422    772669440   3090677760
      377280         2048       38860.907   1545338880   6181355520
      414912            1          16.305       829824      3319296
      414912            2          42.394      1659648      6638592
      414912            4          99.635      3319296     13277184
      414912            8         184.959      6638592     26554368
      414912           16         403.769     13277184     53108736
      414912           32         789.523     26554368    106217472
      414912           64        1420.018     53108736    212434944
      414912          128        2663.880    106217472    424869888
      414912          256        5329.849    212434944    849739776
      414912          512       10698.122    424869888   1699479552
      414912         1024       21354.576    849739776   3398959104
      414912         2048       42756.162   1699479552   6797918208
      456384            1          26.369       912768      3651072
      456384            2          50.390      1825536      7302144
      456384            4         101.079      3651072     14604288
      456384            8         201.880      7302144     29208576
      456384           16         430.144     14604288     58417152
      456384           32         838.669     29208576    116834304
      456384           64        1611.452     58417152    233668608
      456384          128        2927.356    116834304    467337216
      456384          256        6119.301    233668608    934674432
      456384          512       11746.548    467337216   1869348864
      456384         1024       23485.425    934674432   3738697728
      456384         2048       46986.978   1869348864   7477395456
      501888            1          28.601      1003776      4015104
      501888            2          53.315      2007552      8030208
      501888            4         110.276      4015104     16060416
      501888            8         222.844      8030208     32120832
      501888           16         471.002     16060416     64241664
      501888           32         910.599     32120832    128483328
      501888           64        1593.694     64241664    256966656
      501888          128        3326.193    128483328    513933312
      501888          256        6536.398    256966656   1027866624
      501888          512       12964.202    513933312   2055733248
      501888         1024       25810.005   1027866624   4111466496
      501888         2048       51754.902   2055733248   8222932992
      552000            1          29.684      1104000      4416000
      552000            2          53.687      2208000      8832000
      552000            4         121.513      4416000     17664000
      552000            8         261.237      8832000     35328000
      552000           16         504.437     17664000     70656000
      552000           32         986.996     35328000    141312000
      552000           64        1878.226     70656000    282624000
      552000          128        3604.102    141312000    565248000
      552000          256        7226.652    282624000   1130496000
      552000          512       14233.776    565248000   2260992000
      552000         1024       28553.163   1130496000   4521984000
      607104            1          32.731      1214208      4856832
      607104            2          62.076      2428416      9713664
      607104            4         133.904      4856832     19427328
      607104            8         270.046      9713664     38854656
      607104           16         567.615     19427328     77709312
      607104           32        1073.147     38854656    155418624
      607104           64        2052.042     77709312    310837248
      607104          128        3998.965    155418624    621674496
      607104          256        7888.769    310837248   1243348992
      607104          512       15574.706    621674496   2486697984
      607104         1024       31153.958   1243348992   4973395968
      667776            1          35.767      1335552      5342208
      667776            2          64.782      2671104     10684416
      667776            4         139.874      5342208     21368832
      667776            8         312.475     10684416     42737664
      667776           16         605.736     21368832     85475328
      667776           32        1151.078     42737664    170950656
      667776           64        2216.464     85475328    341901312
      667776          128        4344.712    170950656    683802624
      667776          256        8552.817    341901312   1367605248
      667776          512       17203.826    683802624   2735210496
      667776         1024       34324.757   1367605248   5470420992
      734400            1          45.400      1468800      5875200
      734400            2          69.008      2937600     11750400
      734400            4         171.572      5875200     23500800
      734400            8         323.260     11750400     47001600
      734400           16         630.098     23500800     94003200
      734400           32        1269.440     47001600    188006400
      734400           64        2418.745     94003200    376012800
      734400          128        4698.337    188006400    752025600
      734400          256        9412.331    376012800   1504051200
      734400          512       18850.802    752025600   3008102400
      734400         1024       37773.793   1504051200   6016204800
      807744            1          43.205      1615488      6461952
      807744            2          77.177      3230976     12923904
      807744            4         171.613      6461952     25847808
      807744            8         379.484     12923904     51695616
      807744           16         756.271     25847808    103391232
      807744           32        1388.187     51695616    206782464
      807744           64        2648.130    103391232    413564928
      807744          128        5287.920    206782464    827129856
      807744          256       10395.213    413564928   1654259712
      807744          512       20823.745    827129856   3308519424
      807744         1024       41695.122   1654259712   6617038848
      888384            1          48.448      1776768      7107072
      888384            2          89.454      3553536     14214144
      888384            4         187.110      7107072     28428288
      888384            8         425.072     14214144     56856576
      888384           16         809.498     28428288    113713152
      888384           32        1496.048     56856576    227426304
      888384           64        2877.825    113713152    454852608
      888384          128        5712.142    227426304    909705216
      888384          256       11526.948    454852608   1819410432
      888384          512       22882.509    909705216   3638820864
      888384         1024       45790.663   1819410432   7277641728
      977088            1          47.986      1954176      7816704
      977088            2          90.552      3908352     15633408
      977088            4         204.314      7816704     31266816
      977088            8         457.868     15633408     62533632
      977088           16         887.113     31266816    125067264
      977088           32        1645.244     62533632    250134528
      977088           64        3135.264    125067264    500269056
      977088          128        6344.441    250134528   1000538112
      977088          256       12514.549    500269056   2001076224
      977088          512       25057.937   1000538112   4002152448
      977088         1024       50104.907   2001076224   8004304896
     1074624            1          53.087      2149248      8596992
     1074624            2          97.272      4298496     17193984
     1074624            4         222.344      8596992     34387968
     1074624            8         497.611     17193984     68775936
     1074624           16         946.360     34387968    137551872
     1074624           32        1691.864     68775936    275103744
     1074624           64        3434.053    137551872    550207488
     1074624          128        6954.057    275103744   1100414976
     1074624          256       13768.107    550207488   2200829952
     1074624          512       27603.408   1100414976   4401659904
     1181952            1          59.304      2363904      9455616
     1181952            2         128.123      4727808     18911232
     1181952            4         243.429      9455616     37822464
     1181952            8         528.241     18911232     75644928
     1181952           16        1028.944     37822464    151289856
     1181952           32        1957.107     75644928    302579712
     1181952           64        3829.165    151289856    605159424
     1181952          128        7584.290    302579712   1210318848
     1181952          256       14992.465    605159424   2420637696
     1181952          512       30017.815   1210318848   4841275392
     1300032            1          63.026      2600064     10400256
     1300032            2         120.934      5200128     20800512
     1300032            4         267.789     10400256     41601024
     1300032            8         584.102     20800512     83202048
     1300032           16        1131.042     41601024    166404096
     1300032           32        2168.217     83202048    332808192
     1300032           64        4235.757    166404096    665616384
     1300032          128        8419.678    332808192   1331232768
     1300032          256       16728.688    665616384   2662465536
     1300032          512       33556.908   1331232768   5324931072
     1430016            1          67.347      2860032     11440128
     1430016            2         135.094      5720064     22880256
     1430016            4         293.884     11440128     45760512
     1430016            8         652.998     22880256     91521024
     1430016           16        1203.494     45760512    183042048
     1430016           32        2248.992     91521024    366084096
     1430016           64        4598.569    183042048    732168192
     1430016          128        9163.058    366084096   1464336384
     1430016          256       18243.964    732168192   2928672768
     1430016          512       36484.112   1464336384   5857345536
     1572864            1          76.609      3145728     12582912
     1572864            2         139.025      6291456     25165824
     1572864            4         323.350     12582912     50331648
     1572864            8         709.089     25165824    100663296
     1572864           16        1323.128     50331648    201326592
     1572864           32        2546.164    100663296    402653184
     1572864           64        5062.688    201326592    805306368
     1572864          128       10054.653    402653184   1610612736
     1572864          256       20053.266    805306368   3221225472
     1572864          512       41378.758   1610612736   6442450944
     1730112            1          82.520      3460224     13840896
     1730112            2         153.413      6920448     27681792
     1730112            4         353.831     13840896     55363584
     1730112            8         768.809     27681792    110727168
     1730112           16        1448.058     55363584    221454336
     1730112           32        2837.817    110727168    442908672
     1730112           64        5618.540    221454336    885817344
     1730112          128       11164.911    442908672   1771634688
     1730112          256       22252.554    885817344   3543269376
     1730112          512       44581.341   1771634688   7086538752
     1903104            1          88.939      3806208     15224832
     1903104            2         167.888      7612416     30449664
     1903104            4         415.224     15224832     60899328
     1903104            8         826.329     30449664    121798656
     1903104           16        1568.321     60899328    243597312
     1903104           32        3002.133    121798656    487194624
     1903104           64        6113.320    243597312    974389248
     1903104          128       12088.351    487194624   1948778496
     1903104          256       24240.843    974389248   3897556992
     1903104          512       48539.338   1948778496   7795113984
     2093376            1          98.590      4186752     16747008
     2093376            2         203.920      8373504     33494016
     2093376            4         441.801     16747008     66988032
     2093376            8         915.461     33494016    133976064
     2093376           16        1731.244     66988032    267952128
     2093376           32        3388.979    133976064    535904256
     2093376           64        6691.387    267952128   1071808512
     2093376          128       13488.260    535904256   2143617024
     2093376          256       26912.316   1071808512   4287234048
     2093376          512       53871.950   2143617024   8574468096
     2302656            1         104.493      4605312     18421248
     2302656            2         222.118      9210624     36842496
     2302656            4         482.895     18421248     73684992
     2302656            8         976.447     36842496    147369984
     2302656           16        1825.646     73684992    294739968
     2302656           32        3616.044    147369984    589479936
     2302656           64        7361.010    294739968   1178959872
     2302656          128       14639.681    589479936   2357919744
     2302656          256       29390.424   1178959872   4715839488
     2532864            1         114.102      5065728     20262912
     2532864            2         224.272     10131456     40525824
     2532864            4         549.004     20262912     81051648
     2532864            8        1080.479     40525824    162103296
     2532864           16        2036.720     81051648    324206592
     2532864           32        4056.339    162103296    648413184
     2532864           64        8082.015    324206592   1296826368
     2532864          128       16171.713    648413184   2593652736
     2532864          256       32295.665   1296826368   5187305472
     2786112            1         126.428      5572224     22288896
     2786112            2         241.902     11144448     44577792
     2786112            4         598.145     22288896     89155584
     2786112            8        1165.254     44577792    178311168
     2786112           16        2235.459     89155584    356622336
     2786112           32        4471.136    178311168    713244672
     2786112           64        8905.986    356622336   1426489344
     2786112          128       17889.621    713244672   2852978688
     2786112          256       35696.099   1426489344   5705957376
     3064704            1         161.430      6129408     24517632
     3064704            2         267.253     12258816     49035264
     3064704            4         647.058     24517632     98070528
     3064704            8        1264.153     49035264    196141056
     3064704           16        2467.855     98070528    392282112
     3064704           32        4920.218    196141056    784564224
     3064704           64        9808.597    392282112   1569128448
     3064704          128       19572.601    784564224   3138256896
     3064704          256       39242.299   1569128448   6276513792
     3371136            1         148.890      6742272     26969088
     3371136            2         292.463     13484544     53938176
     3371136            4         714.448     26969088    107876352
     3371136            8        1407.286     53938176    215752704
     3371136           16        2703.143    107876352    431505408
     3371136           32        5442.914    215752704    863010816
     3371136           64       10778.384    431505408   1726021632
     3371136          128       21588.480    863010816   3452043264
     3371136          256       43120.670   1726021632   6904086528
     3708096            1         185.191      7416192     29664768
     3708096            2         331.989     14832384     59329536
     3708096            4         761.545     29664768    118659072
     3708096            8        1474.678     59329536    237318144
     3708096           16        2889.966    118659072    474636288
     3708096           32        5826.399    237318144    949272576
     3708096           64       11776.318    474636288   1898545152
     3708096          128       23607.110    949272576   3797090304
     3708096          256       47213.848   1898545152   7594180608
     4078848            1         184.790      8157696     32630784
     4078848            2         352.504     16315392     65261568
     4078848            4         843.373     32630784    130523136
     4078848            8        1662.066     65261568    261046272
     4078848           16        3234.228    130523136    522092544
     4078848           32        6497.689    261046272   1044185088
     4078848           64       13007.880    522092544   2088370176
     4078848          128       25958.467   1044185088   4176740352
     4078848          256       51988.438   2088370176   8353480704
     4486656            1         204.092      8973312     35893248
     4486656            2         386.147     17946624     71786496
     4486656            4         916.378     35893248    143572992
     4486656            8        1801.453     71786496    287145984
     4486656           16        3525.592    143572992    574291968
     4486656           32        7027.608    287145984   1148583936
     4486656           64       14231.710    574291968   2297167872
     4486656          128       28531.304   1148583936   4594335744
     4935168            1         235.944      9870336     39481344
     4935168            2         423.866     19740672     78962688
     4935168            4        1010.430     39481344    157925376
     4935168            8        1956.789     78962688    315850752
     4935168           16        3907.907    157925376    631701504
     4935168           32        7888.936    315850752   1263403008
     4935168           64       15666.617    631701504   2526806016
     4935168          128       31412.345   1263403008   5053612032
     5428608            1         233.351     10857216     43428864
     5428608            2         486.803     21714432     86857728
     5428608            4        1103.673     43428864    173715456
     5428608            8        2150.371     86857728    347430912
     5428608           16        4262.037    173715456    694861824
     5428608           32        8616.185    347430912   1389723648
     5428608           64       18230.419    694861824   2779447296
     5428608          128       34586.488   1389723648   5558894592
     5971392            1         261.377     11942784     47771136
     5971392            2         535.347     23885568     95542272
     5971392            4        1213.720     47771136    191084544
     5971392            8        2293.125     95542272    382169088
     5971392           16        4648.827    191084544    764338176
     5971392           32        9437.044    382169088   1528676352
     5971392           64       18920.320    764338176   3057352704
     5971392          128       37951.238   1528676352   6114705408
     6568512            1         285.533     13137024     52548096
     6568512            2         586.443     26274048    105096192
     6568512            4        1290.603     52548096    210192384
     6568512            8        2625.711    105096192    420384768
     6568512           16        5171.457    210192384    840769536
     6568512           32       10418.260    420384768   1681539072
     6568512           64       20870.518    840769536   3363078144
     6568512          128       41889.275   1681539072   6726156288
     7225344            1         338.755     14450688     57802752
     7225344            2         623.338     28901376    115605504
     7225344            4        1455.835     57802752    231211008
     7225344            8        2803.597    115605504    462422016
     7225344           16        5653.793    231211008    924844032
     7225344           32       11430.505    462422016   1849688064
     7225344           64       22937.473    924844032   3699376128
     7225344          128       47023.993   1849688064   7398752256
     7947840            1         342.097     15895680     63582720
     7947840            2         704.274     31791360    127165440
     7947840            4        1519.394     63582720    254330880
     7947840            8        3093.925    127165440    508661760
     7947840           16        6248.274    254330880   1017323520
     7947840           32       12541.547    508661760   2034647040
     7947840           64       25272.848   1017323520   4069294080
     7947840          128       50749.055   2034647040   8138588160
     8742528            1         402.285     17485056     69940224
     8742528            2         771.925     34970112    139880448
     8742528            4        1663.056     69940224    279760896
     8742528            8        3380.683    139880448    559521792
     8742528           16        6927.128    279760896   1119043584
     8742528           32       13834.016    559521792   2238087168
     8742528           64       27819.639   1119043584   4476174336
     9616704            1         438.678     19233408     76933632
     9616704            2         840.149     38466816    153867264
     9616704            4        1833.102     76933632    307734528
     9616704            8        3706.613    153867264    615469056
     9616704           16        7562.194    307734528   1230938112
     9616704           32       15290.845    615469056   2461876224
     9616704           64       30664.700   1230938112   4923752448
    10578240            1         453.791     21156480     84625920
    10578240            2         934.623     42312960    169251840
    10578240            4        2075.236     84625920    338503680
    10578240            8        5054.575    169251840    677007360
    10578240           16        8320.890    338503680   1354014720
    10578240           32       16731.525    677007360   2708029440
    10578240           64       33652.337   1354014720   5416058880
    11635968            1         525.698     23271936     93087744
    11635968            2        1026.894     46543872    186175488
    11635968            4        2226.966     93087744    372350976
    11635968            8        4529.615    186175488    744701952
    11635968           16        9106.795    372350976   1489403904
    11635968           32       18376.958    744701952   2978807808
    11635968           64       37066.497   1489403904   5957615616
    12799488            1         574.897     25598976    102395904
    12799488            2        1115.111     51197952    204791808
    12799488            4        2472.109    102395904    409583616
    12799488            8        4944.957    204791808    819167232
    12799488           16       10033.603    409583616   1638334464
    12799488           32       20240.708    819167232   3276668928
    12799488           64       40785.027   1638334464   6553337856
    14079360            1         626.411     28158720    112634880
    14079360            2        1229.181     56317440    225269760
    14079360            4        2604.196    112634880    450539520
    14079360            8        5472.795    225269760    901079040
    14079360           16       11053.289    450539520   1802158080
    14079360           32       22354.473    901079040   3604316160
    14079360           64       45845.818   1802158080   7208632320
    15487296            1         689.788     30974592    123898368
    15487296            2        1360.467     61949184    247796736
    15487296            4        2954.540    123898368    495593472
    15487296            8        6057.073    247796736    991186944
    15487296           16       12095.502    495593472   1982373888
    15487296           32       24653.992    991186944   3964747776
    15487296           64       49378.380   1982373888   7929495552
    17035968            1         750.119     34071936    136287744
    17035968            2        1478.916     68143872    272575488
    17035968            4        3134.581    136287744    545150976
    17035968            8        6599.455    272575488   1090301952
    17035968           16       13405.018    545150976   2180603904
    17035968           32       27002.713   1090301952   4361207808
    18739392            1         819.026     37478784    149915136
    18739392            2        1644.407     74957568    299830272
    18739392            4        3531.887    149915136    599660544
    18739392            8        7255.793    299830272   1199321088
    18739392           16       14694.034    599660544   2398642176
    18739392           32       29825.931   1199321088   4797284352
    20613312            1         899.448     41226624    164906496
    20613312            2        1807.110     82453248    329812992
    20613312            4        4154.222    164906496    659625984
    20613312            8        8027.772    329812992   1319251968
    20613312           16       16081.019    659625984   2638503936
    20613312           32       32747.134   1319251968   5277007872
    22674624            1         987.093     45349248    181396992
    22674624            2        1968.914     90698496    362793984
    22674624            4        4244.343    181396992    725587968
    22674624            8        8802.506    362793984   1451175936
    22674624           16       17920.450    725587968   2902351872
    22674624           32       36005.356   1451175936   5804703744
    24941952            1        1080.099     49883904    199535616
    24941952            2        2169.328     99767808    399071232
    24941952            4        4743.478    199535616    798142464
    24941952            8        9684.189    399071232   1596284928
    24941952           16       19716.206    798142464   3192569856
    24941952           32       39653.534   1596284928   6385139712
    27436032            1        1199.644     54872064    219488256
    27436032            2        2396.076    109744128    438976512
    27436032            4        5179.980    219488256    877953024
    27436032            8       10712.468    438976512   1755906048
    27436032           16       21680.649    877953024   3511812096
    27436032           32       43683.531   1755906048   7023624192
    30179520            1        1309.685     60359040    241436160
    30179520            2        2607.329    120718080    482872320
    30179520            4        6782.219    241436160    965744640
    30179520            8       11695.241    482872320   1931489280
    30179520           16       23819.977    965744640   3862978560
    30179520           32       47963.342   1931489280   7725957120
    33197376            1        1462.157     66394752    265579008
    33197376            2        2893.780    132789504    531158016
    33197376            4        6291.974    265579008   1062316032
    33197376            8       12898.159    531158016   2124632064
    33197376           16       26223.163   1062316032   4249264128
    33197376           32       52889.996   2124632064   8498528256
    36517056            1        1595.463     73034112    292136448
    36517056            2        3147.210    146068224    584272896
    36517056            4        6846.034    292136448   1168545792
    36517056            8       14200.405    584272896   2337091584
    36517056           16       28810.658   1168545792   4674183168
    40168704            1        1729.350     80337408    321349632
    40168704            2        3477.109    160674816    642699264
    40168704            4        7462.718    321349632   1285398528
    40168704            8       15600.536    642699264   2570797056
    40168704           16       31749.091   1285398528   5141594112
    44185536            1        1940.965     88371072    353484288
    44185536            2        3863.680    176742144    706968576
    44185536            4        8254.304    353484288   1413937152
    44185536            8       17167.799    706968576   2827874304
    44185536           16       34787.407   1413937152   5655748608
    48604032            1        2137.810     97208064    388832256
    48604032            2        4221.374    194416128    777664512
    48604032            4        9124.726    388832256   1555329024
    48604032            8       18857.957    777664512   3110658048
    48604032           16       38283.875   1555329024   6221316096
    53464320            1        2325.066    106928640    427714560
    53464320            2        4643.561    213857280    855429120
    53464320            4        9978.122    427714560   1710858240
    53464320            8       20740.637    855429120   3421716480
    53464320           16       42074.657   1710858240   6843432960
    58810752            1        2547.784    117621504    470486016
    58810752            2        5121.403    235243008    940972032
    58810752            4       11016.614    470486016   1881944064
    58810752            8       22765.547    940972032   3763888128
    58810752           16       46261.013   1881944064   7527776256
    64691712            1        2797.663    129383424    517533696
    64691712            2        5614.024    258766848   1035067392
    64691712            4       12098.876    517533696   2070134784
    64691712            8       24986.638   1035067392   4140269568
    64691712           16       50865.903   2070134784   8280539136
    71160768            1        3085.892    142321536    569286144
    71160768            2        6140.040    284643072   1138572288
    71160768            4       13269.438    569286144   2277144576
    71160768            8       27538.659   1138572288   4554289152
    78276672            1        3398.989    156553344    626213376
    78276672            2        6794.689    313106688   1252426752
    78276672            4       14645.990    626213376   2504853504
    78276672            8       30276.881   1252426752   5009707008
    86104320            1        3737.616    172208640    688834560
    86104320            2        7450.361    344417280   1377669120
    86104320            4       16151.000    688834560   2755338240
    86104320            8       33346.501   1377669120   5510676480
    94714752            1        4119.830    189429504    757718016
    94714752            2        8237.418    378859008   1515436032
    94714752            4       17786.719    757718016   3030872064
    94714752            8       36645.445   1515436032   6061744128
   104186112            1        4540.839    208372224    833488896
   104186112            2        9045.145    416744448   1666977792
   104186112            4       19544.684    833488896   3333955584
   104186112            8       40298.946   1666977792   6667911168
   114604608            1        4989.110    229209216    916836864
   114604608            2        9943.799    458418432   1833673728
   114604608            4       21540.594    916836864   3667347456
   114604608            8       44407.537   1833673728   7334694912
   126064896            1        5490.755    252129792   1008519168
   126064896            2       10954.725    504259584   2017038336
   126064896            4       23677.472   1008519168   4034076672
   126064896            8       48835.148   2017038336   8068153344
   138671232            1        6005.169    277342464   1109369856
   138671232            2       12049.234    554684928   2218739712
   138671232            4       26015.332   1109369856   4437479424
   152538240            1        6630.874    305076480   1220305920
   152538240            2       13264.285    610152960   2440611840
   152538240            4       28619.066   1220305920   4881223680
   167792064            1        7312.084    335584128   1342336512
   167792064            2       14568.136    671168256   2684673024
   167792064            4       31413.439   1342336512   5369346048
   184571136            1        8019.088    369142272   1476569088
   184571136            2       16056.225    738284544   2953138176
   184571136            4       34577.307   1476569088   5906276352
   203028096            1        8795.302    406056192   1624224768
   203028096            2       17646.071    812112384   3248449536
   203028096            4       38077.750   1624224768   6496899072
   223330752            1        9716.283    446661504   1786646016
   223330752            2       19437.663    893323008   3573292032
   223330752            4       41806.456   1786646016   7146584064
   245663808            1       10694.484    491327616   1965310464
   245663808            2       21399.127    982655232   3930620928
   245663808            4       46089.579   1965310464   7861241856
   270230016            1       11730.845    540460032   2161840128
   270230016            2       23462.433   1080920064   4323680256
   297252864            1       12946.600    594505728   2378022912
   297252864            2       25869.217   1189011456   4756045824
   326978112            1       14189.415    653956224   2615824896
   326978112            2       28366.036   1307912448   5231649792
   359675904            1       15612.360    719351808   2877407232
   359675904            2       31129.386   1438703616   5754814464
   395643456            1       17151.861    791286912   3165147648
   395643456            2       34383.237   1582573824   6330295296
   435207744            1       18880.052    870415488   3481661952
   435207744            2       37825.065   1740830976   6963323904
   478728384            1       20769.512    957456768   3829827072
   478728384            2       41585.572   1914913536   7659654144
   526601088            1       22880.711   1053202176   4212808704
   526601088            2       45795.669   2106404352   8425617408
   579261120            1       25193.509   1158522240   4634088960
   637187136            1       27686.596   1274374272   5097497088
   700905792            1       30406.130   1401811584   5607246336
   770996352            1       33543.206   1541992704   6167970816
   848095872            1       36854.001   1696191744   6784766976
   932905344            1       40562.419   1865810688   7463242752
  1026195840            1       44554.485   2052391680   8209566720

META_DATA
FLOPS          64
MPI_PROCS      1
OPENMP_THREADS 24
ERT_VERSION  1.1.0
HOSTNAME  ('deepv.deep', [], ['10.2.8.6'])
UNAME  uname_result(system='Linux', node='deepv', release='4.18.0-513.11.1.el8_9.0.1.x86_64', version='#1 SMP Sun Feb 11 10:42:18 UTC 2024', machine='x86_64')
TIMESTAMP_DATA  1710501955.5389357
CONFIG  {'ERT_RESULTS': ['Results.cn.deep.fz-juelich.de.01.gcc2023-O3'], 'ERT_DRIVER': ['driver1'], 'ERT_KERNEL': ['kernel1'], 'ERT_MPI': ['True'], 'ERT_MPI_CFLAGS': ['-I', '/p/software/deep/stages/2023/software/psmpi/5.9.2-1-GCC-11.3.0/include'], 'ERT_MPI_LDFLAGS': ['-L', '/p/software/deep/stages/2023/software/psmpi/5.9.2-1-GCC-11.3.0/lib', '-lmpi'], 'ERT_OPENMP': ['True'], 'ERT_OPENMP_CFLAGS': ['-fopenmp'], 'ERT_OPENMP_LDFLAGS': ['-fopenmp'], 'ERT_FLOPS': ['1,2,4,8,16,64,128'], 'ERT_ALIGN': ['64'], 'ERT_CC': ['mpicxx'], 'ERT_CFLAGS': ['-g', '-O3', '-mavx'], 'ERT_LD': ['mpicxx'], 'ERT_LDFLAGS': [], 'ERT_LDLIBS': [], 'ERT_PRECISION': ['FP64'], 'ERT_RUN': ['export', 'OMP_NUM_THREADS=ERT_OPENMP_THREADS;', 'export', 'OMP_PLACES="cores(ERT_OPENMP_THREADS)";', 'srun', '-p', 'dp-cn', '-n', 'ERT_MPI_PROCS', '-c', '48', '--ntasks-per-node', '1', 'ERT_CODE'], 'ERT_PROCS_THREADS': ['24'], 'ERT_MPI_PROCS': ['1'], 'ERT_OPENMP_THREADS': ['24'], 'ERT_NUM_EXPERIMENTS': ['5'], 'ERT_MEMORY_MAX': ['1073741824'], 'ERT_WORKING_SET_MIN': ['128'], 'ERT_TRIALS_MIN': ['1'], 'ERT_GNUPLOT': ['gnuplot'], 'ERT_GPU': [False], 'ERT_HIP': [False], 'ERT_OCL': [False], 'ERT_SYCL': [False], 'ERT_WSS_MULT': [1.1]}
