fp64
       24576            1           3.525        49152       196608
       24576            2           6.242        98304       393216
       24576            4          20.196       196608       786432
       24576            8          13.108       393216      1572864
       24576           16          23.522       786432      3145728
       24576           32          49.420      1572864      6291456
       24576           64         101.577      3145728     12582912
       24576          128         227.172      6291456     25165824
       24576          256         380.595     12582912     50331648
       24576          512         738.404     25165824    100663296
       24576         1024        1370.562     50331648    201326592
       24576         2048        2596.497    100663296    402653184
       24576         4096        5738.919    201326592    805306368
       24576         8192       10029.510    402653184   1610612736
       24576        16384       20035.090    805306368   3221225472
       24576        32768       40083.517   1610612736   6442450944
       26880            1           3.585        53760       215040
       26880            2           4.549       107520       430080
       26880            4          22.294       215040       860160
       26880            8          16.557       430080      1720320
       26880           16          34.469       860160      3440640
       26880           32          54.930      1720320      6881280
       26880           64         103.636      3440640     13762560
       26880          128         221.611      6881280     27525120
       26880          256         415.173     13762560     55050240
       26880          512         813.323     27525120    110100480
       26880         1024        1472.252     55050240    220200960
       26880         2048        2745.819    110100480    440401920
       26880         4096        5468.075    220200960    880803840
       26880         8192       10974.074    440401920   1761607680
       26880        16384       21968.498    880803840   3523215360
       26880        32768       43746.844   1761607680   7046430720
       29568            1           4.513        59136       236544
       29568            2          23.118       118272       473088
       29568            4          10.538       236544       946176
       29568            8          19.519       473088      1892352
       29568           16          34.461       946176      3784704
       29568           32          72.874      1892352      7569408
       29568           64         116.689      3784704     15138816
       29568          128         226.720      7569408     30277632
       29568          256         458.941     15138816     60555264
       29568          512         772.854     30277632    121110528
       29568         1024        1627.596     60555264    242221056
       29568         2048        3060.879    121110528    484442112
       29568         4096        6224.929    242221056    968884224
       29568         8192       12246.008    484442112   1937768448
       29568        16384       24448.472    968884224   3875536896
       29568        32768       49007.984   1937768448   7751073792
       32448            1           7.305        64896       259584
       32448            2           5.216       129792       519168
       32448            4          10.986       259584      1038336
       32448            8          28.170       519168      2076672
       32448           16          36.148      1038336      4153344
       32448           32          87.400      2076672      8306688
       32448           64         127.598      4153344     16613376
       32448          128         250.283      8306688     33226752
       32448          256         449.695     16613376     66453504
       32448          512         962.523     33226752    132907008
       32448         1024        1812.964     66453504    265814016
       32448         2048        3391.040    132907008    531628032
       32448         4096        6752.061    265814016   1063256064
       32448         8192       13515.283    531628032   2126512128
       32448        16384       27031.228   1063256064   4253024256
       32448        32768       54037.078   2126512128   8506048512
       35520            1           5.323        71040       284160
       35520            2          22.890       142080       568320
       35520            4           9.555       284160      1136640
       35520            8          25.047       568320      2273280
       35520           16          41.812      1136640      4546560
       35520           32          73.964      2273280      9093120
       35520           64         156.416      4546560     18186240
       35520          128         284.246      9093120     36372480
       35520          256         543.013     18186240     72744960
       35520          512        1024.301     36372480    145489920
       35520         1024        1926.107     72744960    290979840
       35520         2048        3751.868    145489920    581959680
       35520         4096        7396.603    290979840   1163919360
       35520         8192       14854.198    581959680   2327838720
       35520        16384       29539.393   1163919360   4655677440
       38976            1           4.947        77952       311808
       38976            2          14.523       155904       623616
       38976            4          20.152       311808      1247232
       38976            8          28.557       623616      2494464
       38976           16          42.228      1247232      4988928
       38976           32          78.167      2494464      9977856
       38976           64         170.801      4988928     19955712
       38976          128         314.844      9977856     39911424
       38976          256         560.078     19955712     79822848
       38976          512        1127.617     39911424    159645696
       38976         1024        2044.607     79822848    319291392
       38976         2048        4081.253    159645696    638582784
       38976         4096        8258.042    319291392   1277165568
       38976         8192       16335.701    638582784   2554331136
       38976        16384       32663.533   1277165568   5108662272
       42816            1           3.588        85632       342528
       42816            2           5.405       171264       685056
       42816            4          20.421       342528      1370112
       42816            8          23.169       685056      2740224
       42816           16          50.104      1370112      5480448
       42816           32          84.386      2740224     10960896
       42816           64         166.168      5480448     21921792
       42816          128         341.230     10960896     43843584
       42816          256         679.115     21921792     87687168
       42816          512        1215.654     43843584    175374336
       42816         1024        2364.431     87687168    350748672
       42816         2048        4473.848    175374336    701497344
       42816         4096        8952.963    350748672   1402994688
       42816         8192       17932.202    701497344   2805989376
       42816        16384       35792.869   1402994688   5611978752
       47040            1           5.193        94080       376320
       47040            2          17.445       188160       752640
       47040            4          20.392       376320      1505280
       47040            8          24.829       752640      3010560
       47040           16          57.794      1505280      6021120
       47040           32          94.606      3010560     12042240
       47040           64         211.501      6021120     24084480
       47040          128         365.010     12042240     48168960
       47040          256         736.584     24084480     96337920
       47040          512        1316.380     48168960    192675840
       47040         1024        2473.367     96337920    385351680
       47040         2048        4878.400    192675840    770703360
       47040         4096       10037.606    385351680   1541406720
       47040         8192       23752.130    770703360   3082813440
       47040        16384       38966.947   1541406720   6165626880
       51648            1           7.042       103296       413184
       51648            2          15.640       206592       826368
       51648            4          20.766       413184      1652736
       51648            8          59.204       826368      3305472
       51648           16          55.661      1652736      6610944
       51648           32         104.240      3305472     13221888
       51648           64         196.903      6610944     26443776
       51648          128         387.942     13221888     52887552
       51648          256         791.588     26443776    105775104
       51648          512        1403.154     52887552    211550208
       51648         1024        2676.082    105775104    423100416
       51648         2048        5351.608    211550208    846200832
       51648         4096       10659.994    423100416   1692401664
       51648         8192       21342.986    846200832   3384803328
       51648        16384       42678.770   1692401664   6769606656
       56640            1           4.385       113280       453120
       56640            2          14.643       226560       906240
       56640            4          23.969       453120      1812480
       56640            8          29.562       906240      3624960
       56640           16          57.819      1812480      7249920
       56640           32         111.773      3624960     14499840
       56640           64         217.398      7249920     28999680
       56640          128         419.128     14499840     57999360
       56640          256         850.928     28999680    115998720
       56640          512        1587.523     57999360    231997440
       56640         1024        2946.832    115998720    463994880
       56640         2048        5887.844    231997440    927989760
       56640         4096       13158.569    463994880   1855979520
       56640         8192       23542.523    927989760   3711959040
       56640        16384       47160.906   1855979520   7423918080
       62208            1           5.441       124416       497664
       62208            2          16.592       248832       995328
       62208            4          25.553       497664      1990656
       62208            8          33.805       995328      3981312
       62208           16          70.689      1990656      7962624
       62208           32         119.390      3981312     15925248
       62208           64         235.780      7962624     31850496
       62208          128         483.765     15925248     63700992
       62208          256         909.875     31850496    127401984
       62208          512        1702.998     63700992    254803968
       62208         1024        3278.115    127401984    509607936
       62208         2048        6325.774    254803968   1019215872
       62208         4096       12754.486    509607936   2038431744
       62208         8192       25340.855   1019215872   4076863488
       62208        16384       50609.092   2038431744   8153726976
       68352            1           5.288       136704       546816
       68352            2          17.296       273408      1093632
       68352            4          24.915       546816      2187264
       68352            8          36.803      1093632      4374528
       68352           16          74.994      2187264      8749056
       68352           32         149.217      4374528     17498112
       68352           64         264.864      8749056     34996224
       68352          128         511.583     17498112     69992448
       68352          256         974.414     34996224    139984896
       68352          512        1833.332     69992448    279969792
       68352         1024        3604.493    139984896    559939584
       68352         2048        7030.841    279969792   1119879168
       68352         4096       13989.075    559939584   2239758336
       68352         8192       28832.201   1119879168   4479516672
       75072            1           4.041       150144       600576
       75072            2          16.305       300288      1201152
       75072            4          29.767       600576      2402304
       75072            8          48.250      1201152      4804608
       75072           16          80.010      2402304      9609216
       75072           32         145.631      4804608     19218432
       75072           64         303.721      9609216     38436864
       75072          128         570.680     19218432     76873728
       75072          256        1094.273     38436864    153747456
       75072          512        2067.784     76873728    307494912
       75072         1024        3922.232    153747456    614989824
       75072         2048        7853.891    307494912   1229979648
       75072         4096       15684.405    614989824   2459959296
       75072         8192       31366.545   1229979648   4919918592
       82560            1           7.322       165120       660480
       82560            2          17.658       330240      1320960
       82560            4          17.282       660480      2641920
       82560            8          57.881      1320960      5283840
       82560           16          80.443      2641920     10567680
       82560           32         157.486      5283840     21135360
       82560           64         324.408     10567680     42270720
       82560          128         627.192     21135360     84541440
       82560          256        1066.033     42270720    169082880
       82560          512        2129.842     84541440    338165760
       82560         1024        4328.540    169082880    676331520
       82560         2048        8529.080    338165760   1352663040
       82560         4096       17052.474    676331520   2705326080
       82560         8192       34117.742   1352663040   5410652160
       90816            1           6.038       181632       726528
       90816            2          19.092       363264      1453056
       90816            4          36.725       726528      2906112
       90816            8          48.783      1453056      5812224
       90816           16         107.633      2906112     11624448
       90816           32         173.357      5812224     23248896
       90816           64         359.687     11624448     46497792
       90816          128         700.441     23248896     92995584
       90816          256        1292.599     46497792    185991168
       90816          512        2355.135     92995584    371982336
       90816         1024        4715.291    185991168    743964672
       90816         2048        9526.103    371982336   1487929344
       90816         4096       18862.212    743964672   2975858688
       90816         8192       38708.513   1487929344   5951717376
       99840            1           6.960       199680       798720
       99840            2          18.314       399360      1597440
       99840            4          35.086       798720      3194880
       99840            8          53.544      1597440      6389760
       99840           16          96.134      3194880     12779520
       99840           32         186.499      6389760     25559040
       99840           64         378.015     12779520     51118080
       99840          128         753.578     25559040    102236160
       99840          256        1394.872     51118080    204472320
       99840          512        2637.061    102236160    408944640
       99840         1024        5187.910    204472320    817889280
       99840         2048       10161.093    408944640   1635778560
       99840         4096       20388.317    817889280   3271557120
       99840         8192       40703.657   1635778560   6543114240
      109824            1           6.598       219648       878592
      109824            2          38.475       439296      1757184
      109824            4          30.000       878592      3514368
      109824            8          59.857      1757184      7028736
      109824           16         105.255      3514368     14057472
      109824           32         204.499      7028736     28114944
      109824           64         436.952     14057472     56229888
      109824          128         820.750     28114944    112459776
      109824          256        1505.025     56229888    224919552
      109824          512        2797.104    112459776    449839104
      109824         1024        5586.474    224919552    899678208
      109824         2048       11258.277    449839104   1799356416
      109824         4096       22327.818    899678208   3598712832
      109824         8192       44728.148   1799356416   7197425664
      120768            1           6.289       241536       966144
      120768            2          19.267       483072      1932288
      120768            4          30.369       966144      3864576
      120768            8          61.654      1932288      7729152
      120768           16         114.259      3864576     15458304
      120768           32         228.451      7729152     30916608
      120768           64         449.812     15458304     61833216
      120768          128         776.953     30916608    123666432
      120768          256        1571.335     61833216    247332864
      120768          512        3124.643    123666432    494665728
      120768         1024        6249.878    247332864    989331456
      120768         2048       12506.969    494665728   1978662912
      120768         4096       25009.270    989331456   3957325824
      120768         8192       50018.127   1978662912   7914651648
      132672            1           6.646       265344      1061376
      132672            2          40.991       530688      2122752
      132672            4          31.231      1061376      4245504
      132672            8          69.614      2122752      8491008
      132672           16         142.207      4245504     16982016
      132672           32         260.500      8491008     33964032
      132672           64         508.262     16982016     67928064
      132672          128         961.871     33964032    135856128
      132672          256        1826.074     67928064    271712256
      132672          512        3450.077    135856128    543424512
      132672         1024        6878.749    271712256   1086849024
      132672         2048       13783.531    543424512   2173698048
      132672         4096       27563.293   1086849024   4347396096
      145920            1           7.513       291840      1167360
      145920            2          22.999       583680      2334720
      145920            4          36.348      1167360      4669440
      145920            8          75.187      2334720      9338880
      145920           16         135.481      4669440     18677760
      145920           32         296.098      9338880     37355520
      145920           64         546.672     18677760     74711040
      145920          128        1035.465     37355520    149422080
      145920          256        1940.885     74711040    298844160
      145920          512        3803.633    149422080    597688320
      145920         1024        7532.684    298844160   1195376640
      145920         2048       14939.351    597688320   2390753280
      145920         4096       31158.577   1195376640   4781506560
      160512            1           8.280       321024      1284096
      160512            2          28.859       642048      2568192
      160512            4          46.422      1284096      5136384
      160512            8          78.487      2568192     10272768
      160512           16         149.205      5136384     20545536
      160512           32         312.866     10272768     41091072
      160512           64         594.606     20545536     82182144
      160512          128        1118.905     41091072    164364288
      160512          256        2127.637     82182144    328728576
      160512          512        4159.848    164364288    657457152
      160512         1024        8252.348    328728576   1314914304
      160512         2048       16334.988    657457152   2629828608
      160512         4096       32728.839   1314914304   5259657216
      176448            1          12.594       352896      1411584
      176448            2          18.616       705792      2823168
      176448            4          44.711      1411584      5646336
      176448            8          85.820      2823168     11292672
      176448           16         182.497      5646336     22585344
      176448           32         350.165     11292672     45170688
      176448           64         700.117     22585344     90341376
      176448          128        1142.445     45170688    180682752
      176448          256        2283.361     90341376    361365504
      176448          512        4576.567    180682752    722731008
      176448         1024        9252.366    361365504   1445462016
      176448         2048       18292.401    722731008   2890924032
      176448         4096       36582.345   1445462016   5781848064
      193920            1          10.455       387840      1551360
      193920            2          36.824       775680      3102720
      193920            4          47.783      1551360      6205440
      193920            8          93.533      3102720     12410880
      193920           16         197.574      6205440     24821760
      193920           32         375.540     12410880     49643520
      193920           64         730.942     24821760     99287040
      193920          128        1352.204     49643520    198574080
      193920          256        2501.563     99287040    397148160
      193920          512        5086.739    198574080    794296320
      193920         1024       10084.377    397148160   1588592640
      193920         2048       20954.024    794296320   3177185280
      193920         4096       39898.635   1588592640   6354370560
      213312            1           9.027       426624      1706496
      213312            2          19.397       853248      3412992
      213312            4          57.045      1706496      6825984
      213312            8          98.799      3412992     13651968
      213312           16         198.666      6825984     27303936
      213312           32         414.388     13651968     54607872
      213312           64         798.960     27303936    109215744
      213312          128        1455.417     54607872    218431488
      213312          256        2759.839    109215744    436862976
      213312          512        5519.661    218431488    873725952
      213312         1024       11044.622    436862976   1747451904
      213312         2048       22083.957    873725952   3494903808
      213312         4096       44225.046   1747451904   6989807616
      234624            1          13.064       469248      1876992
      234624            2          30.868       938496      3753984
      234624            4          58.296      1876992      7507968
      234624            8         109.987      3753984     15015936
      234624           16         217.400      7507968     30031872
      234624           32         457.043     15015936     60063744
      234624           64         861.987     30031872    120127488
      234624          128        1606.638     60063744    240254976
      234624          256        3014.822    120127488    480509952
      234624          512        6137.206    240254976    961019904
      234624         1024       12069.668    480509952   1922039808
      234624         2048       24210.348    961019904   3844079616
      234624         4096       48274.990   1922039808   7688159232
      258048            1          13.062       516096      2064384
      258048            2          51.075      1032192      4128768
      258048            4          61.079      2064384      8257536
      258048            8         119.836      4128768     16515072
      258048           16         242.377      8257536     33030144
      258048           32         471.277     16515072     66060288
      258048           64         928.236     33030144    132120576
      258048          128        1744.005     66060288    264241152
      258048          256        3378.593    132120576    528482304
      258048          512        6546.807    264241152   1056964608
      258048         1024       13107.171    528482304   2113929216
      258048         2048       26295.060   1056964608   4227858432
      258048         4096       52506.744   2113929216   8455716864
      283776            1          13.738       567552      2270208
      283776            2          45.044      1135104      4540416
      283776            4          61.536      2270208      9080832
      283776            8         144.625      4540416     18161664
      283776           16         271.453      9080832     36323328
      283776           32         523.229     18161664     72646656
      283776           64        1022.951     36323328    145293312
      283776          128        1924.951     72646656    290586624
      283776          256        3673.720    145293312    581173248
      283776          512        7361.780    290586624   1162346496
      283776         1024       14587.286    581173248   2324692992
      283776         2048       29257.215   1162346496   4649385984
      312000            1          12.641       624000      2496000
      312000            2          46.310      1248000      4992000
      312000            4          87.752      2496000      9984000
      312000            8         139.111      4992000     19968000
      312000           16         289.340      9984000     39936000
      312000           32         537.289     19968000     79872000
      312000           64        1090.444     39936000    159744000
      312000          128        2006.530     79872000    319488000
      312000          256        4110.779    159744000    638976000
      312000          512        8149.399    319488000   1277952000
      312000         1024       16153.853    638976000   2555904000
      312000         2048       32536.785   1277952000   5111808000
      343104            1          16.537       686208      2744832
      343104            2          51.235      1372416      5489664
      343104            4          78.118      2744832     10979328
      343104            8         171.451      5489664     21958656
      343104           16         326.730     10979328     43917312
      343104           32         600.060     21958656     87834624
      343104           64        1204.697     43917312    175669248
      343104          128        2296.181     87834624    351338496
      343104          256        4534.123    175669248    702676992
      343104          512        8953.370    351338496   1405353984
      343104         1024       17734.785    702676992   2810707968
      343104         2048       35463.251   1405353984   5621415936
      377280            1          17.117       754560      3018240
      377280            2          51.828      1509120      6036480
      377280            4          80.844      3018240     12072960
      377280            8         195.093      6036480     24145920
      377280           16         357.707     12072960     48291840
      377280           32         716.489     24145920     96583680
      377280           64        1301.301     48291840    193167360
      377280          128        2418.173     96583680    386334720
      377280          256        4963.361    193167360    772669440
      377280          512        9710.679    386334720   1545338880
      377280         1024       19419.983    772669440   3090677760
      377280         2048       38866.745   1545338880   6181355520
      414912            1          17.561       829824      3319296
      414912            2          45.194      1659648      6638592
      414912            4          92.064      3319296     13277184
      414912            8         185.243      6638592     26554368
      414912           16         392.698     13277184     53108736
      414912           32         786.022     26554368    106217472
      414912           64        1411.091     53108736    212434944
      414912          128        2655.675    106217472    424869888
      414912          256        5347.731    212434944    849739776
      414912          512       10673.333    424869888   1699479552
      414912         1024       21456.485    849739776   3398959104
      414912         2048       42718.598   1699479552   6797918208
      456384            1          28.806       912768      3651072
      456384            2          45.893      1825536      7302144
      456384            4         102.704      3651072     14604288
      456384            8         201.913      7302144     29208576
      456384           16         438.093     14604288     58417152
      456384           32         858.242     29208576    116834304
      456384           64        1548.108     58417152    233668608
      456384          128        2925.804    116834304    467337216
      456384          256        5908.257    233668608    934674432
      456384          512       11748.146    467337216   1869348864
      456384         1024       23480.176    934674432   3738697728
      456384         2048       46985.493   1869348864   7477395456
      501888            1          30.937      1003776      4015104
      501888            2          72.302      2007552      8030208
      501888            4         106.908      4015104     16060416
      501888            8         222.625      8030208     32120832
      501888           16         452.359     16060416     64241664
      501888           32         914.457     32120832    128483328
      501888           64        1712.044     64241664    256966656
      501888          128        3305.302    128483328    513933312
      501888          256        6439.321    256966656   1027866624
      501888          512       12894.270    513933312   2055733248
      501888         1024       25763.792   1027866624   4111466496
      501888         2048       51549.053   2055733248   8222932992
      552000            1          37.672      1104000      4416000
      552000            2          54.102      2208000      8832000
      552000            4         139.058      4416000     17664000
      552000            8         246.253      8832000     35328000
      552000           16         511.634     17664000     70656000
      552000           32         987.862     35328000    141312000
      552000           64        1867.947     70656000    282624000
      552000          128        3597.377    141312000    565248000
      552000          256        7178.354    282624000   1130496000
      552000          512       14228.951    565248000   2260992000
      552000         1024       28489.835   1130496000   4521984000
      607104            1          33.497      1214208      4856832
      607104            2          67.115      2428416      9713664
      607104            4         127.179      4856832     19427328
      607104            8         268.580      9713664     38854656
      607104           16         556.733     19427328     77709312
      607104           32        1084.138     38854656    155418624
      607104           64        2006.602     77709312    310837248
      607104          128        3885.573    155418624    621674496
      607104          256        7780.712    310837248   1243348992
      607104          512       15569.408    621674496   2486697984
      607104         1024       32211.055   1243348992   4973395968
      667776            1          36.302      1335552      5342208
      667776            2          62.965      2671104     10684416
      667776            4         140.037      5342208     21368832
      667776            8         310.699     10684416     42737664
      667776           16         616.023     21368832     85475328
      667776           32        1160.217     42737664    170950656
      667776           64        2243.639     85475328    341901312
      667776          128        4374.220    170950656    683802624
      667776          256        8554.217    341901312   1367605248
      667776          512       17230.288    683802624   2735210496
      667776         1024       34259.520   1367605248   5470420992
      734400            1          38.709      1468800      5875200
      734400            2          69.821      2937600     11750400
      734400            4         174.872      5875200     23500800
      734400            8         331.249     11750400     47001600
      734400           16         701.363     23500800     94003200
      734400           32        1267.261     47001600    188006400
      734400           64        2393.911     94003200    376012800
      734400          128        4764.789    188006400    752025600
      734400          256        9410.824    376012800   1504051200
      734400          512       18848.653    752025600   3008102400
      734400         1024       37772.737   1504051200   6016204800
      807744            1          41.120      1615488      6461952
      807744            2          96.492      3230976     12923904
      807744            4         169.767      6461952     25847808
      807744            8         364.023     12923904     51695616
      807744           16         764.584     25847808    103391232
      807744           32        1391.857     51695616    206782464
      807744           64        2688.595    103391232    413564928
      807744          128        5264.762    206782464    827129856
      807744          256       10470.523    413564928   1654259712
      807744          512       20918.617    827129856   3308519424
      807744         1024       41706.479   1654259712   6617038848
      888384            1          49.631      1776768      7107072
      888384            2          84.307      3553536     14214144
      888384            4         185.660      7107072     28428288
      888384            8         411.922     14214144     56856576
      888384           16         815.286     28428288    113713152
      888384           32        2569.555     56856576    227426304
      888384           64        2851.508    113713152    454852608
      888384          128        5755.893    227426304    909705216
      888384          256       11434.145    454852608   1819410432
      888384          512       22881.732    909705216   3638820864
      888384         1024       45817.638   1819410432   7277641728
      977088            1          52.060      1954176      7816704
      977088            2          95.185      3908352     15633408
      977088            4         202.485      7816704     31266816
      977088            8         451.364     15633408     62533632
      977088           16         877.450     31266816    125067264
      977088           32        1626.825     62533632    250134528
      977088           64        3105.841    125067264    500269056
      977088          128        6251.550    250134528   1000538112
      977088          256       12604.913    500269056   2001076224
      977088          512       25054.399   1000538112   4002152448
      977088         1024       50118.968   2001076224   8004304896
     1074624            1          64.749      2149248      8596992
     1074624            2          97.869      4298496     17193984
     1074624            4         222.079      8596992     34387968
     1074624            8         470.771     17193984     68775936
     1074624           16         951.836     34387968    137551872
     1074624           32        1798.542     68775936    275103744
     1074624           64        3468.378    137551872    550207488
     1074624          128        6862.476    275103744   1100414976
     1074624          256       13859.444    550207488   2200829952
     1074624          512       27590.761   1100414976   4401659904
     1181952            1          67.065      2363904      9455616
     1181952            2         113.779      4727808     18911232
     1181952            4         263.112      9455616     37822464
     1181952            8         532.000     18911232     75644928
     1181952           16        1029.914     37822464    151289856
     1181952           32        1958.239     75644928    302579712
     1181952           64        3833.286    151289856    605159424
     1181952          128        7497.333    302579712   1210318848
     1181952          256       16048.731    605159424   2420637696
     1181952          512       30016.551   1210318848   4841275392
     1300032            1          64.692      2600064     10400256
     1300032            2         116.538      5200128     20800512
     1300032            4         266.767     10400256     41601024
     1300032            8         596.164     20800512     83202048
     1300032           16        1103.906     41601024    166404096
     1300032           32        2155.556     83202048    332808192
     1300032           64        4153.311    166404096    665616384
     1300032          128        8447.977    332808192   1331232768
     1300032          256       16802.970    665616384   2662465536
     1300032          512       33481.651   1331232768   5324931072
     1430016            1         102.060      2860032     11440128
     1430016            2         129.021      5720064     22880256
     1430016            4         293.739     11440128     45760512
     1430016            8         623.907     22880256     91521024
     1430016           16        1208.540     45760512    183042048
     1430016           32        2316.300     91521024    366084096
     1430016           64        4649.399    183042048    732168192
     1430016          128        9196.715    366084096   1464336384
     1430016          256       18261.132    732168192   2928672768
     1430016          512       36596.279   1464336384   5857345536
     1572864            1          79.918      3145728     12582912
     1572864            2         139.353      6291456     25165824
     1572864            4         341.125     12582912     50331648
     1572864            8         657.261     25165824    100663296
     1572864           16        1328.243     50331648    201326592
     1572864           32        2540.827    100663296    402653184
     1572864           64        5024.876    201326592    805306368
     1572864          128       10050.705    402653184   1610612736
     1572864          256       20051.908    805306368   3221225472
     1572864          512       40448.335   1610612736   6442450944
     1730112            1          90.051      3460224     13840896
     1730112            2         155.219      6920448     27681792
     1730112            4         378.211     13840896     55363584
     1730112            8         711.314     27681792    110727168
     1730112           16        1460.808     55363584    221454336
     1730112           32        2741.873    110727168    442908672
     1730112           64        5595.089    221454336    885817344
     1730112          128       11186.802    442908672   1771634688
     1730112          256       22310.049    885817344   3543269376
     1730112          512       44564.214   1771634688   7086538752
     1903104            1          95.957      3806208     15224832
     1903104            2         168.147      7612416     30449664
     1903104            4         390.402     15224832     60899328
     1903104            8         840.647     30449664    121798656
     1903104           16        1577.269     60899328    243597312
     1903104           32        3059.620    121798656    487194624
     1903104           64        6034.868    243597312    974389248
     1903104          128       12113.572    487194624   1948778496
     1903104          256       24268.825    974389248   3897556992
     1903104          512       48510.852   1948778496   7795113984
     2093376            1          99.660      4186752     16747008
     2093376            2         182.921      8373504     33494016
     2093376            4         446.120     16747008     66988032
     2093376            8         910.904     33494016    133976064
     2093376           16        1716.876     66988032    267952128
     2093376           32        3423.845    133976064    535904256
     2093376           64        6760.784    267952128   1071808512
     2093376          128       13493.338    535904256   2143617024
     2093376          256       26910.784   1071808512   4287234048
     2093376          512       53817.705   2143617024   8574468096
     2302656            1         110.590      4605312     18421248
     2302656            2         205.632      9210624     36842496
     2302656            4        1605.125     18421248     73684992
     2302656            8         870.561     36842496    147369984
     2302656           16        1822.381     73684992    294739968
     2302656           32        3729.125    147369984    589479936
     2302656           64        7388.756    294739968   1178959872
     2302656          128       14698.284    589479936   2357919744
     2302656          256       29343.508   1178959872   4715839488
     2532864            1         121.519      5065728     20262912
     2532864            2         223.430     10131456     40525824
     2532864            4         549.846     20262912     81051648
     2532864            8        1087.110     40525824    162103296
     2532864           16        2032.776     81051648    324206592
     2532864           32        4056.931    162103296    648413184
     2532864           64        8095.755    324206592   1296826368
     2532864          128       16062.735    648413184   2593652736
     2532864          256       32255.920   1296826368   5187305472
     2786112            1         138.445      5572224     22288896
     2786112            2         250.880     11144448     44577792
     2786112            4         592.159     22288896     89155584
     2786112            8        1155.950     44577792    178311168
     2786112           16        2187.762     89155584    356622336
     2786112           32        4474.674    178311168    713244672
     2786112           64        8964.985    356622336   1426489344
     2786112          128       17856.296    713244672   2852978688
     2786112          256       35710.592   1426489344   5705957376
     3064704            1         161.096      6129408     24517632
     3064704            2         266.849     12258816     49035264
     3064704            4         647.188     24517632     98070528
     3064704            8        1282.423     49035264    196141056
     3064704           16        2458.963     98070528    392282112
     3064704           32        4921.918    196141056    784564224
     3064704           64        9810.107    392282112   1569128448
     3064704          128       19586.465    784564224   3138256896
     3064704          256       39191.941   1569128448   6276513792
     3371136            1         152.570      6742272     26969088
     3371136            2         294.246     13484544     53938176
     3371136            4         724.702     26969088    107876352
     3371136            8        1417.267     53938176    215752704
     3371136           16        2687.938    107876352    431505408
     3371136           32        5431.065    215752704    863010816
     3371136           64       10782.241    431505408   1726021632
     3371136          128       21565.891    863010816   3452043264
     3371136          256       44108.789   1726021632   6904086528
     3708096            1         168.788      7416192     29664768
     3708096            2         320.760     14832384     59329536
     3708096            4         761.957     29664768    118659072
     3708096            8        1456.129     59329536    237318144
     3708096           16        2954.287    118659072    474636288
     3708096           32        5914.488    237318144    949272576
     3708096           64       11740.728    474636288   1898545152
     3708096          128       23561.592    949272576   3797090304
     3708096          256       47206.105   1898545152   7594180608
     4078848            1         178.562      8157696     32630784
     4078848            2         359.013     16315392     65261568
     4078848            4         864.992     32630784    130523136
     4078848            8        1627.029     65261568    261046272
     4078848           16        3229.552    130523136    522092544
     4078848           32        6478.113    261046272   1044185088
     4078848           64       12986.685    522092544   2088370176
     4078848          128       25965.561   1044185088   4176740352
     4078848          256       51882.408   2088370176   8353480704
     4486656            1         198.358      8973312     35893248
     4486656            2         385.903     17946624     71786496
     4486656            4         922.218     35893248    143572992
     4486656            8        1784.067     71786496    287145984
     4486656           16        3579.498    143572992    574291968
     4486656           32        7158.237    287145984   1148583936
     4486656           64       14278.208    574291968   2297167872
     4486656          128       28526.811   1148583936   4594335744
     4935168            1         220.281      9870336     39481344
     4935168            2         444.739     19740672     78962688
     4935168            4        1018.037     39481344    157925376
     4935168            8        1986.320     78962688    315850752
     4935168           16        3879.599    157925376    631701504
     4935168           32        7811.255    315850752   1263403008
     4935168           64       15673.609    631701504   2526806016
     4935168          128       32410.497   1263403008   5053612032
     5428608            1         243.594     10857216     43428864
     5428608            2         470.054     21714432     86857728
     5428608            4        1138.792     43428864    173715456
     5428608            8        2166.302     86857728    347430912
     5428608           16        4304.459    173715456    694861824
     5428608           32        8619.549    347430912   1389723648
     5428608           64       17298.190    694861824   2779447296
     5428608          128       34610.618   1389723648   5558894592
     5971392            1         261.310     11942784     47771136
     5971392            2         530.098     23885568     95542272
     5971392            4        1217.574     47771136    191084544
     5971392            8        2294.879     95542272    382169088
     5971392           16        4673.700    191084544    764338176
     5971392           32        9448.278    382169088   1528676352
     5971392           64       18902.347    764338176   3057352704
     5971392          128       37910.146   1528676352   6114705408
     6568512            1         305.800     13137024     52548096
     6568512            2         563.543     26274048    105096192
     6568512            4        1295.711     52548096    210192384
     6568512            8        2538.769    105096192    420384768
     6568512           16        5164.849    210192384    840769536
     6568512           32       10385.661    420384768   1681539072
     6568512           64       20903.085    840769536   3363078144
     6568512          128       41916.915   1681539072   6726156288
     7225344            1         318.550     14450688     57802752
     7225344            2         642.170     28901376    115605504
     7225344            4        1445.655     57802752    231211008
     7225344            8        2770.707    115605504    462422016
     7225344           16        5649.949    231211008    924844032
     7225344           32       11498.556    462422016   1849688064
     7225344           64       22959.079    924844032   3699376128
     7225344          128       46980.222   1849688064   7398752256
     7947840            1         346.815     15895680     63582720
     7947840            2         703.839     31791360    127165440
     7947840            4        1558.409     63582720    254330880
     7947840            8        3141.550    127165440    508661760
     7947840           16        6310.959    254330880   1017323520
     7947840           32       12582.913    508661760   2034647040
     7947840           64       25367.254   1017323520   4069294080
     7947840          128       50801.416   2034647040   8138588160
     8742528            1         380.659     17485056     69940224
     8742528            2         779.484     34970112    139880448
     8742528            4        1728.475     69940224    279760896
     8742528            8        3342.697    139880448    559521792
     8742528           16        6865.515    279760896   1119043584
     8742528           32       13955.046    559521792   2238087168
     8742528           64       27847.908   1119043584   4476174336
     9616704            1         433.225     19233408     76933632
     9616704            2         840.058     38466816    153867264
     9616704            4        1855.027     76933632    307734528
     9616704            8        3716.397    153867264    615469056
     9616704           16        7429.768    307734528   1230938112
     9616704           32       15260.217    615469056   2461876224
     9616704           64       30588.634   1230938112   4923752448
    10578240            1         460.926     21156480     84625920
    10578240            2         923.173     42312960    169251840
    10578240            4        2058.889     84625920    338503680
    10578240            8        4049.813    169251840    677007360
    10578240           16        8285.919    338503680   1354014720
    10578240           32       16790.282    677007360   2708029440
    10578240           64       33778.785   1354014720   5416058880
    11635968            1         510.910     23271936     93087744
    11635968            2        1015.493     46543872    186175488
    11635968            4        2155.499     93087744    372350976
    11635968            8        4480.857    186175488    744701952
    11635968           16        9661.857    372350976   1489403904
    11635968           32       22285.826    744701952   2978807808
    11635968           64       37018.006   1489403904   5957615616
    12799488            1         578.821     25598976    102395904
    12799488            2        1120.317     51197952    204791808
    12799488            4        2480.748    102395904    409583616
    12799488            8        4887.410    204791808    819167232
    12799488           16       10085.283    409583616   1638334464
    12799488           32       20287.234    819167232   3276668928
    12799488           64       40746.063   1638334464   6553337856
    14079360            1         605.780     28158720    112634880
    14079360            2        1241.418     56317440    225269760
    14079360            4        2662.487    112634880    450539520
    14079360            8        5371.332    225269760    901079040
    14079360           16       11012.145    450539520   1802158080
    14079360           32       22298.429    901079040   3604316160
    14079360           64       44911.179   1802158080   7208632320
    15487296            1         689.856     30974592    123898368
    15487296            2        1353.222     61949184    247796736
    15487296            4        2914.588    123898368    495593472
    15487296            8        5839.857    247796736    991186944
    15487296           16       12148.676    495593472   1982373888
    15487296           32       24691.441    991186944   3964747776
    15487296           64       49360.637   1982373888   7929495552
    17035968            1         758.683     34071936    136287744
    17035968            2        1492.967     68143872    272575488
    17035968            4        3219.134    136287744    545150976
    17035968            8        6582.388    272575488   1090301952
    17035968           16       13402.574    545150976   2180603904
    17035968           32       27013.191   1090301952   4361207808
    18739392            1         822.016     37478784    149915136
    18739392            2        1629.413     74957568    299830272
    18739392            4        3565.707    149915136    599660544
    18739392            8        7209.566    299830272   1199321088
    18739392           16       15784.628    599660544   2398642176
    18739392           32       29754.921   1199321088   4797284352
    20613312            1         903.769     41226624    164906496
    20613312            2        1786.599     82453248    329812992
    20613312            4        3903.383    164906496    659625984
    20613312            8        7995.477    329812992   1319251968
    20613312           16       16205.130    659625984   2638503936
    20613312           32       32719.730   1319251968   5277007872
    22674624            1        1004.756     45349248    181396992
    22674624            2        1972.382     90698496    362793984
    22674624            4        4320.685    181396992    725587968
    22674624            8        8746.387    362793984   1451175936
    22674624           16       17851.019    725587968   2902351872
    22674624           32       36043.814   1451175936   5804703744
    24941952            1        1080.431     49883904    199535616
    24941952            2        2163.857     99767808    399071232
    24941952            4        4721.948    199535616    798142464
    24941952            8        9733.937    399071232   1596284928
    24941952           16       19683.054    798142464   3192569856
    24941952           32       40323.402   1596284928   6385139712
    27436032            1        1216.553     54872064    219488256
    27436032            2        2372.717    109744128    438976512
    27436032            4        5154.927    219488256    877953024
    27436032            8       10661.503    438976512   1755906048
    27436032           16       21693.415    877953024   3511812096
    27436032           32       43730.559   1755906048   7023624192
    30179520            1        1331.635     60359040    241436160
    30179520            2        2606.482    120718080    482872320
    30179520            4        5708.432    241436160    965744640
    30179520            8       11753.944    482872320   1931489280
    30179520           16       23849.427    965744640   3862978560
    30179520           32       48067.465   1931489280   7725957120
    33197376            1        1457.893     66394752    265579008
    33197376            2        2879.682    132789504    531158016
    33197376            4        6265.447    265579008   1062316032
    33197376            8       12864.921    531158016   2124632064
    33197376           16       26255.254   1062316032   4249264128
    33197376           32       52798.216   2124632064   8498528256
    36517056            1        1593.976     73034112    292136448
    36517056            2        3168.107    146068224    584272896
    36517056            4        6856.639    292136448   1168545792
    36517056            8       14214.794    584272896   2337091584
    36517056           16       28801.506   1168545792   4674183168
    40168704            1        1768.324     80337408    321349632
    40168704            2        3467.827    160674816    642699264
    40168704            4        7513.606    321349632   1285398528
    40168704            8       15538.047    642699264   2570797056
    40168704           16       31696.790   1285398528   5141594112
    44185536            1        1923.822     88371072    353484288
    44185536            2        3833.721    176742144    706968576
    44185536            4        8308.388    353484288   1413937152
    44185536            8       17146.762    706968576   2827874304
    44185536           16       34791.407   1413937152   5655748608
    48604032            1        2101.508     97208064    388832256
    48604032            2        4225.783    194416128    777664512
    48604032            4        9130.495    388832256   1555329024
    48604032            8       18861.728    777664512   3110658048
    48604032           16       38253.260   1555329024   6221316096
    53464320            1        2337.967    106928640    427714560
    53464320            2        4613.976    213857280    855429120
    53464320            4       10032.980    427714560   1710858240
    53464320            8       23959.296    855429120   3421716480
    53464320           16       43113.824   1710858240   6843432960
    58810752            1        2547.823    117621504    470486016
    58810752            2        5119.373    235243008    940972032
    58810752            4       11069.958    470486016   1881944064
    58810752            8       22757.753    940972032   3763888128
    58810752           16       49404.391   1881944064   7527776256
    64691712            1        2826.470    129383424    517533696
    64691712            2        5588.719    258766848   1035067392
    64691712            4       12074.940    517533696   2070134784
    64691712            8       24982.224   1035067392   4140269568
    64691712           16       50863.226   2070134784   8280539136
    71160768            1        3117.215    142321536    569286144
    71160768            2        6172.723    284643072   1138572288
    71160768            4       13344.564    569286144   2277144576
    71160768            8       27553.114   1138572288   4554289152
    78276672            1        3376.494    156553344    626213376
    78276672            2        6785.476    313106688   1252426752
    78276672            4       14656.763    626213376   2504853504
    78276672            8       30290.068   1252426752   5009707008
    86104320            1        3762.238    172208640    688834560
    86104320            2        7454.946    344417280   1377669120
    86104320            4       16173.645    688834560   2755338240
    86104320            8       33310.290   1377669120   5510676480
    94714752            1        4103.416    189429504    757718016
    94714752            2        8237.890    378859008   1515436032
    94714752            4       17739.775    757718016   3030872064
    94714752            8       36643.052   1515436032   6061744128
   104186112            1        4532.433    208372224    833488896
   104186112            2        9049.985    416744448   1666977792
   104186112            4       19553.225    833488896   3333955584
   104186112            8       40325.141   1666977792   6667911168
   114604608            1        4989.516    229209216    916836864
   114604608            2        9955.269    458418432   1833673728
   114604608            4       21491.952    916836864   3667347456
   114604608            8       44366.150   1833673728   7334694912
   126064896            1        5455.479    252129792   1008519168
   126064896            2       10957.201    504259584   2017038336
   126064896            4       23677.310   1008519168   4034076672
   126064896            8       48855.211   2017038336   8068153344
   138671232            1        6038.212    277342464   1109369856
   138671232            2       12049.891    554684928   2218739712
   138671232            4       26013.727   1109369856   4437479424
   152538240            1        6657.557    305076480   1220305920
   152538240            2       13254.040    610152960   2440611840
   152538240            4       28529.936   1220305920   4881223680
   167792064            1        7285.758    335584128   1342336512
   167792064            2       14568.509    671168256   2684673024
   167792064            4       31475.351   1342336512   5369346048
   184571136            1        8053.701    369142272   1476569088
   184571136            2       16015.897    738284544   2953138176
   184571136            4       34698.536   1476569088   5906276352
   203028096            1        8818.552    406056192   1624224768
   203028096            2       17640.987    812112384   3248449536
   203028096            4       38053.542   1624224768   6496899072
   223330752            1        9731.744    446661504   1786646016
   223330752            2       19394.511    893323008   3573292032
   223330752            4       41838.607   1786646016   7146584064
   245663808            1       10616.686    491327616   1965310464
   245663808            2       21270.037    982655232   3930620928
   245663808            4       46106.647   1965310464   7861241856
   270230016            1       11734.236    540460032   2161840128
   270230016            2       23449.028   1080920064   4323680256
   297252864            1       12951.769    594505728   2378022912
   297252864            2       25824.390   1189011456   4756045824
   326978112            1       14197.648    653956224   2615824896
   326978112            2       28667.200   1307912448   5231649792
   359675904            1       15614.172    719351808   2877407232
   359675904            2       31236.513   1438703616   5754814464
   395643456            1       17242.342    791286912   3165147648
   395643456            2       34343.163   1582573824   6330295296
   435207744            1       18952.789    870415488   3481661952
   435207744            2       37875.781   1740830976   6963323904
   478728384            1       20815.849    957456768   3829827072
   478728384            2       41544.625   1914913536   7659654144
   526601088            1       22873.058   1053202176   4212808704
   526601088            2       45736.625   2106404352   8425617408
   579261120            1       25107.929   1158522240   4634088960
   637187136            1       27743.615   1274374272   5097497088
   700905792            1       30434.733   1401811584   5607246336
   770996352            1       33454.472   1541992704   6167970816
   848095872            1       36801.033   1696191744   6784766976
   932905344            1       40503.424   1865810688   7463242752
  1026195840            1       44485.917   2052391680   8209566720

META_DATA
FLOPS          64
MPI_PROCS      1
OPENMP_THREADS 24
ERT_VERSION  1.1.0
HOSTNAME  ('deepv.deep', [], ['10.2.8.6'])
UNAME  uname_result(system='Linux', node='deepv', release='4.18.0-513.11.1.el8_9.0.1.x86_64', version='#1 SMP Sun Feb 11 10:42:18 UTC 2024', machine='x86_64')
TIMESTAMP_DATA  1710502049.5619211
CONFIG  {'ERT_RESULTS': ['Results.cn.deep.fz-juelich.de.01.gcc2023-O3'], 'ERT_DRIVER': ['driver1'], 'ERT_KERNEL': ['kernel1'], 'ERT_MPI': ['True'], 'ERT_MPI_CFLAGS': ['-I', '/p/software/deep/stages/2023/software/psmpi/5.9.2-1-GCC-11.3.0/include'], 'ERT_MPI_LDFLAGS': ['-L', '/p/software/deep/stages/2023/software/psmpi/5.9.2-1-GCC-11.3.0/lib', '-lmpi'], 'ERT_OPENMP': ['True'], 'ERT_OPENMP_CFLAGS': ['-fopenmp'], 'ERT_OPENMP_LDFLAGS': ['-fopenmp'], 'ERT_FLOPS': ['1,2,4,8,16,64,128'], 'ERT_ALIGN': ['64'], 'ERT_CC': ['mpicxx'], 'ERT_CFLAGS': ['-g', '-O3', '-mavx'], 'ERT_LD': ['mpicxx'], 'ERT_LDFLAGS': [], 'ERT_LDLIBS': [], 'ERT_PRECISION': ['FP64'], 'ERT_RUN': ['export', 'OMP_NUM_THREADS=ERT_OPENMP_THREADS;', 'export', 'OMP_PLACES="cores(ERT_OPENMP_THREADS)";', 'srun', '-p', 'dp-cn', '-n', 'ERT_MPI_PROCS', '-c', '48', '--ntasks-per-node', '1', 'ERT_CODE'], 'ERT_PROCS_THREADS': ['24'], 'ERT_MPI_PROCS': ['1'], 'ERT_OPENMP_THREADS': ['24'], 'ERT_NUM_EXPERIMENTS': ['5'], 'ERT_MEMORY_MAX': ['1073741824'], 'ERT_WORKING_SET_MIN': ['128'], 'ERT_TRIALS_MIN': ['1'], 'ERT_GNUPLOT': ['gnuplot'], 'ERT_GPU': [False], 'ERT_HIP': [False], 'ERT_OCL': [False], 'ERT_SYCL': [False], 'ERT_WSS_MULT': [1.1]}
