fp64
       24576            1           3.341        49152         3072
       24576            2          22.750        98304         6144
       24576            4           2.897       196608        12288
       24576            8           6.505       393216        24576
       24576           16          10.292       786432        49152
       24576           32           5.619      1572864        98304
       24576           64           4.316      3145728       196608
       24576          128           6.543      6291456       393216
       24576          256           6.346     12582912       786432
       24576          512           9.713     25165824      1572864
       24576         1024          18.217     50331648      3145728
       24576         2048          32.951    100663296      6291456
       24576         4096          69.676    201326592     12582912
       24576         8192         127.415    402653184     25165824
       24576        16384         204.242    805306368     50331648
       24576        32768         402.741   1610612736    100663296
       26880            1           2.551        53760         3360
       26880            2           4.595       107520         6720
       26880            4          10.271       215040        13440
       26880            8           5.392       430080        26880
       26880           16           4.077       860160        53760
       26880           32           4.516      1720320       107520
       26880           64           6.020      3440640       215040
       26880          128           6.127      6881280       430080
       26880          256           7.896     13762560       860160
       26880          512          13.645     27525120      1720320
       26880         1024          26.296     55050240      3440640
       26880         2048          50.125    110100480      6881280
       26880         4096          68.494    220200960     13762560
       26880         8192         128.683    440401920     27525120
       26880        16384         275.880    880803840     55050240
       26880        32768         499.488   1761607680    110100480
       29568            1           3.696        59136         3696
       29568            2          10.083       118272         7392
       29568            4           4.376       236544        14784
       29568            8           3.267       473088        29568
       29568           16           5.360       946176        59136
       29568           32           5.133      1892352       118272
       29568           64           2.786      3784704       236544
       29568          128           5.229      7569408       473088
       29568          256           6.386     15138816       946176
       29568          512          11.092     30277632      1892352
       29568         1024          23.306     60555264      3784704
       29568         2048          52.548    121110528      7569408
       29568         4096          63.409    242221056     15138816
       29568         8192         121.104    484442112     30277632
       29568        16384         237.735    968884224     60555264
       29568        32768         480.559   1937768448    121110528
       32448            1           4.649        64896         4056
       32448            2          17.458       129792         8112
       32448            4           3.198       259584        16224
       32448            8           4.651       519168        32448
       32448           16           3.851      1038336        64896
       32448           32           5.121      2076672       129792
       32448           64           4.776      4153344       259584
       32448          128           5.727      8306688       519168
       32448          256           6.663     16613376      1038336
       32448          512          13.324     33226752      2076672
       32448         1024          24.093     66453504      4153344
       32448         2048          50.743    132907008      8306688
       32448         4096          68.737    265814016     16613376
       32448         8192         131.702    531628032     33226752
       32448        16384         255.616   1063256064     66453504
       32448        32768         519.450   2126512128    132907008
       35520            1           4.833        71040         4440
       35520            2          13.349       142080         8880
       35520            4           4.511       284160        17760
       35520            8           4.050       568320        35520
       35520           16           4.863      1136640        71040
       35520           32           3.826      2273280       142080
       35520           64           2.572      4546560       284160
       35520          128           6.247      9093120       568320
       35520          256           8.674     18186240      1136640
       35520          512          13.688     36372480      2273280
       35520         1024          26.488     72744960      4546560
       35520         2048          53.480    145489920      9093120
       35520         4096          72.267    290979840     18186240
       35520         8192         159.097    581959680     36372480
       35520        16384         274.189   1163919360     72744960
       38976            1           3.409        77952         4872
       38976            2           5.599       155904         9744
       38976            4           3.954       311808        19488
       38976            8           7.365       623616        38976
       38976           16           4.382      1247232        77952
       38976           32           3.225      2494464       155904
       38976           64           4.130      4988928       311808
       38976          128           4.409      9977856       623616
       38976          256           8.536     19955712      1247232
       38976          512          13.064     39911424      2494464
       38976         1024          25.475     79822848      4988928
       38976         2048          55.673    159645696      9977856
       38976         4096          77.477    319291392     19955712
       38976         8192         152.067    638582784     39911424
       38976        16384         292.508   1277165568     79822848
       42816            1           3.273        85632         5352
       42816            2          18.257       171264        10704
       42816            4          16.105       342528        21408
       42816            8           4.155       685056        42816
       42816           16           5.259      1370112        85632
       42816           32           5.411      2740224       171264
       42816           64           5.507      5480448       342528
       42816          128           5.637     10960896       685056
       42816          256          10.841     21921792      1370112
       42816          512          16.601     43843584      2740224
       42816         1024          33.763     87687168      5480448
       42816         2048          50.249    175374336     10960896
       42816         4096          83.464    350748672     21921792
       42816         8192         161.728    701497344     43843584
       42816        16384         314.454   1402994688     87687168
       47040            1           3.580        94080         5880
       47040            2          18.827       188160        11760
       47040            4          13.434       376320        23520
       47040            8           5.262       752640        47040
       47040           16           4.373      1505280        94080
       47040           32           5.141      3010560       188160
       47040           64           5.096      6021120       376320
       47040          128           7.911     12042240       752640
       47040          256           9.145     24084480      1505280
       47040          512          18.068     48168960      3010560
       47040         1024          34.759     96337920      6021120
       47040         2048          56.669    192675840     12042240
       47040         4096          88.911    385351680     24084480
       47040         8192         190.919    770703360     48168960
       47040        16384         338.551   1541406720     96337920
       51648            1           2.304       103296         6456
       51648            2           4.167       206592        12912
       51648            4          31.273       413184        25824
       51648            8           3.250       826368        51648
       51648           16           3.299      1652736       103296
       51648           32          11.129      3305472       206592
       51648           64           7.211      6610944       413184
       51648          128           7.405     13221888       826368
       51648          256          10.106     26443776      1652736
       51648          512          19.091     52887552      3305472
       51648         1024          40.789    105775104      6610944
       51648         2048          53.389    211550208     13221888
       51648         4096          96.512    423100416     26443776
       51648         8192         186.478    846200832     52887552
       51648        16384         367.399   1692401664    105775104
       56640            1           4.756       113280         7080
       56640            2           4.300       226560        14160
       56640            4           2.239       453120        28320
       56640            8           4.354       906240        56640
       56640           16           3.296      1812480       113280
       56640           32           5.414      3624960       226560
       56640           64           5.722      7249920       453120
       56640          128           6.171     14499840       906240
       56640          256          10.739     28999680      1812480
       56640          512          21.726     57999360      3624960
       56640         1024          44.851    115998720      7249920
       56640         2048          55.314    231997440     14499840
       56640         4096         104.316    463994880     28999680
       56640         8192         220.296    927989760     57999360
       56640        16384         398.548   1855979520    115998720
       62208            1           3.980       124416         7776
       62208            2          12.278       248832        15552
       62208            4          34.493       497664        31104
       62208            8           3.143       995328        62208
       62208           16           3.883      1990656       124416
       62208           32           3.858      3981312       248832
       62208           64           6.538      7962624       497664
       62208          128           6.651     15925248       995328
       62208          256          12.777     31850496      1990656
       62208          512          24.286     63700992      3981312
       62208         1024          46.212    127401984      7962624
       62208         2048          65.052    254803968     15925248
       62208         4096         121.435    509607936     31850496
       62208         8192         234.995   1019215872     63700992
       62208        16384         478.894   2038431744    127401984
       68352            1           3.118       136704         8544
       68352            2           3.365       273408        17088
       68352            4          16.399       546816        34176
       68352            8           5.491      1093632        68352
       68352           16           4.743      2187264       136704
       68352           32           3.479      4374528       273408
       68352           64           5.480      8749056       546816
       68352          128           8.910     17498112      1093632
       68352          256          13.207     34996224      2187264
       68352          512          26.500     69992448      4374528
       68352         1024          47.759    139984896      8749056
       68352         2048          68.251    279969792     17498112
       68352         4096         131.241    559939584     34996224
       68352         8192         275.383   1119879168     69992448
       75072            1           4.396       150144         9384
       75072            2          10.134       300288        18768
       75072            4           3.362       600576        37536
       75072            8           3.229      1201152        75072
       75072           16           5.421      2402304       150144
       75072           32           3.823      4804608       300288
       75072           64           4.874      9609216       600576
       75072          128           8.931     19218432      1201152
       75072          256          15.468     38436864      2402304
       75072          512          27.850     76873728      4804608
       75072         1024          47.748    153747456      9609216
       75072         2048          93.109    307494912     19218432
       75072         4096         143.728    614989824     38436864
       75072         8192         273.216   1229979648     76873728
       82560            1           4.566       165120        10320
       82560            2          14.512       330240        20640
       82560            4           2.977       660480        41280
       82560            8           4.595      1320960        82560
       82560           16           4.585      2641920       165120
       82560           32           6.560      5283840       330240
       82560           64           5.300     10567680       660480
       82560          128           9.824     21135360      1320960
       82560          256          16.139     42270720      2641920
       82560          512          29.019     84541440      5283840
       82560         1024          52.617    169082880     10567680
       82560         2048          81.531    338165760     21135360
       82560         4096         152.755    676331520     42270720
       82560         8192         299.945   1352663040     84541440
       90816            1           2.163       181632        11352
       90816            2           3.800       363264        22704
       90816            4          13.883       726528        45408
       90816            8          13.843      1453056        90816
       90816           16           4.074      2906112       181632
       90816           32           6.183      5812224       363264
       90816           64           8.179     11624448       726528
       90816          128           8.611     23248896      1453056
       90816          256          19.120     46497792      2906112
       90816          512          32.915     92995584      5812224
       90816         1024          55.461    185991168     11624448
       90816         2048          89.637    371982336     23248896
       90816         4096         165.348    743964672     46497792
       90816         8192         342.859   1487929344     92995584
       99840            1           4.992       199680        12480
       99840            2           4.423       399360        24960
       99840            4           3.145       798720        49920
       99840            8           2.991      1597440        99840
       99840           16           7.124      3194880       199680
       99840           32           4.314      6389760       399360
       99840           64           6.891     12779520       798720
       99840          128          10.354     25559040      1597440
       99840          256          19.374     51118080      3194880
       99840          512          36.363    102236160      6389760
       99840         1024          55.810    204472320     12779520
       99840         2048          96.084    408944640     25559040
       99840         4096         207.096    817889280     51118080
       99840         8192         354.886   1635778560    102236160
      109824            1           4.027       219648        13728
      109824            2          18.981       439296        27456
      109824            4          14.842       878592        54912
      109824            8           3.306      1757184       109824
      109824           16           4.705      3514368       219648
      109824           32           6.473      7028736       439296
      109824           64           6.458     14057472       878592
      109824          128          29.910     28114944      1757184
      109824          256          22.045     56229888      3514368
      109824          512          42.342    112459776      7028736
      109824         1024          54.138    224919552     14057472
      109824         2048         101.214    449839104     28114944
      109824         4096         203.135    899678208     56229888
      109824         8192         391.507   1799356416    112459776
      120768            1           2.871       241536        15096
      120768            2           4.585       483072        30192
      120768            4           6.665       966144        60384
      120768            8           4.254      1932288       120768
      120768           16           4.422      3864576       241536
      120768           32           5.835      7729152       483072
      120768           64           6.756     15458304       966144
      120768          128          12.164     30916608      1932288
      120768          256          26.061     61833216      3864576
      120768          512          46.501    123666432      7729152
      120768         1024          59.878    247332864     15458304
      120768         2048         118.906    494665728     30916608
      120768         4096         234.471    989331456     61833216
      120768         8192         424.635   1978662912    123666432
      132672            1           4.409       265344        16584
      132672            2           4.726       530688        33168
      132672            4          31.165      1061376        66336
      132672            8           3.131      2122752       132672
      132672           16           5.100      4245504       265344
      132672           32           4.287      8491008       530688
      132672           64           7.153     16982016      1061376
      132672          128          12.641     33964032      2122752
      132672          256          26.027     67928064      4245504
      132672          512          50.006    135856128      8491008
      132672         1024          64.490    271712256     16982016
      132672         2048         121.332    543424512     33964032
      132672         4096         235.601   1086849024     67928064
      145920            1           2.678       291840        18240
      145920            2           4.207       583680        36480
      145920            4          21.819      1167360        72960
      145920            8           4.432      2334720       145920
      145920           16           4.060      4669440       291840
      145920           32           4.436      9338880       583680
      145920           64           8.306     18677760      1167360
      145920          128          14.044     37355520      2334720
      145920          256          26.935     74711040      4669440
      145920          512          46.854    149422080      9338880
      145920         1024          69.805    298844160     18677760
      145920         2048         133.610    597688320     37355520
      145920         4096         258.853   1195376640     74711040
      160512            1           5.252       321024        20064
      160512            2           5.023       642048        40128
      160512            4           2.536      1284096        80256
      160512            8          15.860      2568192       160512
      160512           16           4.363      5136384       321024
      160512           32           5.173     10272768       642048
      160512           64           7.882     20545536      1284096
      160512          128          15.798     41091072      2568192
      160512          256          27.723     82182144      5136384
      160512          512          56.264    164364288     10272768
      160512         1024          77.172    328728576     20545536
      160512         2048         151.643    657457152     41091072
      160512         4096         301.433   1314914304     82182144
      176448            1           4.336       352896        22056
      176448            2          10.296       705792        44112
      176448            4          16.677      1411584        88224
      176448            8           5.113      2823168       176448
      176448           16           5.225      5646336       352896
      176448           32           5.163     11292672       705792
      176448           64          12.197     22585344      1411584
      176448          128          18.532     45170688      2823168
      176448          256          32.333     90341376      5646336
      176448          512          49.146    180682752     11292672
      176448         1024         103.813    361365504     22585344
      176448         2048         157.659    722731008     45170688
      176448         4096         311.057   1445462016     90341376
      193920            1           3.452       387840        24240
      193920            2           3.912       775680        48480
      193920            4           3.844      1551360        96960
      193920            8          12.224      3102720       193920
      193920           16           6.750      6205440       387840
      193920           32           7.016     12410880       775680
      193920           64           9.799     24821760      1551360
      193920          128          18.460     49643520      3102720
      193920          256          34.065     99287040      6205440
      193920          512          52.167    198574080     12410880
      193920         1024          88.219    397148160     24821760
      193920         2048         177.183    794296320     49643520
      193920         4096         335.135   1588592640     99287040
      213312            1           3.178       426624        26664
      213312            2           3.759       853248        53328
      213312            4           4.436      1706496       106656
      213312            8           6.305      3412992       213312
      213312           16           5.395      6825984       426624
      213312           32           6.582     13651968       853248
      213312           64          10.539     27303936      1706496
      213312          128          20.427     54607872      3412992
      213312          256          33.005    109215744      6825984
      213312          512          60.465    218431488     13651968
      213312         1024          98.209    436862976     27303936
      213312         2048         196.011    873725952     54607872
      213312         4096         385.917   1747451904    109215744
      234624            1           4.546       469248        29328
      234624            2          16.895       938496        58656
      234624            4          14.656      1876992       117312
      234624            8           4.190      3753984       234624
      234624           16           6.950      7507968       469248
      234624           32           6.634     15015936       938496
      234624           64          12.460     30031872      1876992
      234624          128          21.883     60063744      3753984
      234624          256          60.443    120127488      7507968
      234624          512          60.047    240254976     15015936
      234624         1024         105.696    480509952     30031872
      234624         2048         206.301    961019904     60063744
      234624         4096         404.554   1922039808    120127488
      258048            1           3.822       516096        32256
      258048            2           2.568      1032192        64512
      258048            4          12.299      2064384       129024
      258048            8           3.402      4128768       258048
      258048           16           5.264      8257536       516096
      258048           32           9.133     16515072      1032192
      258048           64          12.800     33030144      2064384
      258048          128          25.096     66060288      4128768
      258048          256          47.913    132120576      8257536
      258048          512          63.060    264241152     16515072
      258048         1024         116.195    528482304     33030144
      258048         2048         224.984   1056964608     66060288
      258048         4096         462.467   2113929216    132120576
      283776            1           7.816       567552        35472
      283776            2           3.354      1135104        70944
      283776            4          12.488      2270208       141888
      283776            8           5.523      4540416       283776
      283776           16           4.841      9080832       567552
      283776           32           7.153     18161664      1135104
      283776           64          12.707     36323328      2270208
      283776          128          24.976     72646656      4540416
      283776          256          47.948    145293312      9080832
      283776          512          66.240    290586624     18161664
      283776         1024         127.417    581173248     36323328
      283776         2048         244.959   1162346496     72646656
      312000            1          14.161       624000        39000
      312000            2           2.874      1248000        78000
      312000            4          14.612      2496000       156000
      312000            8           6.018      4992000       312000
      312000           16           6.619      9984000       624000
      312000           32          11.504     19968000      1248000
      312000           64          14.556     39936000      2496000
      312000          128          27.851     79872000      4992000
      312000          256          49.703    159744000      9984000
      312000          512          71.545    319488000     19968000
      312000         1024         138.574    638976000     39936000
      312000         2048         268.225   1277952000     79872000
      343104            1           4.997       686208        42888
      343104            2          15.163      1372416        85776
      343104            4           3.326      2744832       171552
      343104            8           3.219      5489664       343104
      343104           16           7.727     10979328       686208
      343104           32           7.954     21958656      1372416
      343104           64          16.817     43917312      2744832
      343104          128          29.933     87834624      5489664
      343104          256          53.827    175669248     10979328
      343104          512          78.742    351338496     21958656
      343104         1024         150.546    702676992     43917312
      343104         2048         296.566   1405353984     87834624
      377280            1           5.087       754560        47160
      377280            2           3.675      1509120        94320
      377280            4           4.982      3018240       188640
      377280            8           5.071      6036480       377280
      377280           16           6.593     12072960       754560
      377280           32           9.008     24145920      1509120
      377280           64          17.410     48291840      3018240
      377280          128          31.172     96583680      6036480
      377280          256          55.744    193167360     12072960
      377280          512          86.674    386334720     24145920
      377280         1024         167.074    772669440     48291840
      377280         2048         345.048   1545338880     96583680
      414912            1           5.949       829824        51864
      414912            2           4.885      1659648       103728
      414912            4          14.957      3319296       207456
      414912            8           5.053      6638592       414912
      414912           16           7.484     13277184       829824
      414912           32          10.493     26554368      1659648
      414912           64          21.010     53108736      3319296
      414912          128          33.105    106217472      6638592
      414912          256          58.581    212434944     13277184
      414912          512         113.766    424869888     26554368
      414912         1024         190.037    849739776     53108736
      414912         2048         356.389   1699479552    106217472
      456384            1           4.823       912768        57048
      456384            2          18.572      1825536       114096
      456384            4          12.811      3651072       228192
      456384            8           5.962      7302144       456384
      456384           16           9.126     14604288       912768
      456384           32          10.699     29208576      1825536
      456384           64          21.249     58417152      3651072
      456384          128          41.550    116834304      7302144
      456384          256          58.069    233668608     14604288
      456384          512         102.055    467337216     29208576
      456384         1024         206.706    934674432     58417152
      456384         2048         402.751   1869348864    116834304
      501888            1           7.951      1003776        62736
      501888            2           4.898      2007552       125472
      501888            4           5.720      4015104       250944
      501888            8           6.711      8030208       501888
      501888           16           7.056     16060416      1003776
      501888           32          11.735     32120832      2007552
      501888           64          22.912     64241664      4015104
      501888          128          40.690    128483328      8030208
      501888          256          64.609    256966656     16060416
      501888          512         122.045    513933312     32120832
      501888         1024         237.547   1027866624     64241664
      501888         2048         425.897   2055733248    128483328
      552000            1           7.364      1104000        69000
      552000            2           4.910      2208000       138000
      552000            4           3.467      4416000       276000
      552000            8          12.828      8832000       552000
      552000           16           8.391     17664000      1104000
      552000           32          14.752     35328000      2208000
      552000           64          25.515     70656000      4416000
      552000          128          48.684    141312000      8832000
      552000          256          69.572    282624000     17664000
      552000          512         122.453    565248000     35328000
      552000         1024         245.856   1130496000     70656000
      607104            1           7.511      1214208        75888
      607104            2           4.608      2428416       151776
      607104            4           3.928      4856832       303552
      607104            8          11.716      9713664       607104
      607104           16           8.254     19427328      1214208
      607104           32          13.891     38854656      2428416
      607104           64          30.786     77709312      4856832
      607104          128          53.932    155418624      9713664
      607104          256          76.076    310837248     19427328
      607104          512         135.227    621674496     38854656
      607104         1024         269.648   1243348992     77709312
      667776            1           9.843      1335552        83472
      667776            2           3.223      2671104       166944
      667776            4          11.292      5342208       333888
      667776            8           7.397     10684416       667776
      667776           16           9.294     21368832      1335552
      667776           32          17.961     42737664      2671104
      667776           64          33.199     85475328      5342208
      667776          128          55.403    170950656     10684416
      667776          256          77.324    341901312     21368832
      667776          512         156.572    683802624     42737664
      667776         1024         307.740   1367605248     85475328
      734400            1           9.600      1468800        91800
      734400            2          16.463      2937600       183600
      734400            4           6.032      5875200       367200
      734400            8           6.881     11750400       734400
      734400           16          11.430     23500800      1468800
      734400           32          21.106     47001600      2937600
      734400           64          34.755     94003200      5875200
      734400          128          58.539    188006400     11750400
      734400          256         104.399    376012800     23500800
      734400          512         163.868    752025600     47001600
      734400         1024         320.065   1504051200     94003200
      807744            1           8.663      1615488       100968
      807744            2          12.252      3230976       201936
      807744            4           5.838      6461952       403872
      807744            8           7.470     12923904       807744
      807744           16          13.034     25847808      1615488
      807744           32          23.678     51695616      3230976
      807744           64          39.924    103391232      6461952
      807744          128          57.699    206782464     12923904
      807744          256         102.458    413564928     25847808
      807744          512         210.013    827129856     51695616
      807744         1024         402.604   1654259712    103391232
      888384            1          10.464      1776768       111048
      888384            2          14.044      3553536       222096
      888384            4          19.319      7107072       444192
      888384            8           9.095     14214144       888384
      888384           16          13.883     28428288      1776768
      888384           32          24.315     56856576      3553536
      888384           64          45.921    113713152      7107072
      888384          128          77.981    227426304     14214144
      888384          256         151.998    454852608     28428288
      888384          512         316.571    909705216     56856576
      888384         1024         595.256   1819410432    113713152
      977088            1          10.831      1954176       122136
      977088            2           4.661      3908352       244272
      977088            4          23.017      7816704       488544
      977088            8          10.156     15633408       977088
      977088           16          14.882     31266816      1954176
      977088           32          28.479     62533632      3908352
      977088           64          54.046    125067264      7816704
      977088          128          86.933    250134528     15633408
      977088          256         168.102    500269056     31266816
      977088          512         349.444   1000538112     62533632
      977088         1024         654.499   2001076224    125067264
     1074624            1          11.026      2149248       134328
     1074624            2           5.944      4298496       268656
     1074624            4          14.513      8596992       537312
     1074624            8          10.548     17193984      1074624
     1074624           16          15.073     34387968      2149248
     1074624           32          31.716     68775936      4298496
     1074624           64          56.856    137551872      8596992
     1074624          128          95.253    275103744     17193984
     1074624          256         185.934    550207488     34387968
     1074624          512         378.711   1100414976     68775936
     1181952            1          14.582      2363904       147744
     1181952            2           5.224      4727808       295488
     1181952            4           7.477      9455616       590976
     1181952            8          11.177     18911232      1181952
     1181952           16          18.450     37822464      2363904
     1181952           32          35.081     75644928      4727808
     1181952           64          61.437    151289856      9455616
     1181952          128         103.506    302579712     18911232
     1181952          256         221.718    605159424     37822464
     1181952          512         399.007   1210318848     75644928
     1300032            1          13.425      2600064       162504
     1300032            2           4.936      5200128       325008
     1300032            4          15.733     10400256       650016
     1300032            8          11.884     20800512      1300032
     1300032           16          19.008     41601024      2600064
     1300032           32          35.877     83202048      5200128
     1300032           64          68.168    166404096     10400256
     1300032          128         116.325    332808192     20800512
     1300032          256         222.406    665616384     41601024
     1300032          512         461.763   1331232768     83202048
     1430016            1          18.675      2860032       178752
     1430016            2           8.873      5720064       357504
     1430016            4           8.585     11440128       715008
     1430016            8          13.022     22880256      1430016
     1430016           16          22.102     45760512      2860032
     1430016           32          40.977     91521024      5720064
     1430016           64          72.013    183042048     11440128
     1430016          128         124.541    366084096     22880256
     1430016          256         269.358    732168192     45760512
     1430016          512         481.537   1464336384     91521024
     1572864            1          17.450      3145728       196608
     1572864            2           7.188      6291456       393216
     1572864            4           8.030     12582912       786432
     1572864            8          13.954     25165824      1572864
     1572864           16          22.497     50331648      3145728
     1572864           32          43.029    100663296      6291456
     1572864           64          77.175    201326592     12582912
     1572864          128         136.212    402653184     25165824
     1572864          256         269.955    805306368     50331648
     1572864          512         548.859   1610612736    100663296
     1730112            1          31.181      3460224       216264
     1730112            2           7.350      6920448       432528
     1730112            4          10.335     13840896       865056
     1730112            8          29.167     27681792      1730112
     1730112           16          23.654     55363584      3460224
     1730112           32          47.179    110727168      6920448
     1730112           64          80.319    221454336     13840896
     1730112          128         150.199    442908672     27681792
     1730112          256         304.078    885817344     55363584
     1730112          512         597.133   1771634688    110727168
     1903104            1          35.256      3806208       237888
     1903104            2           5.323      7612416       475776
     1903104            4          10.093     15224832       951552
     1903104            8          17.257     30449664      1903104
     1903104           16          27.646     60899328      3806208
     1903104           32          53.216    121798656      7612416
     1903104           64         104.092    243597312     15224832
     1903104          128         164.373    487194624     30449664
     1903104          256         333.588    974389248     60899328
     1903104          512         651.769   1948778496    121798656
     2093376            1          28.600      4186752       261672
     2093376            2           7.807      8373504       523344
     2093376            4          10.792     16747008      1046688
     2093376            8          19.183     33494016      2093376
     2093376           16          31.657     66988032      4186752
     2093376           32          55.951    133976064      8373504
     2093376           64          95.192    267952128     16747008
     2093376          128         202.068    535904256     33494016
     2093376          256         364.629   1071808512     66988032
     2093376          512         716.752   2143617024    133976064
     2302656            1          32.484      4605312       287832
     2302656            2           7.942      9210624       575664
     2302656            4          10.122     18421248      1151328
     2302656            8          16.725     36842496      2302656
     2302656           16          35.012     73684992      4605312
     2302656           32          59.627    147369984      9210624
     2302656           64         121.898    294739968     18421248
     2302656          128         205.271    589479936     36842496
     2302656          256         387.938   1178959872     73684992
     2532864            1          42.476      5065728       316608
     2532864            2           7.171     10131456       633216
     2532864            4          11.894     20262912      1266432
     2532864            8          18.503     40525824      2532864
     2532864           16          36.300     81051648      5065728
     2532864           32          64.322    162103296     10131456
     2532864           64         111.241    324206592     20262912
     2532864          128         227.125    648413184     40525824
     2532864          256         443.212   1296826368     81051648
     2786112            1          37.732      5572224       348264
     2786112            2           7.188     11144448       696528
     2786112            4          12.172     22288896      1393056
     2786112            8          20.600     44577792      2786112
     2786112           16          38.100     89155584      5572224
     2786112           32          69.150    178311168     11144448
     2786112           64         144.171    356622336     22288896
     2786112          128         248.124    713244672     44577792
     2786112          256         469.486   1426489344     89155584
     3064704            1          47.021      6129408       383088
     3064704            2           7.816     12258816       766176
     3064704            4          13.765     24517632      1532352
     3064704            8          21.810     49035264      3064704
     3064704           16          42.225     98070528      6129408
     3064704           32          76.061    196141056     12258816
     3064704           64         133.961    392282112     24517632
     3064704          128         263.150    784564224     49035264
     3064704          256         531.665   1569128448     98070528
     3371136            1          64.425      6742272       421392
     3371136            2           8.561     13484544       842784
     3371136            4          14.923     26969088      1685568
     3371136            8          24.926     53938176      3371136
     3371136           16          45.160    107876352      6742272
     3371136           32          79.014    215752704     13484544
     3371136           64         146.144    431505408     26969088
     3371136          128         287.303    863010816     53938176
     3371136          256         580.339   1726021632    107876352
     3708096            1          50.422      7416192       463512
     3708096            2           9.747     14832384       927024
     3708096            4          15.672     29664768      1854048
     3708096            8          26.610     59329536      3708096
     3708096           16          53.324    118659072      7416192
     3708096           32          85.848    237318144     14832384
     3708096           64         180.591    474636288     29664768
     3708096          128         314.650    949272576     59329536
     3708096          256         636.560   1898545152    118659072
     4078848            1          60.227      8157696       509856
     4078848            2          11.229     16315392      1019712
     4078848            4          17.473     32630784      2039424
     4078848            8          30.846     65261568      4078848
     4078848           16          56.889    130523136      8157696
     4078848           32          92.334    261046272     16315392
     4078848           64         195.773    522092544     32630784
     4078848          128         360.093   1044185088     65261568
     4078848          256         699.194   2088370176    130523136
     4486656            1          56.308      8973312       560832
     4486656            2          12.368     17946624      1121664
     4486656            4          19.835     35893248      2243328
     4486656            8          35.323     71786496      4486656
     4486656           16          60.902    143572992      8973312
     4486656           32         100.649    287145984     17946624
     4486656           64         213.001    574291968     35893248
     4486656          128         391.796   1148583936     71786496
     4935168            1          56.021      9870336       616896
     4935168            2          12.535     19740672      1233792
     4935168            4          23.207     39481344      2467584
     4935168            8          38.637     78962688      4935168
     4935168           16          65.744    157925376      9870336
     4935168           32         111.498    315850752     19740672
     4935168           64         213.312    631701504     39481344
     4935168          128         433.973   1263403008     78962688
     5428608            1          67.177     10857216       678576
     5428608            2          14.028     21714432      1357152
     5428608            4          23.601     43428864      2714304
     5428608            8          42.285     86857728      5428608
     5428608           16          69.171    173715456     10857216
     5428608           32         121.076    347430912     21714432
     5428608           64         253.068    694861824     43428864
     5428608          128         458.927   1389723648     86857728
     5971392            1          76.803     11942784       746424
     5971392            2          14.133     23885568      1492848
     5971392            4          25.192     47771136      2985696
     5971392            8          44.533     95542272      5971392
     5971392           16          80.888    191084544     11942784
     5971392           32         156.685    382169088     23885568
     5971392           64         308.082    764338176     47771136
     5971392          128         710.727   1528676352     95542272
     6568512            1          83.502     13137024       821064
     6568512            2          19.732     26274048      1642128
     6568512            4          32.690     52548096      3284256
     6568512            8          58.511    105096192      6568512
     6568512           16         108.616    210192384     13137024
     6568512           32         208.727    420384768     26274048
     6568512           64         424.148    840769536     52548096
     6568512          128         811.360   1681539072    105096192
     7225344            1          89.886     14450688       903168
     7225344            2          19.767     28901376      1806336
     7225344            4          34.048     57802752      3612672
     7225344            8          60.897    115605504      7225344
     7225344           16         117.743    231211008     14450688
     7225344           32         238.765    462422016     28901376
     7225344           64         440.876    924844032     57802752
     7225344          128         884.420   1849688064    115605504
     7947840            1          89.949     15895680       993480
     7947840            2          19.709     31791360      1986960
     7947840            4          34.267     63582720      3973920
     7947840            8          55.368    127165440      7947840
     7947840           16          91.259    254330880     15895680
     7947840           32         173.955    508661760     31791360
     7947840           64         338.683   1017323520     63582720
     7947840          128         683.546   2034647040    127165440
     8742528            1         101.706     17485056      1092816
     8742528            2          21.195     34970112      2185632
     8742528            4          35.992     69940224      4371264
     8742528            8          61.620    139880448      8742528
     8742528           16          99.845    279760896     17485056
     8742528           32         190.792    559521792     34970112
     8742528           64         371.886   1119043584     69940224
     9616704            1         105.368     19233408      1202088
     9616704            2          23.508     38466816      2404176
     9616704            4          40.343     76933632      4808352
     9616704            8          64.538    153867264      9616704
     9616704           16         109.991    307734528     19233408
     9616704           32         211.258    615469056     38466816
     9616704           64         425.897   1230938112     76933632
    10578240            1         121.380     21156480      1322280
    10578240            2          27.323     42312960      2644560
    10578240            4          42.995     84625920      5289120
    10578240            8          68.442    169251840     10578240
    10578240           16         139.546    338503680     21156480
    10578240           32         230.044    677007360     42312960
    10578240           64         450.300   1354014720     84625920
    11635968            1         129.065     23271936      1454496
    11635968            2          28.289     46543872      2908992
    11635968            4          47.338     93087744      5817984
    11635968            8          74.728    186175488     11635968
    11635968           16         131.018    372350976     23271936
    11635968           32         252.117    744701952     46543872
    11635968           64         511.270   1489403904     93087744
    12799488            1         139.379     25598976      1599936
    12799488            2          32.090     51197952      3199872
    12799488            4          65.691    102395904      6399744
    12799488            8          81.915    204791808     12799488
    12799488           16         144.034    409583616     25598976
    12799488           32         277.785    819167232     51197952
    12799488           64         556.846   1638334464    102395904
    14079360            1         157.084     28158720      1759920
    14079360            2          35.204     56317440      3519840
    14079360            4          52.032    112634880      7039680
    14079360            8          88.439    225269760     14079360
    14079360           16         158.163    450539520     28158720
    14079360           32         326.482    901079040     56317440
    14079360           64         597.447   1802158080    112634880
    15487296            1         165.382     30974592      1935912
    15487296            2          37.149     61949184      3871824
    15487296            4          61.114    123898368      7743648
    15487296            8          92.149    247796736     15487296
    15487296           16         172.878    495593472     30974592
    15487296           32         354.562    991186944     61949184
    15487296           64         657.190   1982373888    123898368
    17035968            1         185.525     34071936      2129496
    17035968            2          45.066     68143872      4258992
    17035968            4          69.068    136287744      8517984
    17035968            8         101.715    272575488     17035968
    17035968           16         190.253    545150976     34071936
    17035968           32         386.028   1090301952     68143872
    18739392            1         211.935     37478784      2342424
    18739392            2          48.841     74957568      4684848
    18739392            4          69.789    149915136      9369696
    18739392            8         130.561    299830272     18739392
    18739392           16         211.438    599660544     37478784
    18739392           32         404.268   1199321088     74957568
    20613312            1         236.584     41226624      2576664
    20613312            2          56.354     82453248      5153328
    20613312            4          75.919    164906496     10306656
    20613312            8         122.549    329812992     20613312
    20613312           16         229.853    659625984     41226624
    20613312           32         465.466   1319251968     82453248
    22674624            1         243.297     45349248      2834328
    22674624            2          69.321     90698496      5668656
    22674624            4          89.190    181396992     11337312
    22674624            8         137.133    362793984     22674624
    22674624           16         252.893    725587968     45349248
    22674624           32         509.645   1451175936     90698496
    24941952            1         229.993     49883904      3117744
    24941952            2          81.920     99767808      6235488
    24941952            4         117.016    199535616     12470976
    24941952            8         154.697    399071232     24941952
    24941952           16         284.301    798142464     49883904
    24941952           32         564.477   1596284928     99767808
    27436032            1         189.673     54872064      3429504
    27436032            2          95.193    109744128      6859008
    27436032            4         116.901    219488256     13718016
    27436032            8         213.500    438976512     27436032
    27436032           16         355.481    877953024     54872064
    27436032           32         698.583   1755906048    109744128
    30179520            1         159.092     60359040      3772440
    30179520            2         116.588    120718080      7544880
    30179520            4         171.453    241436160     15089760
    30179520            8         263.542    482872320     30179520
    30179520           16         472.721    965744640     60359040
    30179520           32         917.283   1931489280    120718080
    33197376            1         167.575     66394752      4149672
    33197376            2         146.279    132789504      8299344
    33197376            4         202.444    265579008     16598688
    33197376            8         335.420    531158016     33197376
    33197376           16         609.594   1062316032     66394752
    33197376           32        1174.152   2124632064    132789504
    36517056            1         191.365     73034112      4564632
    36517056            2         175.099    146068224      9129264
    36517056            4         240.887    292136448     18258528
    36517056            8         417.004    584272896     36517056
    36517056           16         725.485   1168545792     73034112
    40168704            1         206.699     80337408      5021088
    40168704            2         204.070    160674816     10042176
    40168704            4         288.001    321349632     20084352
    40168704            8         457.912    642699264     40168704
    40168704           16         841.436   1285398528     80337408
    44185536            1         277.518     88371072      5523192
    44185536            2         251.202    176742144     11046384
    44185536            4         309.468    353484288     22092768
    44185536            8         527.683    706968576     44185536
    44185536           16         937.450   1413937152     88371072
    48604032            1         275.749     97208064      6075504
    48604032            2         319.402    194416128     12151008
    48604032            4         343.117    388832256     24302016
    48604032            8         587.019    777664512     48604032
    48604032           16        1050.870   1555329024     97208064
    53464320            1         309.691    106928640      6683040
    53464320            2         398.744    213857280     13366080
    53464320            4         426.918    427714560     26732160
    53464320            8         743.059    855429120     53464320
    53464320           16        1319.506   1710858240    106928640
    58810752            1         342.425    117621504      7351344
    58810752            2         467.799    235243008     14702688
    58810752            4         568.936    470486016     29405376
    58810752            8         940.264    940972032     58810752
    58810752           16        1594.194   1881944064    117621504
    64691712            1         405.403    129383424      8086464
    64691712            2         621.341    258766848     16172928
    64691712            4         775.561    517533696     32345856
    64691712            8        1256.708   1035067392     64691712
    64691712           16        2169.587   2070134784    129383424
    71160768            1         469.386    142321536      8895096
    71160768            2         751.883    284643072     17790192
    71160768            4         976.134    569286144     35580384
    71160768            8        1552.531   1138572288     71160768
    78276672            1         523.217    156553344      9784584
    78276672            2         855.933    313106688     19569168
    78276672            4        1124.518    626213376     39138336
    78276672            8        1933.508   1252426752     78276672
    86104320            1         575.013    172208640     10763040
    86104320            2        1000.185    344417280     21526080
    86104320            4        1412.832    688834560     43052160
    86104320            8        2300.934   1377669120     86104320
    94714752            1         700.666    189429504     11839344
    94714752            2        1180.432    378859008     23678688
    94714752            4        1632.591    757718016     47357376
    94714752            8        2735.788   1515436032     94714752
   104186112            1        1834.359    208372224     13023264
   104186112            2        1393.143    416744448     26046528
   104186112            4        1940.531    833488896     52093056
   104186112            8        3290.713   1666977792    104186112
   114604608            1         885.965    229209216     14325576
   114604608            2        1582.260    458418432     28651152
   114604608            4        2292.271    916836864     57302304
   114604608            8        3832.556   1833673728    114604608
   126064896            1        1013.614    252129792     15758112
   126064896            2        1845.896    504259584     31516224
   126064896            4        2672.825   1008519168     63032448
   126064896            8        4450.158   2017038336    126064896
   138671232            1        1112.067    277342464     17333904
   138671232            2        2097.381    554684928     34667808
   138671232            4        3067.872   1109369856     69335616
   152538240            1        1302.414    305076480     19067280
   152538240            2        2440.783    610152960     38134560
   152538240            4        3549.192   1220305920     76269120
   167792064            1        1458.836    335584128     20974008
   167792064            2        2748.433    671168256     41948016
   167792064            4        4005.860   1342336512     83896032
   184571136            1        1622.104    369142272     23071392
   184571136            2        3145.008    738284544     46142784
   184571136            4        4593.555   1476569088     92285568
   203028096            1        1832.248    406056192     25378512
   203028096            2        3557.944    812112384     50757024
   203028096            4        5290.427   1624224768    101514048
   223330752            1        2061.038    446661504     27916344
   223330752            2        4033.682    893323008     55832688
   223330752            4        5978.105   1786646016    111665376
   245663808            1        2302.591    491327616     30707976
   245663808            2        4570.149    982655232     61415952
   245663808            4        6698.405   1965310464    122831904
   270230016            1        2557.205    540460032     33778752
   270230016            2        5074.570   1080920064     67557504
   297252864            1        2902.753    594505728     37156608
   297252864            2        5692.126   1189011456     74313216
   326978112            1        3238.558    653956224     40872264
   326978112            2        6290.206   1307912448     81744528
   359675904            1        3568.328    719351808     44959488
   359675904            2        7011.205   1438703616     89918976
   395643456            1        3958.104    791286912     49455432
   395643456            2        7780.718   1582573824     98910864
   435207744            1        4314.032    870415488     54400968
   435207744            2        8649.728   1740830976    108801936
   478728384            1        4811.695    957456768     59841048
   478728384            2        9538.246   1914913536    119682096
   526601088            1        5303.216   1053202176     65825136
   526601088            2       10517.272   2106404352    131650272
   579261120            1        5903.580   1158522240     72407640
   637187136            1        6538.963   1274374272     79648392
   700905792            1        7249.044   1401811584     87613224
   770996352            1        8005.846   1541992704     96374544
   848095872            1        8897.022   1696191744    106011984
   932905344            1        9800.447   1865810688    116613168
  1026195840            1       10842.170   2052391680    128274480

META_DATA
FLOPS          1
MPI_PROCS      1
OPENMP_THREADS 24
ERT_VERSION  1.1.0
HOSTNAME  ('deepv.deep', [], ['10.2.8.6'])
UNAME  uname_result(system='Linux', node='deepv', release='4.18.0-513.11.1.el8_9.0.1.x86_64', version='#1 SMP Sun Feb 11 10:42:18 UTC 2024', machine='x86_64', processor='x86_64')
TIMESTAMP_DATA  1710500924.6288617
CONFIG  {'ERT_RESULTS': ['Results.cn.deep.fz-juelich.de.01.gcc2023-O3'], 'ERT_DRIVER': ['driver1'], 'ERT_KERNEL': ['kernel1'], 'ERT_MPI': ['True'], 'ERT_MPI_CFLAGS': ['-I', '/p/software/deep/stages/2023/software/psmpi/5.9.2-1-GCC-11.3.0/include'], 'ERT_MPI_LDFLAGS': ['-L', '/p/software/deep/stages/2023/software/psmpi/5.9.2-1-GCC-11.3.0/lib', '-lmpi'], 'ERT_OPENMP': ['True'], 'ERT_OPENMP_CFLAGS': ['-fopenmp'], 'ERT_OPENMP_LDFLAGS': ['-fopenmp'], 'ERT_FLOPS': ['1,2,4,8,16,64,128'], 'ERT_ALIGN': ['64'], 'ERT_CC': ['mpicxx'], 'ERT_CFLAGS': ['-g', '-O3', '-mavx'], 'ERT_LD': ['mpicxx'], 'ERT_LDFLAGS': [], 'ERT_LDLIBS': [], 'ERT_PRECISION': ['FP64'], 'ERT_RUN': ['export', 'OMP_NUM_THREADS=ERT_OPENMP_THREADS;', 'export', 'OMP_PLACES="cores(ERT_OPENMP_THREADS)";', 'srun', '-p', 'dp-cn', '-n', 'ERT_MPI_PROCS', '-c', '48', '--ntasks-per-node', '1', 'ERT_CODE'], 'ERT_PROCS_THREADS': ['24'], 'ERT_MPI_PROCS': ['1'], 'ERT_OPENMP_THREADS': ['24'], 'ERT_NUM_EXPERIMENTS': ['5'], 'ERT_MEMORY_MAX': ['1073741824'], 'ERT_WORKING_SET_MIN': ['128'], 'ERT_TRIALS_MIN': ['1'], 'ERT_GNUPLOT': ['gnuplot'], 'ERT_GPU': [False], 'ERT_HIP': [False], 'ERT_OCL': [False], 'ERT_SYCL': [False], 'ERT_WSS_MULT': [1.1]}
