fp64
       24576            1           2.207        49152         3072
       24576            2           5.413        98304         6144
       24576            4           4.330       196608        12288
       24576            8          13.293       393216        24576
       24576           16           4.255       786432        49152
       24576           32           3.335      1572864        98304
       24576           64          11.171      3145728       196608
       24576          128           4.783      6291456       393216
       24576          256          14.345     12582912       786432
       24576          512          11.468     25165824      1572864
       24576         1024          17.769     50331648      3145728
       24576         2048          30.102    100663296      6291456
       24576         4096          65.620    201326592     12582912
       24576         8192         105.974    402653184     25165824
       24576        16384         206.545    805306368     50331648
       24576        32768         417.746   1610612736    100663296
       26880            1           3.467        53760         3360
       26880            2          14.226       107520         6720
       26880            4           4.726       215040        13440
       26880            8          14.785       430080        26880
       26880           16           4.132       860160        53760
       26880           32           3.340      1720320       107520
       26880           64           4.923      3440640       215040
       26880          128           5.199      6881280       430080
       26880          256           8.220     13762560       860160
       26880          512          14.117     27525120      1720320
       26880         1024          25.851     55050240      3440640
       26880         2048          47.204    110100480      6881280
       26880         4096          67.550    220200960     13762560
       26880         8192         153.485    440401920     27525120
       26880        16384         253.419    880803840     55050240
       26880        32768         500.338   1761607680    110100480
       29568            1           3.022        59136         3696
       29568            2           5.376       118272         7392
       29568            4           3.253       236544        14784
       29568            8           4.778       473088        29568
       29568           16           5.164       946176        59136
       29568           32           4.642      1892352       118272
       29568           64           4.910      3784704       236544
       29568          128           4.414      7569408       473088
       29568          256           7.514     15138816       946176
       29568          512          12.157     30277632      1892352
       29568         1024          22.991     60555264      3784704
       29568         2048          38.609    121110528      7569408
       29568         4096          63.765    242221056     15138816
       29568         8192         120.448    484442112     30277632
       29568        16384         235.584    968884224     60555264
       29568        32768         480.437   1937768448    121110528
       32448            1           3.814        64896         4056
       32448            2          13.422       129792         8112
       32448            4           4.095       259584        16224
       32448            8           1.393       519168        32448
       32448           16           3.875      1038336        64896
       32448           32           4.221      2076672       129792
       32448           64           3.829      4153344       259584
       32448          128           6.578      8306688       519168
       32448          256           7.906     16613376      1038336
       32448          512          13.320     33226752      2076672
       32448         1024          24.025     66453504      4153344
       32448         2048          44.986    132907008      8306688
       32448         4096          69.881    265814016     16613376
       32448         8192         129.332    531628032     33226752
       32448        16384         255.193   1063256064     66453504
       32448        32768         519.028   2126512128    132907008
       35520            1           4.429        71040         4440
       35520            2          10.418       142080         8880
       35520            4          20.209       284160        17760
       35520            8           5.777       568320        35520
       35520           16           4.071      1136640        71040
       35520           32           4.053      2273280       142080
       35520           64           3.330      4546560       284160
       35520          128           5.125      9093120       568320
       35520          256           9.640     18186240      1136640
       35520          512          15.777     36372480      2273280
       35520         1024          27.381     72744960      4546560
       35520         2048          45.626    145489920      9093120
       35520         4096          72.283    290979840     18186240
       35520         8192         157.299    581959680     36372480
       35520        16384         270.716   1163919360     72744960
       38976            1           2.404        77952         4872
       38976            2          13.887       155904         9744
       38976            4           4.943       311808        19488
       38976            8           2.702       623616        38976
       38976           16          11.882      1247232        77952
       38976           32           5.195      2494464       155904
       38976           64           4.733      4988928       311808
       38976          128           5.946      9977856       623616
       38976          256           8.524     19955712      1247232
       38976          512          15.891     39911424      2494464
       38976         1024          26.418     79822848      4988928
       38976         2048          47.156    159645696      9977856
       38976         4096          94.198    319291392     19955712
       38976         8192         149.495    638582784     39911424
       38976        16384         291.326   1277165568     79822848
       42816            1           1.205        85632         5352
       42816            2           4.742       171264        10704
       42816            4          13.171       342528        21408
       42816            8          21.245       685056        42816
       42816           16           4.829      1370112        85632
       42816           32           4.301      2740224       171264
       42816           64           3.771      5480448       342528
       42816          128           5.462     10960896       685056
       42816          256          10.741     21921792      1370112
       42816          512          18.582     43843584      2740224
       42816         1024          31.519     87687168      5480448
       42816         2048          44.632    175374336     10960896
       42816         4096          82.705    350748672     21921792
       42816         8192         159.470    701497344     43843584
       42816        16384         313.263   1402994688     87687168
       47040            1           3.984        94080         5880
       47040            2           4.014       188160        11760
       47040            4          11.424       376320        23520
       47040            8           2.910       752640        47040
       47040           16           3.339      1505280        94080
       47040           32           3.649      3010560       188160
       47040           64           4.447      6021120       376320
       47040          128           6.589     12042240       752640
       47040          256          10.061     24084480      1505280
       47040          512          19.836     48168960      3010560
       47040         1024          33.720     96337920      6021120
       47040         2048          49.714    192675840     12042240
       47040         4096          89.748    385351680     24084480
       47040         8192         172.482    770703360     48168960
       47040        16384         353.065   1541406720     96337920
       51648            1           4.176       103296         6456
       51648            2           4.259       206592        12912
       51648            4          13.459       413184        25824
       51648            8           2.901       826368        51648
       51648           16           4.042      1652736       103296
       51648           32           4.494      3305472       206592
       51648           64           7.803      6610944       413184
       51648          128           6.667     13221888       826368
       51648          256          11.267     26443776      1652736
       51648          512          22.252     52887552      3305472
       51648         1024          37.052    105775104      6610944
       51648         2048          52.215    211550208     13221888
       51648         4096         113.561    423100416     26443776
       51648         8192         187.707    846200832     52887552
       51648        16384         366.692   1692401664    105775104
       56640            1           2.216       113280         7080
       56640            2           5.915       226560        14160
       56640            4          14.257       453120        28320
       56640            8           3.738       906240        56640
       56640           16           5.714      1812480       113280
       56640           32           3.478      3624960       226560
       56640           64           5.105      7249920       453120
       56640          128           7.216     14499840       906240
       56640          256          11.616     28999680      1812480
       56640          512          21.891     57999360      3624960
       56640         1024          38.291    115998720      7249920
       56640         2048          56.063    231997440     14499840
       56640         4096         104.131    463994880     28999680
       56640         8192         205.140    927989760     57999360
       56640        16384         411.836   1855979520    115998720
       62208            1           4.464       124416         7776
       62208            2           3.701       248832        15552
       62208            4           3.889       497664        31104
       62208            8          10.477       995328        62208
       62208           16           4.483      1990656       124416
       62208           32           5.764      3981312       248832
       62208           64           3.737      7962624       497664
       62208          128           7.410     15925248       995328
       62208          256          13.850     31850496      1990656
       62208          512          23.815     63700992      3981312
       62208         1024          43.607    127401984      7962624
       62208         2048          61.541    254803968     15925248
       62208         4096         120.051    509607936     31850496
       62208         8192         252.103   1019215872     63700992
       62208        16384         459.583   2038431744    127401984
       68352            1           1.638       136704         8544
       68352            2           3.949       273408        17088
       68352            4          15.160       546816        34176
       68352            8          14.668      1093632        68352
       68352           16           3.470      2187264       136704
       68352           32           3.764      4374528       273408
       68352           64           5.173      8749056       546816
       68352          128          11.813     17498112      1093632
       68352          256          14.239     34996224      2187264
       68352          512          27.547     69992448      4374528
       68352         1024          39.663    139984896      8749056
       68352         2048          68.264    279969792     17498112
       68352         4096         129.777    559939584     34996224
       68352         8192         255.958   1119879168     69992448
       75072            1           4.254       150144         9384
       75072            2           4.926       300288        18768
       75072            4          13.210       600576        37536
       75072            8           4.120      1201152        75072
       75072           16           5.942      2402304       150144
       75072           32           5.992      4804608       300288
       75072           64           6.433      9609216       600576
       75072          128           9.101     19218432      1201152
       75072          256          14.174     38436864      2402304
       75072          512          31.715     76873728      4804608
       75072         1024          41.173    153747456      9609216
       75072         2048          74.363    307494912     19218432
       75072         4096         139.356    614989824     38436864
       75072         8192         285.501   1229979648     76873728
       82560            1           3.569       165120        10320
       82560            2           3.220       330240        20640
       82560            4          22.146       660480        41280
       82560            8           3.933      1320960        82560
       82560           16           3.667      2641920       165120
       82560           32           4.776      5283840       330240
       82560           64           6.150     10567680       660480
       82560          128           8.771     21135360      1320960
       82560          256          17.520     42270720      2641920
       82560          512          30.496     84541440      5283840
       82560         1024          47.302    169082880     10567680
       82560         2048          80.691    338165760     21135360
       82560         4096         168.760    676331520     42270720
       82560         8192         299.349   1352663040     84541440
       90816            1           3.294       181632        11352
       90816            2           5.132       363264        22704
       90816            4           4.250       726528        45408
       90816            8          13.149      1453056        90816
       90816           16           3.676      2906112       181632
       90816           32           4.676      5812224       363264
       90816           64           6.032     11624448       726528
       90816          128          10.081     23248896      1453056
       90816          256          19.234     46497792      2906112
       90816          512          32.486     92995584      5812224
       90816         1024          53.069    185991168     11624448
       90816         2048         106.162    371982336     23248896
       90816         4096         164.924    743964672     46497792
       90816         8192         324.590   1487929344     92995584
       99840            1           1.832       199680        12480
       99840            2           4.758       399360        24960
       99840            4          16.716       798720        49920
       99840            8          12.404      1597440        99840
       99840           16           5.944      3194880       199680
       99840           32           4.169      6389760       399360
       99840           64           5.958     12779520       798720
       99840          128          10.432     25559040      1597440
       99840          256          20.923     51118080      3194880
       99840          512          37.402    102236160      6389760
       99840         1024          56.444    204472320     12779520
       99840         2048          93.421    408944640     25559040
       99840         4096         179.442    817889280     51118080
       99840         8192         351.955   1635778560    102236160
      109824            1           5.754       219648        13728
      109824            2           3.732       439296        27456
      109824            4          13.825       878592        54912
      109824            8          14.077      1757184       109824
      109824           16           4.646      3514368       219648
      109824           32           4.554      7028736       439296
      109824           64           6.586     14057472       878592
      109824          128          11.755     28114944      1757184
      109824          256          21.957     56229888      3514368
      109824          512          40.287    112459776      7028736
      109824         1024          54.632    224919552     14057472
      109824         2048         102.795    449839104     28114944
      109824         4096         200.266    899678208     56229888
      109824         8192         404.677   1799356416    112459776
      120768            1           2.446       241536        15096
      120768            2           4.652       483072        30192
      120768            4           4.073       966144        60384
      120768            8           3.545      1932288       120768
      120768           16           6.374      3864576       241536
      120768           32           4.937      7729152       483072
      120768           64           9.120     15458304       966144
      120768          128          13.149     30916608      1932288
      120768          256          24.058     61833216      3864576
      120768          512          43.410    123666432      7729152
      120768         1024          76.060    247332864     15458304
      120768         2048         114.876    494665728     30916608
      120768         4096         215.357    989331456     61833216
      120768         8192         425.046   1978662912    123666432
      132672            1           4.206       265344        16584
      132672            2           4.544       530688        33168
      132672            4          12.382      1061376        66336
      132672            8           3.689      2122752       132672
      132672           16           5.168      4245504       265344
      132672           32           7.599      8491008       530688
      132672           64           7.423     16982016      1061376
      132672          128          12.912     33964032      2122752
      132672          256          25.390     67928064      4245504
      132672          512          44.417    135856128      8491008
      132672         1024          62.699    271712256     16982016
      132672         2048         124.154    543424512     33964032
      132672         4096         234.450   1086849024     67928064
      145920            1           3.605       291840        18240
      145920            2           3.421       583680        36480
      145920            4           3.633      1167360        72960
      145920            8           4.328      2334720       145920
      145920           16          10.729      4669440       291840
      145920           32           6.064      9338880       583680
      145920           64           7.878     18677760      1167360
      145920          128          14.610     37355520      2334720
      145920          256          27.315     74711040      4669440
      145920          512          43.688    149422080      9338880
      145920         1024          69.980    298844160     18677760
      145920         2048         137.787    597688320     37355520
      145920         4096         273.632   1195376640     74711040
      160512            1           3.713       321024        20064
      160512            2           4.564       642048        40128
      160512            4           5.560      1284096        80256
      160512            8          15.472      2568192       160512
      160512           16           4.862      5136384       321024
      160512           32           6.542     10272768       642048
      160512           64           8.652     20545536      1284096
      160512          128          16.518     41091072      2568192
      160512          256          32.457     82182144      5136384
      160512          512          41.997    164364288     10272768
      160512         1024          74.695    328728576     20545536
      160512         2048         145.841    657457152     41091072
      160512         4096         298.903   1314914304     82182144
      176448            1           3.497       352896        22056
      176448            2          10.801       705792        44112
      176448            4          16.464      1411584        88224
      176448            8           4.279      2823168       176448
      176448           16           4.689      5646336       352896
      176448           32           5.458     11292672       705792
      176448           64          11.083     22585344      1411584
      176448          128          17.910     45170688      2823168
      176448          256          30.657     90341376      5646336
      176448          512          50.821    180682752     11292672
      176448         1024          98.338    361365504     22585344
      176448         2048         157.840    722731008     45170688
      176448         4096         306.300   1445462016     90341376
      193920            1           5.173       387840        24240
      193920            2           1.422       775680        48480
      193920            4           4.563      1551360        96960
      193920            8           4.121      3102720       193920
      193920           16           5.000      6205440       387840
      193920           32           5.538     12410880       775680
      193920           64           9.918     24821760      1551360
      193920          128          19.973     49643520      3102720
      193920          256          35.693     99287040      6205440
      193920          512          50.002    198574080     12410880
      193920         1024          88.812    397148160     24821760
      193920         2048         173.651    794296320     49643520
      193920         4096         334.069   1588592640     99287040
      213312            1           5.743       426624        26664
      213312            2           4.831       853248        53328
      213312            4          21.409      1706496       106656
      213312            8           6.670      3412992       213312
      213312           16           3.589      6825984       426624
      213312           32           6.603     13651968       853248
      213312           64          11.400     27303936      1706496
      213312          128          21.849     54607872      3412992
      213312          256          37.066    109215744      6825984
      213312          512          58.126    218431488     13651968
      213312         1024          99.257    436862976     27303936
      213312         2048         191.102    873725952     54607872
      213312         4096         386.069   1747451904    109215744
      234624            1           4.183       469248        29328
      234624            2           4.047       938496        58656
      234624            4           6.836      1876992       117312
      234624            8           7.282      3753984       234624
      234624           16           5.958      7507968       469248
      234624           32           7.324     15015936       938496
      234624           64          13.147     30031872      1876992
      234624          128          22.222     60063744      3753984
      234624          256          39.946    120127488      7507968
      234624          512          56.080    240254976     15015936
      234624         1024         123.937    480509952     30031872
      234624         2048         206.752    961019904     60063744
      234624         4096         403.506   1922039808    120127488
      258048            1           4.504       516096        32256
      258048            2           3.890      1032192        64512
      258048            4           3.601      2064384       129024
      258048            8           3.642      4128768       258048
      258048           16           5.875      8257536       516096
      258048           32           8.085     16515072      1032192
      258048           64          13.432     33030144      2064384
      258048          128          24.356     66060288      4128768
      258048          256          43.343    132120576      8257536
      258048          512          60.116    264241152     16515072
      258048         1024         119.015    528482304     33030144
      258048         2048         225.813   1056964608     66060288
      258048         4096         454.571   2113929216    132120576
      283776            1           4.141       567552        35472
      283776            2          10.233      1135104        70944
      283776            4          12.404      2270208       141888
      283776            8           6.266      4540416       283776
      283776           16           5.436      9080832       567552
      283776           32           7.617     18161664      1135104
      283776           64          15.949     36323328      2270208
      283776          128          24.849     72646656      4540416
      283776          256          42.779    145293312      9080832
      283776          512          66.499    290586624     18161664
      283776         1024         140.813    581173248     36323328
      283776         2048         248.046   1162346496     72646656
      312000            1           5.072       624000        39000
      312000            2           3.212      1248000        78000
      312000            4           5.718      2496000       156000
      312000            8           3.407      4992000       312000
      312000           16           6.352      9984000       624000
      312000           32          10.261     19968000      1248000
      312000           64          15.369     39936000      2496000
      312000          128          28.168     79872000      4992000
      312000          256          45.819    159744000      9984000
      312000          512          89.336    319488000     19968000
      312000         1024         138.582    638976000     39936000
      312000         2048         272.419   1277952000     79872000
      343104            1           4.710       686208        42888
      343104            2           4.222      1372416        85776
      343104            4          13.266      2744832       171552
      343104            8           5.395      5489664       343104
      343104           16           6.367     10979328       686208
      343104           32           9.732     21958656      1372416
      343104           64          16.967     43917312      2744832
      343104          128          26.345     87834624      5489664
      343104          256          50.567    175669248     10979328
      343104          512          79.306    351338496     21958656
      343104         1024         152.326    702676992     43917312
      343104         2048         295.935   1405353984     87834624
      377280            1           5.883       754560        47160
      377280            2           4.051      1509120        94320
      377280            4          18.627      3018240       188640
      377280            8           5.190      6036480       377280
      377280           16           6.421     12072960       754560
      377280           32           9.404     24145920      1509120
      377280           64          21.363     48291840      3018240
      377280          128          32.990     96583680      6036480
      377280          256          50.493    193167360     12072960
      377280          512          84.918    386334720     24145920
      377280         1024         167.686    772669440     48291840
      377280         2048         324.569   1545338880     96583680
      414912            1           6.201       829824        51864
      414912            2           4.223      1659648       103728
      414912            4           5.077      3319296       207456
      414912            8          13.773      6638592       414912
      414912           16           6.969     13277184       829824
      414912           32          10.020     26554368      1659648
      414912           64          20.709     53108736      3319296
      414912          128          34.349    106217472      6638592
      414912          256          53.986    212434944     13277184
      414912          512          94.331    424869888     26554368
      414912         1024         181.951    849739776     53108736
      414912         2048         373.743   1699479552    106217472
      456384            1           7.977       912768        57048
      456384            2           5.004      1825536       114096
      456384            4           5.105      3651072       228192
      456384            8           5.241      7302144       456384
      456384           16           7.008     14604288       912768
      456384           32          12.921     29208576      1825536
      456384           64          23.627     58417152      3651072
      456384          128          35.575    116834304      7302144
      456384          256          62.561    233668608     14604288
      456384          512         120.970    467337216     29208576
      456384         1024         203.978    934674432     58417152
      456384         2048         389.273   1869348864    116834304
      501888            1           6.564      1003776        62736
      501888            2          18.040      2007552       125472
      501888            4          15.445      4015104       250944
      501888            8           5.114      8030208       501888
      501888           16           9.062     16060416      1003776
      501888           32          15.459     32120832      2007552
      501888           64          25.199     64241664      4015104
      501888          128          46.725    128483328      8030208
      501888          256          59.125    256966656     16060416
      501888          512         113.324    513933312     32120832
      501888         1024         218.553   1027866624     64241664
      501888         2048         449.615   2055733248    128483328
      552000            1           8.838      1104000        69000
      552000            2           5.069      2208000       138000
      552000            4          14.793      4416000       276000
      552000            8           5.100      8832000       552000
      552000           16           8.918     17664000      1104000
      552000           32          15.180     35328000      2208000
      552000           64          25.588     70656000      4416000
      552000          128          44.128    141312000      8832000
      552000          256          64.099    282624000     17664000
      552000          512         141.249    565248000     35328000
      552000         1024         241.137   1130496000     70656000
      607104            1           8.738      1214208        75888
      607104            2          14.305      2428416       151776
      607104            4          13.406      4856832       303552
      607104            8           5.683      9713664       607104
      607104           16           9.602     19427328      1214208
      607104           32          16.735     38854656      2428416
      607104           64          26.298     77709312      4856832
      607104          128          64.881    155418624      9713664
      607104          256          70.954    310837248     19427328
      607104          512         139.240    621674496     38854656
      607104         1024         263.904   1243348992     77709312
      667776            1          10.276      1335552        83472
      667776            2          14.152      2671104       166944
      667776            4          13.621      5342208       333888
      667776            8           6.421     10684416       667776
      667776           16          10.147     21368832      1335552
      667776           32          18.153     42737664      2671104
      667776           64          33.499     85475328      5342208
      667776          128          52.083    170950656     10684416
      667776          256          78.782    341901312     21368832
      667776          512         152.060    683802624     42737664
      667776         1024         290.983   1367605248     85475328
      734400            1           9.368      1468800        91800
      734400            2          21.913      2937600       183600
      734400            4           5.642      5875200       367200
      734400            8           7.762     11750400       734400
      734400           16          12.045     23500800      1468800
      734400           32          22.328     47001600      2937600
      734400           64          42.555     94003200      5875200
      734400          128          50.492    188006400     11750400
      734400          256          87.901    376012800     23500800
      734400          512         166.552    752025600     47001600
      734400         1024         318.570   1504051200     94003200
      807744            1          10.148      1615488       100968
      807744            2          35.626      3230976       201936
      807744            4           5.295      6461952       403872
      807744            8           9.172     12923904       807744
      807744           16          14.651     25847808      1615488
      807744           32          22.674     51695616      3230976
      807744           64          41.944    103391232      6461952
      807744          128          54.828    206782464     12923904
      807744          256         102.888    413564928     25847808
      807744          512         203.316    827129856     51695616
      807744         1024         409.405   1654259712    103391232
      888384            1          10.596      1776768       111048
      888384            2          17.341      3553536       222096
      888384            4          14.372      7107072       444192
      888384            8           8.542     14214144       888384
      888384           16          14.447     28428288      1776768
      888384           32          26.975     56856576      3553536
      888384           64          50.111    113713152      7107072
      888384          128          98.433    227426304     14214144
      888384          256         154.836    454852608     28428288
      888384          512         299.573    909705216     56856576
      888384         1024         610.876   1819410432    113713152
      977088            1          11.548      1954176       122136
      977088            2          13.472      3908352       244272
      977088            4          16.290      7816704       488544
      977088            8          10.317     15633408       977088
      977088           16          16.024     31266816      1954176
      977088           32          29.237     62533632      3908352
      977088           64          55.500    125067264      7816704
      977088          128          85.759    250134528     15633408
      977088          256         187.514    500269056     31266816
      977088          512         331.867   1000538112     62533632
      977088         1024         671.205   2001076224    125067264
     1074624            1          13.078      2149248       134328
     1074624            2           5.151      4298496       268656
     1074624            4           5.466      8596992       537312
     1074624            8          10.505     17193984      1074624
     1074624           16          15.334     34387968      2149248
     1074624           32          34.776     68775936      4298496
     1074624           64          59.010    137551872      8596992
     1074624          128          94.868    275103744     17193984
     1074624          256         203.943    550207488     34387968
     1074624          512         367.786   1100414976     68775936
     1181952            1          14.962      2363904       147744
     1181952            2           6.186      4727808       295488
     1181952            4           8.513      9455616       590976
     1181952            8          10.661     18911232      1181952
     1181952           16          16.814     37822464      2363904
     1181952           32          35.455     75644928      4727808
     1181952           64          62.008    151289856      9455616
     1181952          128         103.849    302579712     18911232
     1181952          256         206.759    605159424     37822464
     1181952          512         400.864   1210318848     75644928
     1300032            1          16.396      2600064       162504
     1300032            2           6.056      5200128       325008
     1300032            4          15.286     10400256       650016
     1300032            8          12.908     20800512      1300032
     1300032           16          22.425     41601024      2600064
     1300032           32          40.272     83202048      5200128
     1300032           64          59.386    166404096     10400256
     1300032          128         114.112    332808192     20800512
     1300032          256         223.383    665616384     41601024
     1300032          512         452.465   1331232768     83202048
     1430016            1          18.334      2860032       178752
     1430016            2           7.246      5720064       357504
     1430016            4          19.256     11440128       715008
     1430016            8          14.925     22880256      1430016
     1430016           16          23.200     45760512      2860032
     1430016           32          40.986     91521024      5720064
     1430016           64          67.274    183042048     11440128
     1430016          128         141.742    366084096     22880256
     1430016          256         242.731    732168192     45760512
     1430016          512         479.732   1464336384     91521024
     1572864            1          19.388      3145728       196608
     1572864            2          14.029      6291456       393216
     1572864            4           8.114     12582912       786432
     1572864            8          14.680     25165824      1572864
     1572864           16          26.697     50331648      3145728
     1572864           32          48.141    100663296      6291456
     1572864           64          71.550    201326592     12582912
     1572864          128         138.540    402653184     25165824
     1572864          256         268.211    805306368     50331648
     1572864          512         542.757   1610612736    100663296
     1730112            1          25.178      3460224       216264
     1730112            2          32.983      6920448       432528
     1730112            4           8.564     13840896       865056
     1730112            8          14.075     27681792      1730112
     1730112           16          27.055     55363584      3460224
     1730112           32          50.233    110727168      6920448
     1730112           64          78.176    221454336     13840896
     1730112          128         152.777    442908672     27681792
     1730112          256         295.432    885817344     55363584
     1730112          512         596.956   1771634688    110727168
     1903104            1          21.895      3806208       237888
     1903104            2           7.020      7612416       475776
     1903104            4          10.180     15224832       951552
     1903104            8          14.531     30449664      1903104
     1903104           16          30.065     60899328      3806208
     1903104           32          54.305    121798656      7612416
     1903104           64          84.482    243597312     15224832
     1903104          128         181.777    487194624     30449664
     1903104          256         325.390    974389248     60899328
     1903104          512         654.673   1948778496    121798656
     2093376            1          32.804      4186752       261672
     2093376            2           9.133      8373504       523344
     2093376            4          10.030     16747008      1046688
     2093376            8          15.996     33494016      2093376
     2093376           16          32.512     66988032      4186752
     2093376           32          58.093    133976064      8373504
     2093376           64          93.689    267952128     16747008
     2093376          128         180.087    535904256     33494016
     2093376          256         374.375   1071808512     66988032
     2093376          512         718.347   2143617024    133976064
     2302656            1          29.218      4605312       287832
     2302656            2          16.174      9210624       575664
     2302656            4          12.432     18421248      1151328
     2302656            8          17.136     36842496      2302656
     2302656           16          32.342     73684992      4605312
     2302656           32          58.478    147369984      9210624
     2302656           64         100.989    294739968     18421248
     2302656          128         216.697    589479936     36842496
     2302656          256         393.441   1178959872     73684992
     2532864            1          35.210      5065728       316608
     2532864            2           7.429     10131456       633216
     2532864            4          11.862     20262912      1266432
     2532864            8          36.448     40525824      2532864
     2532864           16          36.924     81051648      5065728
     2532864           32          64.266    162103296     10131456
     2532864           64         110.834    324206592     20262912
     2532864          128         218.087    648413184     40525824
     2532864          256         428.945   1296826368     81051648
     2786112            1          39.741      5572224       348264
     2786112            2           8.359     11144448       696528
     2786112            4          11.675     22288896      1393056
     2786112            8          20.163     44577792      2786112
     2786112           16          39.806     89155584      5572224
     2786112           32          68.463    178311168     11144448
     2786112           64         122.772    356622336     22288896
     2786112          128         240.028    713244672     44577792
     2786112          256         473.570   1426489344     89155584
     3064704            1          50.500      6129408       383088
     3064704            2           8.499     12258816       766176
     3064704            4          14.535     24517632      1532352
     3064704            8          24.829     49035264      3064704
     3064704           16          56.864     98070528      6129408
     3064704           32          76.321    196141056     12258816
     3064704           64         133.783    392282112     24517632
     3064704          128         262.653    784564224     49035264
     3064704          256         531.924   1569128448     98070528
     3371136            1          39.136      6742272       421392
     3371136            2          12.540     13484544       842784
     3371136            4          15.343     26969088      1685568
     3371136            8          25.077     53938176      3371136
     3371136           16          47.284    107876352      6742272
     3371136           32          76.846    215752704     13484544
     3371136           64         145.963    431505408     26969088
     3371136          128         307.401    863010816     53938176
     3371136          256         566.077   1726021632    107876352
     3708096            1          51.587      7416192       463512
     3708096            2           8.650     14832384       927024
     3708096            4          15.867     29664768      1854048
     3708096            8          28.601     59329536      3708096
     3708096           16          49.930    118659072      7416192
     3708096           32          84.225    237318144     14832384
     3708096           64         161.743    474636288     29664768
     3708096          128         316.962    949272576     59329536
     3708096          256         641.247   1898545152    118659072
     4078848            1          51.389      8157696       509856
     4078848            2          10.386     16315392      1019712
     4078848            4          21.214     32630784      2039424
     4078848            8          51.368     65261568      4078848
     4078848           16          60.303    130523136      8157696
     4078848           32          94.062    261046272     16315392
     4078848           64         179.990    522092544     32630784
     4078848          128         346.227   1044185088     65261568
     4078848          256         701.909   2088370176    130523136
     4486656            1          55.085      8973312       560832
     4486656            2          11.806     17946624      1121664
     4486656            4          39.478     35893248      2243328
     4486656            8          36.537     71786496      4486656
     4486656           16          60.756    143572992      8973312
     4486656           32         100.867    287145984     17946624
     4486656           64         193.392    574291968     35893248
     4486656          128         385.019   1148583936     71786496
     4935168            1          62.880      9870336       616896
     4935168            2          14.399     19740672      1233792
     4935168            4          24.842     39481344      2467584
     4935168            8          39.370     78962688      4935168
     4935168           16          72.663    157925376      9870336
     4935168           32         141.814    315850752     19740672
     4935168           64         281.231    631701504     39481344
     4935168          128         520.876   1263403008     78962688
     5428608            1          72.938     10857216       678576
     5428608            2          18.174     21714432      1357152
     5428608            4          26.344     43428864      2714304
     5428608            8          43.158     86857728      5428608
     5428608           16          91.209    173715456     10857216
     5428608           32         171.799    347430912     21714432
     5428608           64         338.086    694861824     43428864
     5428608          128         681.181   1389723648     86857728
     5971392            1          73.753     11942784       746424
     5971392            2          18.548     23885568      1492848
     5971392            4          30.269     47771136      2985696
     5971392            8          51.866     95542272      5971392
     5971392           16          99.391    191084544     11942784
     5971392           32         185.554    382169088     23885568
     5971392           64         377.065    764338176     47771136
     5971392          128         720.655   1528676352     95542272
     6568512            1          73.808     13137024       821064
     6568512            2          16.991     26274048      1642128
     6568512            4          28.207     52548096      3284256
     6568512            8          48.451    105096192      6568512
     6568512           16          76.538    210192384     13137024
     6568512           32         144.315    420384768     26274048
     6568512           64         283.325    840769536     52548096
     6568512          128         573.577   1681539072    105096192
     7225344            1          91.888     14450688       903168
     7225344            2          35.591     28901376      1806336
     7225344            4          30.780     57802752      3612672
     7225344            8          50.779    115605504      7225344
     7225344           16          84.054    231211008     14450688
     7225344           32         158.566    462422016     28901376
     7225344           64         310.182    924844032     57802752
     7225344          128         624.534   1849688064    115605504
     7947840            1         101.720     15895680       993480
     7947840            2          19.456     31791360      1986960
     7947840            4          34.671     63582720      3973920
     7947840            8          55.742    127165440      7947840
     7947840           16         109.784    254330880     15895680
     7947840           32         176.714    508661760     31791360
     7947840           64         341.336   1017323520     63582720
     7947840          128         681.531   2034647040    127165440
     8742528            1         106.206     17485056      1092816
     8742528            2          22.030     34970112      2185632
     8742528            4          36.271     69940224      4371264
     8742528            8          59.107    139880448      8742528
     8742528           16          99.240    279760896     17485056
     8742528           32         208.107    559521792     34970112
     8742528           64         373.167   1119043584     69940224
     9616704            1         136.691     19233408      1202088
     9616704            2          26.951     38466816      2404176
     9616704            4          38.334     76933632      4808352
     9616704            8          65.031    153867264      9616704
     9616704           16         108.684    307734528     19233408
     9616704           32         213.012    615469056     38466816
     9616704           64         410.789   1230938112     76933632
    10578240            1         126.205     21156480      1322280
    10578240            2          26.992     42312960      2644560
    10578240            4          41.063     84625920      5289120
    10578240            8          69.304    169251840     10578240
    10578240           16         121.325    338503680     21156480
    10578240           32         252.403    677007360     42312960
    10578240           64         452.303   1354014720     84625920
    11635968            1         166.108     23271936      1454496
    11635968            2          31.760     46543872      2908992
    11635968            4          45.753     93087744      5817984
    11635968            8          73.149    186175488     11635968
    11635968           16         131.677    372350976     23271936
    11635968           32         254.861    744701952     46543872
    11635968           64         510.043   1489403904     93087744
    12799488            1         154.062     25598976      1599936
    12799488            2          32.771     51197952      3199872
    12799488            4          50.642    102395904      6399744
    12799488            8          81.579    204791808     12799488
    12799488           16         144.494    409583616     25598976
    12799488           32         298.090    819167232     51197952
    12799488           64         546.079   1638334464    102395904
    14079360            1         166.088     28158720      1759920
    14079360            2          34.995     56317440      3519840
    14079360            4          54.926    112634880      7039680
    14079360            8          84.813    225269760     14079360
    14079360           16         158.678    450539520     28158720
    14079360           32         304.827    901079040     56317440
    14079360           64         619.843   1802158080    112634880
    15487296            1         185.883     30974592      1935912
    15487296            2          59.568     61949184      3871824
    15487296            4          59.720    123898368      7743648
    15487296            8          93.612    247796736     15487296
    15487296           16         176.045    495593472     30974592
    15487296           32         338.097    991186944     61949184
    15487296           64         678.227   1982373888    123898368
    17035968            1         201.762     34071936      2129496
    17035968            2          59.747     68143872      4258992
    17035968            4          65.092    136287744      8517984
    17035968            8         105.236    272575488     17035968
    17035968           16         191.246    545150976     34071936
    17035968           32         369.287   1090301952     68143872
    18739392            1         220.428     37478784      2342424
    18739392            2          46.838     74957568      4684848
    18739392            4          72.082    149915136      9369696
    18739392            8         111.421    299830272     18739392
    18739392           16         211.756    599660544     37478784
    18739392           32         427.049   1199321088     74957568
    20613312            1         247.984     41226624      2576664
    20613312            2          60.639     82453248      5153328
    20613312            4          86.213    164906496     10306656
    20613312            8         140.823    329812992     20613312
    20613312           16         233.196    659625984     41226624
    20613312           32         447.351   1319251968     82453248
    22674624            1          92.832     45349248      2834328
    22674624            2         114.168     90698496      5668656
    22674624            4          77.124    181396992     11337312
    22674624            8         139.910    362793984     22674624
    22674624           16         278.329    725587968     45349248
    22674624           32         493.306   1451175936     90698496
    24941952            1         249.860     49883904      3117744
    24941952            2          79.371     99767808      6235488
    24941952            4          89.866    199535616     12470976
    24941952            8         152.751    399071232     24941952
    24941952           16         284.402    798142464     49883904
    24941952           32         578.738   1596284928     99767808
    27436032            1         212.544     54872064      3429504
    27436032            2         126.612    109744128      6859008
    27436032            4         114.928    219488256     13718016
    27436032            8         196.268    438976512     27436032
    27436032           16         356.552    877953024     54872064
    27436032           32         690.867   1755906048    109744128
    30179520            1         158.869     60359040      3772440
    30179520            2         130.880    120718080      7544880
    30179520            4         154.470    241436160     15089760
    30179520            8         253.136    482872320     30179520
    30179520           16         469.218    965744640     60359040
    30179520           32         860.245   1931489280    120718080
    33197376            1         158.782     66394752      4149672
    33197376            2         143.967    132789504      8299344
    33197376            4         190.643    265579008     16598688
    33197376            8         331.373    531158016     33197376
    33197376           16         563.940   1062316032     66394752
    33197376           32        1077.839   2124632064    132789504
    36517056            1         182.401     73034112      4564632
    36517056            2         163.216    146068224      9129264
    36517056            4         223.375    292136448     18258528
    36517056            8         386.065    584272896     36517056
    36517056           16         661.231   1168545792     73034112
    40168704            1         195.134     80337408      5021088
    40168704            2         189.509    160674816     10042176
    40168704            4         252.016    321349632     20084352
    40168704            8         432.380    642699264     40168704
    40168704           16         749.535   1285398528     80337408
    44185536            1         236.240     88371072      5523192
    44185536            2         236.991    176742144     11046384
    44185536            4         294.060    353484288     22092768
    44185536            8         463.462    706968576     44185536
    44185536           16         844.292   1413937152     88371072
    48604032            1         303.405     97208064      6075504
    48604032            2         308.808    194416128     12151008
    48604032            4         318.556    388832256     24302016
    48604032            8         554.252    777664512     48604032
    48604032           16        1026.446   1555329024     97208064
    53464320            1         302.356    106928640      6683040
    53464320            2         364.533    213857280     13366080
    53464320            4         379.650    427714560     26732160
    53464320            8         677.990    855429120     53464320
    53464320           16        1216.586   1710858240    106928640
    58810752            1         365.591    117621504      7351344
    58810752            2         424.321    235243008     14702688
    58810752            4         441.522    470486016     29405376
    58810752            8         777.291    940972032     58810752
    58810752           16        1442.051   1881944064    117621504
    64691712            1         403.572    129383424      8086464
    64691712            2         551.021    258766848     16172928
    64691712            4         616.253    517533696     32345856
    64691712            8         948.249   1035067392     64691712
    64691712           16        1623.449   2070134784    129383424
    71160768            1         456.811    142321536      8895096
    71160768            2         650.839    284643072     17790192
    71160768            4         754.318    569286144     35580384
    71160768            8        1249.339   1138572288     71160768
    78276672            1         509.398    156553344      9784584
    78276672            2         799.623    313106688     19569168
    78276672            4        1012.258    626213376     39138336
    78276672            8        1681.969   1252426752     78276672
    86104320            1         595.473    172208640     10763040
    86104320            2        1004.756    344417280     21526080
    86104320            4        1341.335    688834560     43052160
    86104320            8        2192.486   1377669120     86104320
    94714752            1         650.645    189429504     11839344
    94714752            2        1220.463    378859008     23678688
    94714752            4        1625.021    757718016     47357376
    94714752            8        2802.607   1515436032     94714752
   104186112            1         798.903    208372224     13023264
   104186112            2        1402.188    416744448     26046528
   104186112            4        1980.063    833488896     52093056
   104186112            8        3287.068   1666977792    104186112
   114604608            1         887.550    229209216     14325576
   114604608            2        1637.617    458418432     28651152
   114604608            4        2292.119    916836864     57302304
   114604608            8        3906.261   1833673728    114604608
   126064896            1        1046.920    252129792     15758112
   126064896            2        1899.707    504259584     31516224
   126064896            4        2731.342   1008519168     63032448
   126064896            8        4498.392   2017038336    126064896
   138671232            1        1154.152    277342464     17333904
   138671232            2        2147.882    554684928     34667808
   138671232            4        3124.116   1109369856     69335616
   152538240            1        1307.102    305076480     19067280
   152538240            2        2494.171    610152960     38134560
   152538240            4        3578.342   1220305920     76269120
   167792064            1        1463.033    335584128     20974008
   167792064            2        2824.729    671168256     41948016
   167792064            4        4090.234   1342336512     83896032
   184571136            1        1671.067    369142272     23071392
   184571136            2        3207.847    738284544     46142784
   184571136            4        4660.140   1476569088     92285568
   203028096            1        1869.606    406056192     25378512
   203028096            2        3619.851    812112384     50757024
   203028096            4        5272.815   1624224768    101514048
   223330752            1        2046.671    446661504     27916344
   223330752            2        4000.320    893323008     55832688
   223330752            4        5938.923   1786646016    111665376
   245663808            1        2291.710    491327616     30707976
   245663808            2        4479.970    982655232     61415952
   245663808            4        6654.874   1965310464    122831904
   270230016            1        2597.042    540460032     33778752
   270230016            2        5015.799   1080920064     67557504
   297252864            1        2846.318    594505728     37156608
   297252864            2        6042.484   1189011456     74313216
   326978112            1        3192.401    653956224     40872264
   326978112            2        6268.829   1307912448     81744528
   359675904            1        3531.601    719351808     44959488
   359675904            2        6994.539   1438703616     89918976
   395643456            1        3922.428    791286912     49455432
   395643456            2        7782.925   1582573824     98910864
   435207744            1        4414.084    870415488     54400968
   435207744            2        8887.884   1740830976    108801936
   478728384            1        4873.925    957456768     59841048
   478728384            2        9761.365   1914913536    119682096
   526601088            1        5436.927   1053202176     65825136
   526601088            2       10745.631   2106404352    131650272
   579261120            1        5945.904   1158522240     72407640
   637187136            1        6639.986   1274374272     79648392
   700905792            1        7305.107   1401811584     87613224
   770996352            1        8068.536   1541992704     96374544
   848095872            1        9283.039   1696191744    106011984
   932905344            1        9801.752   1865810688    116613168
  1026195840            1       10876.351   2052391680    128274480

META_DATA
FLOPS          1
MPI_PROCS      1
OPENMP_THREADS 24
ERT_VERSION  1.1.0
HOSTNAME  ('deepv.deep', [], ['10.2.8.6'])
UNAME  uname_result(system='Linux', node='deepv', release='4.18.0-513.11.1.el8_9.0.1.x86_64', version='#1 SMP Sun Feb 11 10:42:18 UTC 2024', machine='x86_64', processor='x86_64')
TIMESTAMP_DATA  1710500946.6021295
CONFIG  {'ERT_RESULTS': ['Results.cn.deep.fz-juelich.de.01.gcc2023-O3'], 'ERT_DRIVER': ['driver1'], 'ERT_KERNEL': ['kernel1'], 'ERT_MPI': ['True'], 'ERT_MPI_CFLAGS': ['-I', '/p/software/deep/stages/2023/software/psmpi/5.9.2-1-GCC-11.3.0/include'], 'ERT_MPI_LDFLAGS': ['-L', '/p/software/deep/stages/2023/software/psmpi/5.9.2-1-GCC-11.3.0/lib', '-lmpi'], 'ERT_OPENMP': ['True'], 'ERT_OPENMP_CFLAGS': ['-fopenmp'], 'ERT_OPENMP_LDFLAGS': ['-fopenmp'], 'ERT_FLOPS': ['1,2,4,8,16,64,128'], 'ERT_ALIGN': ['64'], 'ERT_CC': ['mpicxx'], 'ERT_CFLAGS': ['-g', '-O3', '-mavx'], 'ERT_LD': ['mpicxx'], 'ERT_LDFLAGS': [], 'ERT_LDLIBS': [], 'ERT_PRECISION': ['FP64'], 'ERT_RUN': ['export', 'OMP_NUM_THREADS=ERT_OPENMP_THREADS;', 'export', 'OMP_PLACES="cores(ERT_OPENMP_THREADS)";', 'srun', '-p', 'dp-cn', '-n', 'ERT_MPI_PROCS', '-c', '48', '--ntasks-per-node', '1', 'ERT_CODE'], 'ERT_PROCS_THREADS': ['24'], 'ERT_MPI_PROCS': ['1'], 'ERT_OPENMP_THREADS': ['24'], 'ERT_NUM_EXPERIMENTS': ['5'], 'ERT_MEMORY_MAX': ['1073741824'], 'ERT_WORKING_SET_MIN': ['128'], 'ERT_TRIALS_MIN': ['1'], 'ERT_GNUPLOT': ['gnuplot'], 'ERT_GPU': [False], 'ERT_HIP': [False], 'ERT_OCL': [False], 'ERT_SYCL': [False], 'ERT_WSS_MULT': [1.1]}
