fp64
       24576            1           2.453        49152         3072
       24576            2          16.273        98304         6144
       24576            4          19.099       196608        12288
       24576            8           4.994       393216        24576
       24576           16           4.878       786432        49152
       24576           32           5.086      1572864        98304
       24576           64           3.933      3145728       196608
       24576          128           3.484      6291456       393216
       24576          256           5.932     12582912       786432
       24576          512          10.946     25165824      1572864
       24576         1024          21.344     50331648      3145728
       24576         2048          35.834    100663296      6291456
       24576         4096          56.459    201326592     12582912
       24576         8192         104.993    402653184     25165824
       24576        16384         204.359    805306368     50331648
       24576        32768         418.083   1610612736    100663296
       26880            1           2.625        53760         3360
       26880            2           4.831       107520         6720
       26880            4           4.796       215040        13440
       26880            8           7.568       430080        26880
       26880           16           6.135       860160        53760
       26880           32           6.260      1720320       107520
       26880           64           3.115      3440640       215040
       26880          128           5.455      6881280       430080
       26880          256           8.375     13762560       860160
       26880          512          16.338     27525120      1720320
       26880         1024          27.082     55050240      3440640
       26880         2048          45.791    110100480      6881280
       26880         4096          67.687    220200960     13762560
       26880         8192         148.402    440401920     27525120
       26880        16384         251.555    880803840     55050240
       26880        32768         490.218   1761607680    110100480
       29568            1           1.876        59136         3696
       29568            2           4.351       118272         7392
       29568            4           2.816       236544        14784
       29568            8           4.148       473088        29568
       29568           16           5.408       946176        59136
       29568           32           4.503      1892352       118272
       29568           64           8.152      3784704       236544
       29568          128           5.371      7569408       473088
       29568          256           7.928     15138816       946176
       29568          512          14.709     30277632      1892352
       29568         1024          23.430     60555264      3784704
       29568         2048          40.967    121110528      7569408
       29568         4096          63.417    242221056     15138816
       29568         8192         123.539    484442112     30277632
       29568        16384         235.770    968884224     60555264
       29568        32768         481.541   1937768448    121110528
       32448            1           4.516        64896         4056
       32448            2           3.814       129792         8112
       32448            4           4.973       259584        16224
       32448            8          10.478       519168        32448
       32448           16           5.067      1038336        64896
       32448           32           5.829      2076672       129792
       32448           64           4.119      4153344       259584
       32448          128           5.183      8306688       519168
       32448          256           8.723     16613376      1038336
       32448          512          14.176     33226752      2076672
       32448         1024          26.442     66453504      4153344
       32448         2048          42.218    132907008      8306688
       32448         4096          68.734    265814016     16613376
       32448         8192         131.793    531628032     33226752
       32448        16384         254.195   1063256064     66453504
       32448        32768         509.025   2126512128    132907008
       35520            1           3.217        71040         4440
       35520            2           5.133       142080         8880
       35520            4           4.066       284160        17760
       35520            8          13.352       568320        35520
       35520           16           4.467      1136640        71040
       35520           32           6.287      2273280       142080
       35520           64           5.966      4546560       284160
       35520          128           5.676      9093120       568320
       35520          256          11.426     18186240      1136640
       35520          512          15.000     36372480      2273280
       35520         1024          25.549     72744960      4546560
       35520         2048          41.495    145489920      9093120
       35520         4096          72.296    290979840     18186240
       35520         8192         139.704    581959680     36372480
       35520        16384         287.858   1163919360     72744960
       38976            1           4.199        77952         4872
       38976            2           3.650       155904         9744
       38976            4           5.453       311808        19488
       38976            8           4.781       623616        38976
       38976           16           4.358      1247232        77952
       38976           32           4.080      2494464       155904
       38976           64           3.666      4988928       311808
       38976          128           5.346      9977856       623616
       38976          256           9.212     19955712      1247232
       38976          512          17.350     39911424      2494464
       38976         1024          28.262     79822848      4988928
       38976         2048          49.913    159645696      9977856
       38976         4096          77.891    319291392     19955712
       38976         8192         150.325    638582784     39911424
       38976        16384         309.399   1277165568     79822848
       42816            1           3.250        85632         5352
       42816            2           4.711       171264        10704
       42816            4          17.212       342528        21408
       42816            8           6.013       685056        42816
       42816           16           4.347      1370112        85632
       42816           32           4.496      2740224       171264
       42816           64           5.111      5480448       342528
       42816          128           5.523     10960896       685056
       42816          256          10.238     21921792      1370112
       42816          512          19.407     43843584      2740224
       42816         1024          32.443     87687168      5480448
       42816         2048          46.055    175374336     10960896
       42816         4096         101.115    350748672     21921792
       42816         8192         161.486    701497344     43843584
       42816        16384         319.303   1402994688     87687168
       47040            1           2.139        94080         5880
       47040            2           2.604       188160        11760
       47040            4          19.304       376320        23520
       47040            8           3.384       752640        47040
       47040           16           4.134      1505280        94080
       47040           32           4.968      3010560       188160
       47040           64           4.076      6021120       376320
       47040          128           8.448     12042240       752640
       47040          256           9.712     24084480      1505280
       47040          512          19.906     48168960      3010560
       47040         1024          37.740     96337920      6021120
       47040         2048          48.409    192675840     12042240
       47040         4096          89.957    385351680     24084480
       47040         8192         172.865    770703360     48168960
       47040        16384         339.710   1541406720     96337920
       51648            1           1.070       103296         6456
       51648            2           4.851       206592        12912
       51648            4          13.276       413184        25824
       51648            8          21.993       826368        51648
       51648           16           4.092      1652736       103296
       51648           32           3.910      3305472       206592
       51648           64           4.886      6610944       413184
       51648          128           6.515     13221888       826368
       51648          256          10.615     26443776      1652736
       51648          512          22.176     52887552      3305472
       51648         1024          38.730    105775104      6610944
       51648         2048          55.204    211550208     13221888
       51648         4096          96.912    423100416     26443776
       51648         8192         188.781    846200832     52887552
       51648        16384         387.027   1692401664    105775104
       56640            1           5.121       113280         7080
       56640            2           3.886       226560        14160
       56640            4           1.787       453120        28320
       56640            8           3.578       906240        56640
       56640           16           4.088      1812480       113280
       56640           32           6.482      3624960       226560
       56640           64           5.153      7249920       453120
       56640          128           7.353     14499840       906240
       56640          256          11.434     28999680      1812480
       56640          512          23.203     57999360      3624960
       56640         1024          44.573    115998720      7249920
       56640         2048          57.083    231997440     14499840
       56640         4096         105.548    463994880     28999680
       56640         8192         223.215    927989760     57999360
       56640        16384         401.615   1855979520    115998720
       62208            1           6.015       124416         7776
       62208            2          21.123       248832        15552
       62208            4           7.112       497664        31104
       62208            8           1.969       995328        62208
       62208           16           6.421      1990656       124416
       62208           32           5.373      3981312       248832
       62208           64           5.055      7962624       497664
       62208          128           7.781     15925248       995328
       62208          256          15.894     31850496      1990656
       62208          512          28.938     63700992      3981312
       62208         1024          41.808    127401984      7962624
       62208         2048          64.983    254803968     15925248
       62208         4096         120.505    509607936     31850496
       62208         8192         238.725   1019215872     63700992
       62208        16384         473.632   2038431744    127401984
       68352            1           3.787       136704         8544
       68352            2           3.870       273408        17088
       68352            4          14.198       546816        34176
       68352            8          14.919      1093632        68352
       68352           16           5.616      2187264       136704
       68352           32           6.455      4374528       273408
       68352           64           6.255      8749056       546816
       68352          128           8.082     17498112      1093632
       68352          256          15.587     34996224      2187264
       68352          512          28.337     69992448      4374528
       68352         1024          45.353    139984896      8749056
       68352         2048          68.999    279969792     17498112
       68352         4096         130.698    559939584     34996224
       68352         8192         272.249   1119879168     69992448
       75072            1           3.301       150144         9384
       75072            2           4.200       300288        18768
       75072            4          18.308       600576        37536
       75072            8           4.268      1201152        75072
       75072           16           5.096      2402304       150144
       75072           32           5.935      4804608       300288
       75072           64           5.499      9609216       600576
       75072          128           9.542     19218432      1201152
       75072          256          20.016     38436864      2402304
       75072          512          30.505     76873728      4804608
       75072         1024          49.471    153747456      9609216
       75072         2048          74.690    307494912     19218432
       75072         4096         141.328    614989824     38436864
       75072         8192         291.692   1229979648     76873728
       82560            1           3.873       165120        10320
       82560            2          22.393       330240        20640
       82560            4           4.817       660480        41280
       82560            8           3.831      1320960        82560
       82560           16           8.613      2641920       165120
       82560           32           4.062      5283840       330240
       82560           64           5.794     10567680       660480
       82560          128           9.264     21135360      1320960
       82560          256          17.681     42270720      2641920
       82560          512          31.800     84541440      5283840
       82560         1024          46.423    169082880     10567680
       82560         2048          80.839    338165760     21135360
       82560         4096         169.884    676331520     42270720
       82560         8192         302.341   1352663040     84541440
       90816            1           6.008       181632        11352
       90816            2           4.132       363264        22704
       90816            4           5.436       726528        45408
       90816            8          13.402      1453056        90816
       90816           16           6.892      2906112       181632
       90816           32           4.446      5812224       363264
       90816           64           5.202     11624448       726528
       90816          128          13.010     23248896      1453056
       90816          256          19.598     46497792      2906112
       90816          512          32.940     92995584      5812224
       90816         1024          47.288    185991168     11624448
       90816         2048          88.436    371982336     23248896
       90816         4096         168.387    743964672     46497792
       90816         8192         324.753   1487929344     92995584
       99840            1           2.093       199680        12480
       99840            2           3.212       399360        24960
       99840            4           4.910       798720        49920
       99840            8           4.574      1597440        99840
       99840           16           6.734      3194880       199680
       99840           32           7.887      6389760       399360
       99840           64           6.310     12779520       798720
       99840          128          11.949     25559040      1597440
       99840          256          19.392     51118080      3194880
       99840          512          37.564    102236160      6389760
       99840         1024          50.198    204472320     12779520
       99840         2048          93.155    408944640     25559040
       99840         4096         179.865    817889280     51118080
       99840         8192         359.056   1635778560    102236160
      109824            1           3.973       219648        13728
      109824            2           3.616       439296        27456
      109824            4          14.233       878592        54912
      109824            8          20.732      1757184       109824
      109824           16           3.546      3514368       219648
      109824           32           5.042      7028736       439296
      109824           64           8.625     14057472       878592
      109824          128          11.780     28114944      1757184
      109824          256          21.380     56229888      3514368
      109824          512          37.584    112459776      7028736
      109824         1024          57.577    224919552     14057472
      109824         2048         103.828    449839104     28114944
      109824         4096         200.415    899678208     56229888
      109824         8192         409.386   1799356416    112459776
      120768            1           1.931       241536        15096
      120768            2           3.869       483072        30192
      120768            4          31.772       966144        60384
      120768            8           6.864      1932288       120768
      120768           16           6.828      3864576       241536
      120768           32           5.010      7729152       483072
      120768           64           8.965     15458304       966144
      120768          128          12.161     30916608      1932288
      120768          256          24.859     61833216      3864576
      120768          512          41.236    123666432      7729152
      120768         1024          59.677    247332864     15458304
      120768         2048         111.771    494665728     30916608
      120768         4096         232.562    989331456     61833216
      120768         8192         426.589   1978662912    123666432
      132672            1           4.797       265344        16584
      132672            2          19.046       530688        33168
      132672            4          13.357      1061376        66336
      132672            8           2.758      2122752       132672
      132672           16           6.172      4245504       265344
      132672           32           6.147      8491008       530688
      132672           64          25.014     16982016      1061376
      132672          128          14.290     33964032      2122752
      132672          256          24.264     67928064      4245504
      132672          512          46.365    135856128      8491008
      132672         1024          64.451    271712256     16982016
      132672         2048         121.841    543424512     33964032
      132672         4096         236.907   1086849024     67928064
      145920            1           6.392       291840        18240
      145920            2           1.952       583680        36480
      145920            4          10.214      1167360        72960
      145920            8           3.678      2334720       145920
      145920           16           5.134      4669440       291840
      145920           32           6.660      9338880       583680
      145920           64           9.558     18677760      1167360
      145920          128          15.256     37355520      2334720
      145920          256          25.774     74711040      4669440
      145920          512          44.622    149422080      9338880
      145920         1024          69.188    298844160     18677760
      145920         2048         131.694    597688320     37355520
      145920         4096         257.297   1195376640     74711040
      160512            1           4.327       321024        20064
      160512            2           3.410       642048        40128
      160512            4          28.128      1284096        80256
      160512            8           4.212      2568192       160512
      160512           16           4.772      5136384       321024
      160512           32           5.524     10272768       642048
      160512           64           8.503     20545536      1284096
      160512          128          16.944     41091072      2568192
      160512          256          28.330     82182144      5136384
      160512          512          47.296    164364288     10272768
      160512         1024          76.337    328728576     20545536
      160512         2048         146.393    657457152     41091072
      160512         4096         284.774   1314914304     82182144
      176448            1           4.250       352896        22056
      176448            2          14.832       705792        44112
      176448            4           4.494      1411584        88224
      176448            8           4.115      2823168       176448
      176448           16           4.248      5646336       352896
      176448           32           6.068     11292672       705792
      176448           64           9.640     22585344      1411584
      176448          128          17.365     45170688      2823168
      176448          256          36.684     90341376      5646336
      176448          512          45.041    180682752     11292672
      176448         1024          82.773    361365504     22585344
      176448         2048         156.724    722731008     45170688
      176448         4096         307.609   1445462016     90341376
      193920            1           5.290       387840        24240
      193920            2           5.374       775680        48480
      193920            4          17.342      1551360        96960
      193920            8           1.936      3102720       193920
      193920           16           5.094      6205440       387840
      193920           32           7.562     12410880       775680
      193920           64          10.247     24821760      1551360
      193920          128          19.825     49643520      3102720
      193920          256          36.915     99287040      6205440
      193920          512          47.121    198574080     12410880
      193920         1024          88.111    397148160     24821760
      193920         2048         175.561    794296320     49643520
      193920         4096         351.208   1588592640     99287040
      213312            1           3.066       426624        26664
      213312            2          11.318       853248        53328
      213312            4           9.978      1706496       106656
      213312            8           3.471      3412992       213312
      213312           16           6.107      6825984       426624
      213312           32           6.698     13651968       853248
      213312           64          14.790     27303936      1706496
      213312          128          19.972     54607872      3412992
      213312          256          41.461    109215744      6825984
      213312          512          51.578    218431488     13651968
      213312         1024          98.048    436862976     27303936
      213312         2048         203.094    873725952     54607872
      213312         4096         368.818   1747451904    109215744
      234624            1           6.595       469248        29328
      234624            2           2.882       938496        58656
      234624            4           1.804      1876992       117312
      234624            8           5.717      3753984       234624
      234624           16           5.399      7507968       469248
      234624           32           6.498     15015936       938496
      234624           64          11.046     30031872      1876992
      234624          128          23.192     60063744      3753984
      234624          256          41.218    120127488      7507968
      234624          512          73.088    240254976     15015936
      234624         1024         108.039    480509952     30031872
      234624         2048         207.305    961019904     60063744
      234624         4096         404.391   1922039808    120127488
      258048            1           4.926       516096        32256
      258048            2           3.050      1032192        64512
      258048            4          12.917      2064384       129024
      258048            8           6.592      4128768       258048
      258048           16           4.949      8257536       516096
      258048           32           8.408     16515072      1032192
      258048           64          12.464     33030144      2064384
      258048          128          24.474     66060288      4128768
      258048          256          41.556    132120576      8257536
      258048          512          64.423    264241152     16515072
      258048         1024         118.627    528482304     33030144
      258048         2048         226.194   1056964608     66060288
      258048         4096         458.685   2113929216    132120576
      283776            1           5.181       567552        35472
      283776            2          19.567      1135104        70944
      283776            4          14.982      2270208       141888
      283776            8           4.345      4540416       283776
      283776           16           4.871      9080832       567552
      283776           32           7.669     18161664      1135104
      283776           64          14.528     36323328      2270208
      283776          128          24.635     72646656      4540416
      283776          256          46.890    145293312      9080832
      283776          512          65.882    290586624     18161664
      283776         1024         128.731    581173248     36323328
      283776         2048         264.957   1162346496     72646656
      312000            1           8.604       624000        39000
      312000            2           4.253      1248000        78000
      312000            4           4.797      2496000       156000
      312000            8           4.822      4992000       312000
      312000           16           5.437      9984000       624000
      312000           32           8.236     19968000      1248000
      312000           64          15.212     39936000      2496000
      312000          128          25.813     79872000      4992000
      312000          256          50.325    159744000      9984000
      312000          512          73.381    319488000     19968000
      312000         1024         157.759    638976000     39936000
      312000         2048         271.079   1277952000     79872000
      343104            1           5.466       686208        42888
      343104            2           3.637      1372416        85776
      343104            4          14.053      2744832       171552
      343104            8           5.971      5489664       343104
      343104           16           7.449     10979328       686208
      343104           32           7.819     21958656      1372416
      343104           64          18.568     43917312      2744832
      343104          128          31.136     87834624      5489664
      343104          256          46.062    175669248     10979328
      343104          512          80.067    351338496     21958656
      343104         1024         169.236    702676992     43917312
      343104         2048         298.562   1405353984     87834624
      377280            1           6.490       754560        47160
      377280            2           3.865      1509120        94320
      377280            4          12.688      3018240       188640
      377280            8           6.695      6036480       377280
      377280           16           7.452     12072960       754560
      377280           32          10.108     24145920      1509120
      377280           64          19.118     48291840      3018240
      377280          128          32.340     96583680      6036480
      377280          256          51.459    193167360     12072960
      377280          512         105.220    386334720     24145920
      377280         1024         166.922    772669440     48291840
      377280         2048         324.705   1545338880     96583680
      414912            1           7.143       829824        51864
      414912            2           1.958      1659648       103728
      414912            4           4.495      3319296       207456
      414912            8           6.556      6638592       414912
      414912           16           7.567     13277184       829824
      414912           32          11.100     26554368      1659648
      414912           64          20.694     53108736      3319296
      414912          128          36.935    106217472      6638592
      414912          256          51.989    212434944     13277184
      414912          512          94.112    424869888     26554368
      414912         1024         182.906    849739776     53108736
      414912         2048         356.749   1699479552    106217472
      456384            1           7.670       912768        57048
      456384            2           3.804      1825536       114096
      456384            4           5.738      3651072       228192
      456384            8          12.912      7302144       456384
      456384           16           7.369     14604288       912768
      456384           32          13.386     29208576      1825536
      456384           64          25.109     58417152      3651072
      456384          128          40.888    116834304      7302144
      456384          256          56.911    233668608     14604288
      456384          512         102.865    467337216     29208576
      456384         1024         202.280    934674432     58417152
      456384         2048         408.377   1869348864    116834304
      501888            1           7.093      1003776        62736
      501888            2          20.154      2007552       125472
      501888            4          13.264      4015104       250944
      501888            8           5.108      8030208       501888
      501888           16           7.597     16060416      1003776
      501888           32          13.033     32120832      2007552
      501888           64          24.037     64241664      4015104
      501888          128          42.922    128483328      8030208
      501888          256          60.080    256966656     16060416
      501888          512         113.806    513933312     32120832
      501888         1024         236.114   1027866624     64241664
      501888         2048         429.838   2055733248    128483328
      552000            1           7.752      1104000        69000
      552000            2          20.186      2208000       138000
      552000            4           6.488      4416000       276000
      552000            8           6.475      8832000       552000
      552000           16           8.298     17664000      1104000
      552000           32          17.575     35328000      2208000
      552000           64          40.845     70656000      4416000
      552000          128          42.178    141312000      8832000
      552000          256          66.007    282624000     17664000
      552000          512         123.268    565248000     35328000
      552000         1024         238.169   1130496000     70656000
      607104            1          10.937      1214208        75888
      607104            2           2.957      2428416       151776
      607104            4           5.718      4856832       303552
      607104            8           6.420      9713664       607104
      607104           16           8.360     19427328      1214208
      607104           32          14.810     38854656      2428416
      607104           64          28.270     77709312      4856832
      607104          128          62.215    155418624      9713664
      607104          256          71.355    310837248     19427328
      607104          512         135.433    621674496     38854656
      607104         1024         263.326   1243348992     77709312
      667776            1           8.060      1335552        83472
      667776            2          14.975      2671104       166944
      667776            4          16.153      5342208       333888
      667776            8          26.169     10684416       667776
      667776           16          10.956     21368832      1335552
      667776           32          17.565     42737664      2671104
      667776           64          29.339     85475328      5342208
      667776          128          53.491    170950656     10684416
      667776          256          76.954    341901312     21368832
      667776          512         147.379    683802624     42737664
      667776         1024         290.362   1367605248     85475328
      734400            1           8.580      1468800        91800
      734400            2          16.155      2937600       183600
      734400            4          18.534      5875200       367200
      734400            8           7.037     11750400       734400
      734400           16          10.763     23500800      1468800
      734400           32          21.871     47001600      2937600
      734400           64          40.259     94003200      5875200
      734400          128          47.387    188006400     11750400
      734400          256          87.021    376012800     23500800
      734400          512         164.516    752025600     47001600
      734400         1024         319.671   1504051200     94003200
      807744            1          11.001      1615488       100968
      807744            2          21.551      3230976       201936
      807744            4           6.518      6461952       403872
      807744            8           9.824     12923904       807744
      807744           16          13.568     25847808      1615488
      807744           32          25.690     51695616      3230976
      807744           64          43.232    103391232      6461952
      807744          128          54.543    206782464     12923904
      807744          256         104.932    413564928     25847808
      807744          512         203.621    827129856     51695616
      807744         1024         407.312   1654259712    103391232
      888384            1          11.441      1776768       111048
      888384            2          12.600      3553536       222096
      888384            4           7.577      7107072       444192
      888384            8           9.778     14214144       888384
      888384           16          13.169     28428288      1776768
      888384           32          30.095     56856576      3553536
      888384           64          50.180    113713152      7107072
      888384          128          78.627    227426304     14214144
      888384          256         157.849    454852608     28428288
      888384          512         318.864    909705216     56856576
      888384         1024         597.318   1819410432    113713152
      977088            1          13.652      1954176       122136
      977088            2          15.761      3908352       244272
      977088            4           8.350      7816704       488544
      977088            8           9.456     15633408       977088
      977088           16          14.958     31266816      1954176
      977088           32          30.167     62533632      3908352
      977088           64          50.974    125067264      7816704
      977088          128          88.887    250134528     15633408
      977088          256         181.043    500269056     31266816
      977088          512         332.860   1000538112     62533632
      977088         1024         657.794   2001076224    125067264
     1074624            1          35.308      2149248       134328
     1074624            2           4.644      4298496       268656
     1074624            4           7.002      8596992       537312
     1074624            8          11.959     17193984      1074624
     1074624           16          17.207     34387968      2149248
     1074624           32          31.709     68775936      4298496
     1074624           64          59.928    137551872      8596992
     1074624          128          95.055    275103744     17193984
     1074624          256         191.072    550207488     34387968
     1074624          512         364.480   1100414976     68775936
     1181952            1          15.684      2363904       147744
     1181952            2           5.999      4727808       295488
     1181952            4           6.154      9455616       590976
     1181952            8          11.343     18911232      1181952
     1181952           16          18.894     37822464      2363904
     1181952           32          35.853     75644928      4727808
     1181952           64          63.712    151289856      9455616
     1181952          128         107.053    302579712     18911232
     1181952          256         210.909    605159424     37822464
     1181952          512         414.551   1210318848     75644928
     1300032            1          15.850      2600064       162504
     1300032            2          17.277      5200128       325008
     1300032            4           7.565     10400256       650016
     1300032            8          11.645     20800512      1300032
     1300032           16          18.339     41601024      2600064
     1300032           32          37.931     83202048      5200128
     1300032           64          66.488    166404096     10400256
     1300032          128         114.447    332808192     20800512
     1300032          256         241.571    665616384     41601024
     1300032          512         437.885   1331232768     83202048
     1430016            1          33.755      2860032       178752
     1430016            2           4.437      5720064       357504
     1430016            4          10.584     11440128       715008
     1430016            8          11.966     22880256      1430016
     1430016           16          36.566     45760512      2860032
     1430016           32          41.954     91521024      5720064
     1430016           64          66.639    183042048     11440128
     1430016          128         126.303    366084096     22880256
     1430016          256         245.922    732168192     45760512
     1430016          512         494.803   1464336384     91521024
     1572864            1          25.425      3145728       196608
     1572864            2          16.681      6291456       393216
     1572864            4           7.109     12582912       786432
     1572864            8          13.749     25165824      1572864
     1572864           16          24.682     50331648      3145728
     1572864           32          44.146    100663296      6291456
     1572864           64          74.046    201326592     12582912
     1572864          128         137.794    402653184     25165824
     1572864          256         289.476    805306368     50331648
     1572864          512         528.747   1610612736    100663296
     1730112            1          30.453      3460224       216264
     1730112            2           5.354      6920448       432528
     1730112            4           8.402     13840896       865056
     1730112            8          30.600     27681792      1730112
     1730112           16          25.473     55363584      3460224
     1730112           32          47.976    110727168      6920448
     1730112           64          78.126    221454336     13840896
     1730112          128         152.584    442908672     27681792
     1730112          256         292.726    885817344     55363584
     1730112          512         595.403   1771634688    110727168
     1903104            1          28.873      3806208       237888
     1903104            2          22.841      7612416       475776
     1903104            4           9.513     15224832       951552
     1903104            8          14.235     30449664      1903104
     1903104           16          29.805     60899328      3806208
     1903104           32          50.093    121798656      7612416
     1903104           64          87.861    243597312     15224832
     1903104          128         165.272    487194624     30449664
     1903104          256         340.719    974389248     60899328
     1903104          512         639.445   1948778496    121798656
     2093376            1          34.715      4186752       261672
     2093376            2           7.827      8373504       523344
     2093376            4           9.699     16747008      1046688
     2093376            8          16.613     33494016      2093376
     2093376           16          33.721     66988032      4186752
     2093376           32          55.592    133976064      8373504
     2093376           64          93.954    267952128     16747008
     2093376          128         180.088    535904256     33494016
     2093376          256         371.597   1071808512     66988032
     2093376          512         702.519   2143617024    133976064
     2302656            1          36.219      4605312       287832
     2302656            2          10.206      9210624       575664
     2302656            4          10.706     18421248      1151328
     2302656            8          17.937     36842496      2302656
     2302656           16          36.757     73684992      4605312
     2302656           32          60.367    147369984      9210624
     2302656           64         102.566    294739968     18421248
     2302656          128         197.161    589479936     36842496
     2302656          256         403.912   1178959872     73684992
     2532864            1          33.090      5065728       316608
     2532864            2           7.906     10131456       633216
     2532864            4          14.981     20262912      1266432
     2532864            8          18.773     40525824      2532864
     2532864           16          37.066     81051648      5065728
     2532864           32          66.068    162103296     10131456
     2532864           64         113.880    324206592     20262912
     2532864          128         238.418    648413184     40525824
     2532864          256         427.063   1296826368     81051648
     2786112            1          38.049      5572224       348264
     2786112            2           9.359     11144448       696528
     2786112            4          14.696     22288896      1393056
     2786112            8          24.825     44577792      2786112
     2786112           16          41.688     89155584      5572224
     2786112           32          83.283    178311168     11144448
     2786112           64         122.698    356622336     22288896
     2786112          128         237.410    713244672     44577792
     2786112          256         470.484   1426489344     89155584
     3064704            1          48.343      6129408       383088
     3064704            2           8.509     12258816       766176
     3064704            4          15.172     24517632      1532352
     3064704            8          23.919     49035264      3064704
     3064704           16          45.008     98070528      6129408
     3064704           32          70.389    196141056     12258816
     3064704           64         135.541    392282112     24517632
     3064704          128         264.983    784564224     49035264
     3064704          256         532.729   1569128448     98070528
     3371136            1          49.867      6742272       421392
     3371136            2          10.415     13484544       842784
     3371136            4          15.118     26969088      1685568
     3371136            8          25.214     53938176      3371136
     3371136           16          47.330    107876352      6742272
     3371136           32          77.818    215752704     13484544
     3371136           64         165.950    431505408     26969088
     3371136          128         289.032    863010816     53938176
     3371136          256         568.462   1726021632    107876352
     3708096            1          56.518      7416192       463512
     3708096            2          10.162     14832384       927024
     3708096            4          17.276     29664768      1854048
     3708096            8          29.304     59329536      3708096
     3708096           16          51.856    118659072      7416192
     3708096           32          83.721    237318144     14832384
     3708096           64         162.661    474636288     29664768
     3708096          128         331.518    949272576     59329536
     3708096          256         624.391   1898545152    118659072
     4078848            1          51.477      8157696       509856
     4078848            2          11.810     16315392      1019712
     4078848            4          21.241     32630784      2039424
     4078848            8          32.046     65261568      4078848
     4078848           16          56.379    130523136      8157696
     4078848           32          90.784    261046272     16315392
     4078848           64         176.854    522092544     32630784
     4078848          128         346.016   1044185088     65261568
     4078848          256         699.106   2088370176    130523136
     4486656            1          62.978      8973312       560832
     4486656            2          10.951     17946624      1121664
     4486656            4          18.630     35893248      2243328
     4486656            8          34.237     71786496      4486656
     4486656           16          58.460    143572992      8973312
     4486656           32         101.487    287145984     17946624
     4486656           64         193.212    574291968     35893248
     4486656          128         378.918   1148583936     71786496
     4935168            1          62.745      9870336       616896
     4935168            2          12.089     19740672      1233792
     4935168            4          20.545     39481344      2467584
     4935168            8          38.734     78962688      4935168
     4935168           16          63.218    157925376      9870336
     4935168           32         114.180    315850752     19740672
     4935168           64         214.479    631701504     39481344
     4935168          128         432.664   1263403008     78962688
     5428608            1          70.096     10857216       678576
     5428608            2          13.373     21714432      1357152
     5428608            4          23.444     43428864      2714304
     5428608            8          39.036     86857728      5428608
     5428608           16          70.981    173715456     10857216
     5428608           32         120.741    347430912     21714432
     5428608           64         251.508    694861824     43428864
     5428608          128         459.616   1389723648     86857728
     5971392            1          75.712     11942784       746424
     5971392            2          19.439     23885568      1492848
     5971392            4          27.682     47771136      2985696
     5971392            8          50.330     95542272      5971392
     5971392           16          97.278    191084544     11942784
     5971392           32         188.107    382169088     23885568
     5971392           64         386.301    764338176     47771136
     5971392          128         737.511   1528676352     95542272
     6568512            1          78.068     13137024       821064
     6568512            2          19.045     26274048      1642128
     6568512            4          32.021     52548096      3284256
     6568512            8          56.255    105096192      6568512
     6568512           16         105.608    210192384     13137024
     6568512           32         206.105    420384768     26274048
     6568512           64         420.279    840769536     52548096
     6568512          128         815.961   1681539072    105096192
     7225344            1          93.672     14450688       903168
     7225344            2          26.050     28901376      1806336
     7225344            4          34.390     57802752      3612672
     7225344            8          74.958    115605504      7225344
     7225344           16         111.693    231211008     14450688
     7225344           32         220.677    462422016     28901376
     7225344           64         319.762    924844032     57802752
     7225344          128         623.518   1849688064    115605504
     7947840            1         106.096     15895680       993480
     7947840            2          19.809     31791360      1986960
     7947840            4          34.378     63582720      3973920
     7947840            8          54.720    127165440      7947840
     7947840           16          90.383    254330880     15895680
     7947840           32         192.585    508661760     31791360
     7947840           64         340.806   1017323520     63582720
     7947840          128         682.999   2034647040    127165440
     8742528            1         106.848     17485056      1092816
     8742528            2          23.792     34970112      2185632
     8742528            4          38.493     69940224      4371264
     8742528            8          58.178    139880448      8742528
     8742528           16         101.071    279760896     17485056
     8742528           32         190.996    559521792     34970112
     8742528           64         389.612   1119043584     69940224
     9616704            1         123.337     19233408      1202088
     9616704            2          26.110     38466816      2404176
     9616704            4          39.151     76933632      4808352
     9616704            8          63.498    153867264      9616704
     9616704           16         128.468    307734528     19233408
     9616704           32         211.913    615469056     38466816
     9616704           64         408.952   1230938112     76933632
    10578240            1         154.116     21156480      1322280
    10578240            2          27.515     42312960      2644560
    10578240            4          41.552     84625920      5289120
    10578240            8          69.518    169251840     10578240
    10578240           16         120.350    338503680     21156480
    10578240           32         229.643    677007360     42312960
    10578240           64         463.932   1354014720     84625920
    11635968            1         143.480     23271936      1454496
    11635968            2          28.491     46543872      2908992
    11635968            4          44.300     93087744      5817984
    11635968            8          76.725    186175488     11635968
    11635968           16         130.790    372350976     23271936
    11635968           32         269.682    744701952     46543872
    11635968           64         494.601   1489403904     93087744
    12799488            1         179.265     25598976      1599936
    12799488            2          35.152     51197952      3199872
    12799488            4          50.739    102395904      6399744
    12799488            8          77.078    204791808     12799488
    12799488           16         147.119    409583616     25598976
    12799488           32         276.697    819167232     51197952
    12799488           64         557.519   1638334464    102395904
    14079360            1         174.895     28158720      1759920
    14079360            2          36.004     56317440      3519840
    14079360            4          55.597    112634880      7039680
    14079360            8          86.077    225269760     14079360
    14079360           16         175.145    450539520     28158720
    14079360           32         305.128    901079040     56317440
    14079360           64         596.821   1802158080    112634880
    15487296            1         182.221     30974592      1935912
    15487296            2          37.910     61949184      3871824
    15487296            4          59.303    123898368      7743648
    15487296            8          94.736    247796736     15487296
    15487296           16         172.583    495593472     30974592
    15487296           32         353.977    991186944     61949184
    15487296           64         655.996   1982373888    123898368
    17035968            1         198.004     34071936      2129496
    17035968            2          42.865     68143872      4258992
    17035968            4          66.360    136287744      8517984
    17035968            8         101.596    272575488     17035968
    17035968           16         191.561    545150976     34071936
    17035968           32         387.278   1090301952     68143872
    18739392            1         218.687     37478784      2342424
    18739392            2          48.122     74957568      4684848
    18739392            4          72.439    149915136      9369696
    18739392            8         111.665    299830272     18739392
    18739392           16         209.227    599660544     37478784
    18739392           32         423.239   1199321088     74957568
    20613312            1         243.122     41226624      2576664
    20613312            2          57.578     82453248      5153328
    20613312            4          77.634    164906496     10306656
    20613312            8         141.901    329812992     20613312
    20613312           16         231.276    659625984     41226624
    20613312           32         447.239   1319251968     82453248
    22674624            1         255.804     45349248      2834328
    22674624            2          70.578     90698496      5668656
    22674624            4          90.121    181396992     11337312
    22674624            8         134.915    362793984     22674624
    22674624           16         252.352    725587968     45349248
    22674624           32         514.620   1451175936     90698496
    24941952            1         228.467     49883904      3117744
    24941952            2          85.139     99767808      6235488
    24941952            4          89.651    199535616     12470976
    24941952            8         151.976    399071232     24941952
    24941952           16         305.205    798142464     49883904
    24941952           32         541.826   1596284928     99767808
    27436032            1         199.310     54872064      3429504
    27436032            2          98.999    109744128      6859008
    27436032            4         117.357    219488256     13718016
    27436032            8         190.593    438976512     27436032
    27436032           16         372.818    877953024     54872064
    27436032           32         674.428   1755906048    109744128
    30179520            1         159.889     60359040      3772440
    30179520            2         119.061    120718080      7544880
    30179520            4         150.419    241436160     15089760
    30179520            8         252.944    482872320     30179520
    30179520           16         472.503    965744640     60359040
    30179520           32         870.868   1931489280    120718080
    33197376            1         170.118     66394752      4149672
    33197376            2         143.226    132789504      8299344
    33197376            4         189.126    265579008     16598688
    33197376            8         328.944    531158016     33197376
    33197376           16         564.032   1062316032     66394752
    33197376           32        1075.636   2124632064    132789504
    36517056            1         208.644     73034112      4564632
    36517056            2         173.091    146068224      9129264
    36517056            4         222.565    292136448     18258528
    36517056            8         382.479    584272896     36517056
    36517056           16         656.914   1168545792     73034112
    40168704            1         214.788     80337408      5021088
    40168704            2         197.296    160674816     10042176
    40168704            4         252.507    321349632     20084352
    40168704            8         430.309    642699264     40168704
    40168704           16         745.759   1285398528     80337408
    44185536            1         216.217     88371072      5523192
    44185536            2         226.642    176742144     11046384
    44185536            4         291.404    353484288     22092768
    44185536            8         473.756    706968576     44185536
    44185536           16         838.337   1413937152     88371072
    48604032            1         274.486     97208064      6075504
    48604032            2         300.824    194416128     12151008
    48604032            4         311.380    388832256     24302016
    48604032            8         531.478    777664512     48604032
    48604032           16         928.375   1555329024     97208064
    53464320            1         299.931    106928640      6683040
    53464320            2         340.170    213857280     13366080
    53464320            4         398.423    427714560     26732160
    53464320            8         597.184    855429120     53464320
    53464320           16        1216.963   1710858240    106928640
    58810752            1         329.916    117621504      7351344
    58810752            2         418.078    235243008     14702688
    58810752            4         445.017    470486016     29405376
    58810752            8         798.706    940972032     58810752
    58810752           16        1430.573   1881944064    117621504
    64691712            1         405.896    129383424      8086464
    64691712            2         547.199    258766848     16172928
    64691712            4         670.501    517533696     32345856
    64691712            8         913.599   1035067392     64691712
    64691712           16        1734.432   2070134784    129383424
    71160768            1         433.675    142321536      8895096
    71160768            2         675.175    284643072     17790192
    71160768            4         760.909    569286144     35580384
    71160768            8        1246.505   1138572288     71160768
    78276672            1         521.676    156553344      9784584
    78276672            2         810.900    313106688     19569168
    78276672            4        1063.931    626213376     39138336
    78276672            8        1741.558   1252426752     78276672
    86104320            1         578.830    172208640     10763040
    86104320            2        1004.124    344417280     21526080
    86104320            4        1365.306    688834560     43052160
    86104320            8        2235.747   1377669120     86104320
    94714752            1         666.856    189429504     11839344
    94714752            2        1137.030    378859008     23678688
    94714752            4        1629.399    757718016     47357376
    94714752            8        2728.315   1515436032     94714752
   104186112            1         751.210    208372224     13023264
   104186112            2        1350.135    416744448     26046528
   104186112            4        1987.524    833488896     52093056
   104186112            8        3323.258   1666977792    104186112
   114604608            1         868.635    229209216     14325576
   114604608            2        1617.862    458418432     28651152
   114604608            4        2292.699    916836864     57302304
   114604608            8        3874.247   1833673728    114604608
   126064896            1         986.677    252129792     15758112
   126064896            2        1846.987    504259584     31516224
   126064896            4        2703.000   1008519168     63032448
   126064896            8        4504.496   2017038336    126064896
   138671232            1        1192.965    277342464     17333904
   138671232            2        2227.985    554684928     34667808
   138671232            4        3118.873   1109369856     69335616
   152538240            1        1297.969    305076480     19067280
   152538240            2        2448.692    610152960     38134560
   152538240            4        3583.109   1220305920     76269120
   167792064            1        1449.831    335584128     20974008
   167792064            2        2740.656    671168256     41948016
   167792064            4        4114.573   1342336512     83896032
   184571136            1        1637.138    369142272     23071392
   184571136            2        3090.505    738284544     46142784
   184571136            4        4594.394   1476569088     92285568
   203028096            1        1856.154    406056192     25378512
   203028096            2        3508.035    812112384     50757024
   203028096            4        5262.858   1624224768    101514048
   223330752            1        2069.462    446661504     27916344
   223330752            2        3969.574    893323008     55832688
   223330752            4        5847.242   1786646016    111665376
   245663808            1        2278.182    491327616     30707976
   245663808            2        4424.592    982655232     61415952
   245663808            4        6574.381   1965310464    122831904
   270230016            1        2555.792    540460032     33778752
   270230016            2        4987.791   1080920064     67557504
   297252864            1        2826.479    594505728     37156608
   297252864            2        5569.859   1189011456     74313216
   326978112            1        3225.215    653956224     40872264
   326978112            2        6649.580   1307912448     81744528
   359675904            1        3507.852    719351808     44959488
   359675904            2        6917.061   1438703616     89918976
   395643456            1        3899.356    791286912     49455432
   395643456            2        7694.447   1582573824     98910864
   435207744            1        4361.916    870415488     54400968
   435207744            2        8669.563   1740830976    108801936
   478728384            1        4858.697    957456768     59841048
   478728384            2        9585.986   1914913536    119682096
   526601088            1        5365.796   1053202176     65825136
   526601088            2       10636.344   2106404352    131650272
   579261120            1        5895.617   1158522240     72407640
   637187136            1        6540.721   1274374272     79648392
   700905792            1        7234.510   1401811584     87613224
   770996352            1        7994.010   1541992704     96374544
   848095872            1        8819.368   1696191744    106011984
   932905344            1       10243.155   1865810688    116613168
  1026195840            1       10771.662   2052391680    128274480

META_DATA
FLOPS          1
MPI_PROCS      1
OPENMP_THREADS 24
ERT_VERSION  1.1.0
HOSTNAME  ('deepv.deep', [], ['10.2.8.6'])
UNAME  uname_result(system='Linux', node='deepv', release='4.18.0-513.11.1.el8_9.0.1.x86_64', version='#1 SMP Sun Feb 11 10:42:18 UTC 2024', machine='x86_64', processor='x86_64')
TIMESTAMP_DATA  1710500901.3206115
CONFIG  {'ERT_RESULTS': ['Results.cn.deep.fz-juelich.de.01.gcc2023-O3'], 'ERT_DRIVER': ['driver1'], 'ERT_KERNEL': ['kernel1'], 'ERT_MPI': ['True'], 'ERT_MPI_CFLAGS': ['-I', '/p/software/deep/stages/2023/software/psmpi/5.9.2-1-GCC-11.3.0/include'], 'ERT_MPI_LDFLAGS': ['-L', '/p/software/deep/stages/2023/software/psmpi/5.9.2-1-GCC-11.3.0/lib', '-lmpi'], 'ERT_OPENMP': ['True'], 'ERT_OPENMP_CFLAGS': ['-fopenmp'], 'ERT_OPENMP_LDFLAGS': ['-fopenmp'], 'ERT_FLOPS': ['1,2,4,8,16,64,128'], 'ERT_ALIGN': ['64'], 'ERT_CC': ['mpicxx'], 'ERT_CFLAGS': ['-g', '-O3', '-mavx'], 'ERT_LD': ['mpicxx'], 'ERT_LDFLAGS': [], 'ERT_LDLIBS': [], 'ERT_PRECISION': ['FP64'], 'ERT_RUN': ['export', 'OMP_NUM_THREADS=ERT_OPENMP_THREADS;', 'export', 'OMP_PLACES="cores(ERT_OPENMP_THREADS)";', 'srun', '-p', 'dp-cn', '-n', 'ERT_MPI_PROCS', '-c', '48', '--ntasks-per-node', '1', 'ERT_CODE'], 'ERT_PROCS_THREADS': ['24'], 'ERT_MPI_PROCS': ['1'], 'ERT_OPENMP_THREADS': ['24'], 'ERT_NUM_EXPERIMENTS': ['5'], 'ERT_MEMORY_MAX': ['1073741824'], 'ERT_WORKING_SET_MIN': ['128'], 'ERT_TRIALS_MIN': ['1'], 'ERT_GNUPLOT': ['gnuplot'], 'ERT_GPU': [False], 'ERT_HIP': [False], 'ERT_OCL': [False], 'ERT_SYCL': [False], 'ERT_WSS_MULT': [1.1]}
