fp64
 24576 32768 5605.722 5612.126 5885.485 273.6584556752757 286.98798565819794 287.31584192009524 273.6584556752757 286.98798565819794 287.31584192009524
 26880 32768 6251.516 6252.338 6282.328 280.4068300795501 281.7518310750315 281.7888780897306 280.4068300795501 281.7518310750315 281.7888780897306
 29568 32768 6836.081 6852.092 6864.206 282.3004507731848 282.79953742594233 283.46189110398194 282.3004507731848 282.79953742594233 283.46189110398194
 32448 32768 7529.591 7535.377 7580.786 280.51340955937815 282.20381382378076 282.42066906422934 280.51340955937815 282.20381382378076 282.42066906422934
 35520 16384 4123.329 4135.588 4143.263 280.9185320844947 281.4398726372163 282.27661678221654 280.9185320844947 281.4398726372163 282.27661678221654
 38976 16384 4540.558 4552.721 4564.914 279.77867009104665 280.5279673408496 281.27943041361874 279.77867009104665 280.5279673408496 281.27943041361874
 42816 16384 4982.954 4986.129 5020.894 279.43125029128277 281.3795407218706 281.55882795626854 279.43125029128277 281.3795407218706 281.55882795626854
 47040 16384 5431.212 5439.465 6200.54 248.59233550626234 283.3746921802052 283.80529428790476 248.59233550626234 283.3746921802052 283.80529428790476
 51648 16384 5945.631 5958.046 7250.826 233.40811984731118 284.05313822686156 284.6462661406333 233.40811984731118 284.05313822686156 284.6462661406333
 56640 16384 6541.383 6559.245 7560.707 245.47697986444916 282.9562731686345 283.72891787562355 245.47697986444916 282.9562731686345 283.72891787562355
 62208 16384 7203.546 7204.541 7851.597 259.620016666673 282.93707315983073 282.97615424403483 259.620016666673 282.93707315983073 282.97615424403483
 68352 8192 3946.051 3960.747 4363.421 256.6516428279554 282.7444338151364 283.79743900927787 256.6516428279554 282.7444338151364 283.79743900927787
 75072 8192 4360.436 4372.02 4769.539 257.8822917686594 281.32983106207195 282.0772161315979 257.8822917686594 281.32983106207195 282.0772161315979
 82560 8192 4758.741 4765.743 5814.665 232.62957367277392 283.8304625322851 284.24808998850745 232.62957367277392 283.8304625322851 284.24808998850745
 90816 8192 5237.497 5240.125 6091.076 244.2802132168438 283.9492080818683 284.09168425299333 244.2802132168438 283.9492080818683 284.09168425299333
 99840 8192 5772.795 5785.006 6258.239 261.38000801823006 282.76177414509164 283.35989065955056 261.38000801823006 282.76177414509164 283.35989065955056
 109824 8192 6346.265 6360.466 7094.037 253.64350594731886 282.8969474878098 283.5299843293654 253.64350594731886 282.8969474878098 283.5299843293654
 120768 8192 6899.515 6901.108 6971.161 283.83549196468135 286.71669998498794 286.782898797959 283.83549196468135 286.71669998498794 286.782898797959
 132672 4096 3821.359 3834.375 4912.751 221.23022803313256 283.4488082151589 284.41426832705326 221.23022803313256 283.4488082151589 284.41426832705326
 145920 4096 4216.396 4228.175 5396.106 221.52578915239994 282.71692633346544 283.50672944381887 221.52578915239994 282.71692633346544 283.50672944381887
 160512 4096 4631.877 4643.279 5927.722 221.82455654971673 283.1865808623604 283.88368343978044 221.82455654971673 283.1865808623604 283.88368343978044
 176448 4096 5075.497 5077.892 6505.699 222.1839676259231 284.65788874595995 284.79221167897447 222.1839676259231 284.65788874595995 284.79221167897447
 193920 4096 5548.848 5559.853 8257.38 192.38458687864673 285.72565497684917 286.29233311130525 192.38458687864673 285.72565497684917 286.29233311130525
 213312 4096 6126.663 6129.11 7931.527 220.3172105447034 285.1069574538555 285.22082967514297 220.3172105447034 285.1069574538555 285.22082967514297
 234624 4096 6712.614 6727.9 8788.228 218.70618377220077 285.68198219355224 286.33253870995713 218.70618377220077 285.68198219355224 286.33253870995713
 258048 4096 7444.994 7447.302 9446.89 223.76985611137633 283.85168427438555 283.9396802737517 223.76985611137633 283.85168427438555 283.9396802737517
 283776 2048 4064.029 4066.172 6101.257 190.50934848343547 285.85768039325444 286.0084157864031 190.50934848343547 285.85768039325444 286.0084157864031
 312000 2048 4467.634 4474.032 6337.743 201.64149918985353 285.6376530163396 286.0467083919587 201.64149918985353 285.6376530163396 286.0467083919587
 343104 2048 4923.688 5771.078 7377.535 190.49099516301854 243.51671975322458 285.42709936129177 190.49099516301854 243.51671975322458 285.42709936129177
 377280 2048 5373.794 5387.459 8091.379 190.98584802417489 286.8400260679478 287.56943046197904 190.98584802417489 286.8400260679478 287.56943046197904
 414912 2048 5941.162 5945.624 7124.881 238.52742972128235 285.8370377945191 286.05171042297786 238.52742972128235 285.8370377945191 286.05171042297786
 456384 2048 6532.044 6545.253 8652.652 216.0434585835649 285.60375954909614 286.1813031265558 216.0434585835649 285.60375954909614 286.1813031265558
 501888 2048 7175.86 7181.632 9151.37 224.63666620407653 286.24875905643734 286.4790071155235 224.63666620407653 286.24875905643734 286.4790071155235
 552000 1024 3945.716 3957.512 4950.705 228.35050765497036 285.65826205959706 286.5122578513 228.35050765497036 285.65826205959706 286.5122578513
 607104 1024 4332.037 4343.021 5375.238 231.31050048388556 286.286663592002 287.0125513701753 231.31050048388556 286.286663592002 287.0125513701753
 667776 1024 4776.728 4784.252 5942.521 230.1389003084718 285.855604596079 286.3058662749899 230.1389003084718 285.855604596079 286.3058662749899
 734400 1024 5251.004 5253.104 6519.562 230.6981972101807 286.31666153953927 286.43116630648154 230.6981972101807 286.31666153953927 286.43116630648154
 807744 1024 5789.903 5799.758 7325.918 225.80920397962413 285.22909266214214 285.71458140145006 225.80920397962413 285.22909266214214 285.71458140145006
 888384 1024 6351.041 7773.452 8038.2 226.34550421736208 234.05437275485846 286.47436412392864 226.34550421736208 234.05437275485846 286.47436412392864
 977088 1024 6985.53 6993.367 9487.007 210.9280855384633 286.1391693014252 286.4601861276096 210.9280855384633 286.1391693014252 286.4601861276096
 1074624 512 3812.848 3822.089 4797.454 229.37478420845724 287.90930195503034 288.6070926509528 229.37478420845724 287.90930195503034 288.6070926509528
 1181952 512 4250.599 4262.339 5511.377 219.60371210316404 283.95649618671814 284.7407737121286 219.60371210316404 283.95649618671814 284.7407737121286
 1300032 512 4643.307 4654.424 5923.439 224.73984589019994 286.01450319094266 286.69927876834333 224.73984589019994 286.01450319094266 286.69927876834333
 1430016 512 5144.419 5160.648 6562.471 223.13795885726583 283.7504871481256 284.64562937039153 223.13795885726583 283.7504871481256 284.64562937039153
 1572864 512 5644.37 5662.324 7206.474 223.49525385091238 284.4437612542129 285.3485395181393 223.49525385091238 284.4437612542129 285.3485395181393
 1730112 512 6178.332 6187.426 7971.13 222.25640379720315 286.32822243045814 286.74967418390594 222.25640379720315 286.32822243045814 286.74967418390594
 1903104 512 6825.861 6845.206 8479.225 229.82978939702627 284.69245425192463 285.49929393522666 229.82978939702627 284.69245425192463 285.49929393522666
 2093376 512 7469.172 7529.043 9581.649 223.72109685921498 284.7130802679703 286.9952685518556 223.72109685921498 284.7130802679703 286.9952685518556
 2302656 256 4104.152 4129.688 5276.831 223.42195003023596 285.4840055713652 287.26028470680427 223.42195003023596 285.4840055713652 287.26028470680427
 2532864 256 4543.426 4547.983 5876.724 220.67164767309134 285.1431872106822 285.4291822954748 220.67164767309134 285.1431872106822 285.4291822954748
 2786112 256 4969.629 4973.176 6296.063 226.56846731044462 286.8366902759926 287.0414157676559 226.56846731044462 286.8366902759926 287.0414157676559
 3064704 256 5509.367 5512.075 7019.359 223.54298277093392 284.6710989962945 284.8110223915016 223.54298277093392 284.6710989962945 284.8110223915016
 3371136 256 6051.096 6057.167 7681.821 224.6891241022148 284.95526572075687 285.24115829595166 224.6891241022148 284.95526572075687 285.24115829595166
 3708096 256 6597.236 6608.53 9444.588 201.0193723643636 287.28705960327034 287.7788746681186 201.0193723643636 287.28705960327034 287.7788746681186
 4078848 256 7281.31 7288.809 8895.628 234.76365873213223 286.517341310494 286.8124246873159 234.76365873213223 286.517341310494 286.8124246873159
 4486656 128 3991.639 3996.435 3997.613 287.31744068272747 287.40213114938695 287.74744810339814 287.31744068272747 287.40213114938695 287.74744810339814
 4935168 128 4383.652 4386.042 4406.701 286.70041557164876 288.0508230427342 288.207870515269 286.70041557164876 288.0508230427342 288.207870515269
 5428608 128 4808.256 4830.425 4857.967 286.071035064668 287.70214794764433 289.0286307551012 286.071035064668 287.70214794764433 289.0286307551012
 5971392 128 5331.948 5335.109 5364.239 284.975436776773 286.53141894570473 286.7012866592097 284.975436776773 286.53141894570473 286.7012866592097
 6568512 128 5864.293 6919.541 6961.944 241.5329787197369 243.01309465468879 286.7419946445377 241.5329787197369 243.01309465468879 286.7419946445377
 7225344 128 6378.799 6391.333 6393.444 289.3101220562814 289.4056785963116 289.97434532738845 289.3101220562814 289.4056785963116 289.97434532738845
 7947840 128 7101.751 7109.399 7182.706 283.27026610862254 286.1911449898929 286.49934924499604 283.27026610862254 286.1911449898929 286.49934924499604
 8742528 64 3846.584 3847.383 3850.389 290.63130608361905 290.8583793191372 290.9187954819133 290.63130608361905 290.8583793191372 290.9187954819133
 9616704 64 4279.986 4282.821 4284.264 287.31612057520266 287.412925265847 287.60330337529143 287.31612057520266 287.412925265847 287.60330337529143
 10578240 64 4699.238 4715.821 4722.263 286.7300529428369 287.1217376571333 288.1349529434346 286.7300529428369 287.1217376571333 288.1349529434346
 11635968 64 5109.048 5116.536 5131.932 290.2228447298211 291.09614473542257 291.52278545826937 290.2228447298211 291.09614473542257 291.52278545826937
 12799488 64 5614.832 5629.426 5632.886 290.85169911125485 291.03046456246153 291.78690724851606 290.85169911125485 291.03046456246153 291.78690724851606
 14079360 64 6197.196 6203.875 6207.932 290.29926229862053 290.48910237553144 290.80217569365243 290.29926229862053 290.48910237553144 290.80217569365243
 15487296 64 6888.803 6895.992 7067.504 280.4913712111093 287.46754462592185 287.7675392952883 280.4913712111093 287.46754462592185 287.7675392952883
 17035968 32 3764.006 3766.76 3793.465 287.41584593504876 289.4535229215559 289.6653065909034 287.41584593504876 289.4535229215559 289.6653065909034
 18739392 32 4133.341 4140.888 4183.445 286.6826474353075 289.6289607446519 290.1577895460355 286.6826474353075 289.6289607446519 290.1577895460355
 20613312 32 4532.333 4550.642 4562.601 289.1447154813669 289.90458225454785 291.07569280544925 289.1447154813669 289.90458225454785 291.07569280544925
 22674624 32 5000.099 5010.659 5563.926 260.8186981638505 289.61778001656074 290.229440657075 260.8186981638505 289.61778001656074 290.229440657075
 24941952 32 5457.899 5479.274 6382.357 250.10900017031327 291.3314661759934 292.47241988171635 250.10900017031327 291.3314661759934 292.47241988171635
 27436032 32 6028.808 6034.8 7908.688 222.0224199007471 290.9634201630543 291.2526071488758 222.0224199007471 290.9634201630543 291.2526071488758
 30179520 32 6649.543 6656.934 7136.779 270.63879657755973 290.1469775725582 290.4694773761144 270.63879657755973 290.1469775725582 290.4694773761144
 33197376 32 7332.734 7341.689 8816.001 240.9972576001296 289.3928173748575 289.7462343513347 240.9972576001296 289.3928173748575 289.7462343513347
 36517056 16 3947.674 3953.143 3981.713 293.478156763182 295.5991705840138 296.0086856209505 293.478156763182 295.5991705840138 296.0086856209505
 40168704 16 4343.449 4345.745 4371.514 294.039668636541 295.78323808691033 295.9395927061651 294.039668636541 295.78323808691033 295.9395927061651
 44185536 16 4758.038 4776.998 4790.437 295.15828138434966 295.9886422393311 297.1681083673565 295.15828138434966 295.9886422393311 297.1681083673565
 48604032 16 5241.772 5280.727 6867.248 226.48505252759185 294.5293373431348 296.7181754566967 226.48505252759185 294.5293373431348 296.7181754566967
 53464320 16 5781.088 5843.268 5905.553 289.7033080559941 292.7913352596526 295.9405288416299 289.7033080559941 292.7913352596526 295.9405288416299
 58810752 16 6406.967 6483.545 6580.914 285.9700132838691 290.2646721816537 293.7340030001716 285.9700132838691 290.2646721816537 293.7340030001716
 64691712 16 7132.493 7188.696 7268.144 284.8230282724173 287.97083420970927 290.2400021983898 284.8230282724173 287.97083420970927 290.2400021983898
 71160768 8 3891.598 3907.274 3949.681 288.2694293539149 291.39811745989664 292.5719172432507 288.2694293539149 291.39811745989664 292.5719172432507
 78276672 8 4325.156 4343.857 4363.457 287.0262619753099 288.32135864509354 289.5679952353164 287.0262619753099 288.32135864509354 289.5679952353164
 86104320 8 4794.753 4813.904 4829.777 285.24487155411106 286.185416244279 287.32848595120544 285.24487155411106 286.185416244279 287.32848595120544
 94714752 8 5356.075 5403.079 5414.862 279.866048663844 280.47637874626673 282.93779157312025 279.866048663844 280.47637874626673 282.93779157312025
 104186112 8 6019.696 6052.137 6092.241 273.623087464859 275.43622888906845 276.9205939967733 273.623087464859 275.43622888906845 276.9205939967733
 114604608 8 6742.756 6793.395 6821.804 268.7960146612245 269.9200809021115 271.9472168353712 268.7960146612245 269.9200809021115 271.9472168353712
 126064896 8 7510.026 7596.545 7622.324 264.62248731489245 265.52048806398176 268.5794078475894 264.62248731489245 265.52048806398176 268.5794078475894
 138671232 4 4363.919 4467.251 4504.756 246.26635848867284 248.3338984086634 254.21412633919192 246.26635848867284 248.3338984086634 254.21412633919192
 152538240 4 4894.26 4994.481 5044.701 241.89856247178966 244.33087642139395 249.33410158021843 241.89856247178966 244.33087642139395 249.33410158021843
 167792064 4 5470.923 5602.663 5647.004 237.7077317458957 239.58901543783733 245.3583265565975 237.7077317458957 239.58901543783733 245.3583265565975
 184571136 4 6119.011 6215.508 7076.871 208.64716737100335 237.56209275251516 241.30845458522626 208.64716737100335 237.56209275251516 241.30845458522626
 203028096 4 6795.4 6925.689 6953.842 233.57228536397577 234.52175920691786 239.01827236071458 233.57228536397577 234.52175920691786 239.01827236071458
 223330752 4 7540.387 7673.892 8478.182 210.73456738720634 232.82136574244203 236.9435436138755 210.73456738720634 232.82136574244203 236.9435436138755
 245663808 4 8379.391 8457.401 8513.369 230.8499095951321 232.37759023132523 234.54096652131403 230.8499095951321 232.37759023132523 234.54096652131403
 270230016 2 5451.465 5524.697 5602.49 192.93565254020982 195.65237043769096 198.28065740126738 192.93565254020982 195.65237043769096 198.28065740126738
 297252864 2 5983.915 6113.261 6311.928 188.3753198705689 194.49708690664443 198.70126096376703 188.3753198705689 194.49708690664443 198.70126096376703
 326978112 2 6699.487 6846.657 7019.181 186.3340535028232 191.02935169674777 195.22576101722413 186.3340535028232 191.02935169674777 195.22576101722413
 359675904 2 7533.05 7565.197 7894.252 182.2469837547623 190.173979078139 190.98553919063326 182.2469837547623 190.173979078139 190.98553919063326
 395643456 2 8251.814 8369.692 8676.877 182.38979577559988 189.08387835538034 191.78496073711793 182.38979577559988 189.08387835538034 191.78496073711793
 435207744 2 9222.095 9338.791 9463.13 183.959321704341 186.40860214132644 188.76740870702375 183.959321704341 186.40860214132644 188.76740870702375
 478728384 2 10156.951 10293.029 10459.718 183.0750634003708 186.03984657966086 188.5323199846096 183.0750634003708 186.03984657966086 188.5323199846096
 526601088 2 11258.474 11530.8 11555.767 182.28165659622596 182.6763409303778 187.09501412003084 182.28165659622596 182.6763409303778 187.09501412003084
 579261120 1 6258.646 6379.77 6486.753 178.59817384753205 181.5931044536088 185.1074881052547 178.59817384753205 181.5931044536088 185.1074881052547
 637187136 1 6916.781 7051.285 7459.996 170.82774199878926 180.72936663317395 184.24383712596943 170.82774199878926 180.72936663317395 184.24383712596943
 700905792 1 7677.788 7716.634 7854.103 178.4814362633136 181.6610174850848 182.58013688317521 178.4814362633136 181.6610174850848 182.58013688317521
 770996352 1 8397.071 8484.567 8633.211 178.61172442095994 181.74088365381527 183.6345916332016 178.61172442095994 181.74088365381527 183.6345916332016
 848095872 1 9262.221 9367.191 9567.282 177.29086944442528 181.07795004927303 183.13013088329464 177.29086944442528 181.07795004927303 183.13013088329464
 932905344 1 10199.239 10317.022 10540.516 177.01322098462734 180.84779580774375 182.9362649507478 177.01322098462734 180.84779580774375 182.9362649507478
 1026195840 1 11226.299 11363.886 11572.787 177.34636263503336 180.60650027640193 182.81997299377113 177.34636263503336 180.60650027640193 182.81997299377113
 
META_DATA
 FLOPS          16
 MPI_PROCS      1
 OPENMP_THREADS 24
 ERT_VERSION  1.1.0
 HOSTNAME  ('deepv.deep', [], ['10.2.8.6'])
 UNAME  uname_result(system='Linux', node='deepv', release='4.18.0-513.24.1.el8_9.x86_64', version='#1 SMP Thu Apr 4 18:13:02 UTC 2024', machine='x86_64')
 TIMESTAMP_DATA  1713374852.3307147
 CONFIG  {'ERT_RESULTS': ['Results.cn.deep.fz-juelich.de.01.gcc2023-O3-fastmath'], 'ERT_DRIVER': ['driver1'], 'ERT_KERNEL': ['kernel1'], 'ERT_MPI': ['True'], 'ERT_MPI_CFLAGS': ['-I', '/p/software/deep/stages/2023/software/psmpi/5.9.2-1-GCC-11.3.0/include'], 'ERT_MPI_LDFLAGS': ['-L', '/p/software/deep/stages/2023/software/psmpi/5.9.2-1-GCC-11.3.0/lib', '-lmpi'], 'ERT_OPENMP': ['True'], 'ERT_OPENMP_CFLAGS': ['-fopenmp'], 'ERT_OPENMP_LDFLAGS': ['-fopenmp'], 'ERT_FLOPS': ['1,2,4,8,16,64,128'], 'ERT_ALIGN': ['64'], 'ERT_CC': ['mpicxx'], 'ERT_CFLAGS': ['-g', '-O3', '-mavx'], 'ERT_LD': ['mpicxx'], 'ERT_LDFLAGS': [], 'ERT_LDLIBS': [], 'ERT_PRECISION': ['FP64'], 'ERT_RUN': ['export', 'OMP_NUM_THREADS=ERT_OPENMP_THREADS;', 'export', 'OMP_PLACES="cores(ERT_OPENMP_THREADS)";', 'srun', '-p', 'dp-cn', '-n', 'ERT_MPI_PROCS', '-c', '48', '--ntasks-per-node', '1', 'ERT_CODE'], 'ERT_PROCS_THREADS': ['24'], 'ERT_MPI_PROCS': ['1'], 'ERT_OPENMP_THREADS': ['24'], 'ERT_NUM_EXPERIMENTS': ['5'], 'ERT_MEMORY_MAX': ['1073741824'], 'ERT_WORKING_SET_MIN': ['128'], 'ERT_TRIALS_MIN': ['1'], 'ERT_GNUPLOT': ['gnuplot'], 'ERT_GPU': [False], 'ERT_HIP': [False], 'ERT_OCL': [False], 'ERT_SYCL': [False], 'ERT_WSS_MULT': [1.1]}
 TIMESTAMP_DATA  1713374905.4524229
 TIMESTAMP_DATA  1713374929.7635741
 TIMESTAMP_DATA  1713374961.7591636
 TIMESTAMP_DATA  1713375021.400161
 