fp64
 1024 1048576 186864.639 187382.782 187601.913 11.447024252892346 11.460410743608238 11.492188460546569 0.7154390158057716 0.7162756714755149 0.7182617787841605
 1120 524288 97592.285 98059.265 98131.966 11.967610228047404 11.976482997297605 12.033790580884546 0.7479756392529627 0.7485301873311003 0.7521119113052841
 1232 524288 98887.68 99326.973 99401.726 12.99620926099412 13.005990145295176 13.063767215491355 0.8122630788121326 0.8128743840809485 0.8164854509682097
 1352 524288 97622.017 98077.698 98154.495 14.443299331324562 14.454608753154053 14.52208011641472 0.9027062082077851 0.9034130470721283 0.90763000727592
 1480 524288 98824.188 99363.838 99412.956 15.610565689244769 15.618282377538597 15.703569251689679 0.9756603555777981 0.9761426485961623 0.9814730782306049
 1624 524288 97610.748 98125.824 98165.756 17.347061678005108 17.354121010999105 17.445695877671174 1.0841913548753193 1.084632563187444 1.0903559923544484
 1784 524288 99117.058 99599.358 99641.342 18.773930042010072 18.781843794615625 18.873235563549514 1.1733706276256295 1.1738652371634766 1.1795772227218446
 1960 524288 98938.881 99501.053 99545.09 20.646010365754854 20.655147840495715 20.772510657362297 1.2903756478596784 1.2909467400309822 1.2982819160851435
 2152 262144 48565.247 48820.225 48835.583 23.103395243587034 23.110663172896068 23.231999128924432 1.4439622027241896 1.4444164483060042 1.451999945557777
 2360 262144 48524.288 48781.246 48807.938 25.350787816522793 25.364659197102096 25.498976512545635 1.5844242385326746 1.585291199818881 1.5936860320341022
 2592 262144 48510.975 48768.032 48780.289 27.858680706053217 27.865682502833003 28.013341228453974 1.741167544128326 1.7416051564270627 1.7508338267783734
 2848 262144 48466.946 48697.346 48727.009 30.643625673802394 30.66229161646715 30.808052646849255 1.9152266046126496 1.916393226029197 1.9255032904280784
 3128 262144 48373.76 48611.233 48642.048 33.7151277840933 33.73650003899305 33.90211685012701 2.107195486505831 2.1085312524370656 2.118882303132938
 3440 262144 48432.129 48703.487 48715.775 37.021903479930266 37.03124418996939 37.23872473167554 2.3138689674956416 2.314452761873087 2.327420295729721
 3784 262144 48961.536 49238.014 49255.424 40.2779152200578 40.29215703135386 40.51968042832643 2.5173697012536125 2.518259814459616 2.532480026770402
 4160 131072 24587.328 24724.48 24730.623 44.09589843329058 44.10685442120522 44.35288942336475 2.755993652080661 2.7566784013253263 2.772055588960297
 4576 131072 24908.8 25048.063 25064.447 47.85946181058772 47.89076680300589 48.15852004110997 2.9912163631617323 2.993172925187868 3.0099075025693733
 5032 131072 24938.496 25065.472 25098.24 52.557813137494904 52.62652177465479 52.89447318715612 3.2848633210934315 3.2891576109159244 3.3059045741972577
 5528 131072 24730.656 24882.175 24895.489 58.20861891887322 58.23976529382983 58.59658684347071 3.6380386824295763 3.639985330864364 3.6622866777169194
 6080 131072 24733.696 24865.791 24932.352 63.92640052571054 64.09751935902622 64.43984433220172 3.995400032856909 4.006094959939139 4.027490270762607
 6688 131072 24261.633 24388.609 24391.68 71.87774979009237 71.88680059613075 72.26302829657014 4.492359361880773 4.492925037258172 4.516439268535634
 7352 131072 24445.951 24577.024 24584.192 78.39520159946686 78.41806591392024 78.83852372934888 4.899700099966679 4.901129119620015 4.927407733084305
 8080 131072 24418.304 24562.689 24567.713 86.21573851827397 86.23337290147671 86.7432693114149 5.388483657392123 5.389585806342295 5.421454331963432
 8888 65536 12450.816 12502.016 12517.376 93.06806282722513 93.18240642149235 93.56558927543384 5.816753926701571 5.823900401343272 5.847849329714615
 9776 65536 12218.368 12261.376 12275.712 104.38171504838171 104.50375814264238 104.87160576600736 6.523857190523857 6.531484883915149 6.55447536037546
 10752 65536 11551.744 11617.28 11626.496 121.21331689272505 121.3094755398854 121.9976952397837 7.575832305795315 7.581842221242837 7.624855952486481
 11824 65536 12108.8 12146.688 12162.048 127.42881198955966 127.5899511043669 127.98917547568712 7.964300749347479 7.9743719440229315 7.999323467230445
 13000 65536 12468.224 12517.376 12532.768 135.95847302048517 136.12565445026178 136.6622864651774 8.497404563780323 8.507853403141361 8.541392904073588
 14296 65536 12360.704 12420.096 12428.288 150.76938287880034 150.8688267787946 151.59373705575345 9.423086429925021 9.429301673674663 9.47460856598459
 15720 65536 12119.04 12170.208 12180.384 169.16148456403343 169.302927279468 170.01774397972113 10.57259278525209 10.58143295496675 10.62610899873257
 17288 32768 6254.592 6263.808 6268.928 180.73048023521727 180.8782082720288 181.14472822527833 11.29565501470108 11.3048880170018 11.321545514079896
 19016 32768 6092.8 6102.016 6116.352 203.75422735643727 204.23292498741398 204.5418487394958 12.73463920977733 12.764557811713374 12.783865546218488
 20912 32768 6223.872 6252.544 6269.952 218.58043442756815 219.18899443170653 220.19874958868047 13.66127715172301 13.699312151981658 13.76242184929253
 23000 32768 6144.0 6181.888 6194.176 243.34600760456274 243.8297167467285 245.33333333333331 15.209125475285171 15.239357296670532 15.333333333333332
 25296 32768 6232.064 6259.712 6273.952 264.235151304951 264.83625061344674 266.0111731843575 16.514696956559437 16.55226566334042 16.625698324022345
 27824 32768 6114.304 6151.232 6157.312 296.147680026609 296.44039828118986 298.2307821135488 18.509230001663063 18.527524892574366 18.6394238820968
 30600 32768 6192.128 6210.56 6220.8 322.3703703703703 322.9018961253091 323.86307259798247 20.148148148148145 20.18136850783182 20.241442037373904
 33656 16384 3073.024 3088.384 3103.744 355.32563510392606 357.09283819628644 358.8777074308564 22.20785219399538 22.318302387267902 22.429856714428524
 37016 16384 3122.176 3132.416 3139.584 386.33789954337897 387.2219679633867 388.4919645785503 24.146118721461185 24.20137299771167 24.280747786159395
 40712 16384 3024.896 3036.16 3042.4 438.48633184328156 439.387521079258 441.02369668246445 27.405395740205098 27.461720067453626 27.563981042654028
 44776 16384 3082.24 3088.352 3092.416 474.45750119000803 475.08184559273036 476.0239202657807 29.653593824375502 29.692615349545648 29.751495016611294
 49248 16384 3091.456 3097.6 3106.816 519.4251812788399 520.9705785123967 522.005962239152 32.46407382992749 32.560661157024796 32.625372639947
 54168 16384 3110.912 3133.44 3152.896 562.9671971419292 566.4627450980392 570.5648452929559 35.185449821370575 35.40392156862745 35.66030283080974
 59584 16384 3064.8 3075.072 3092.48 631.3536423841059 634.9277389277388 637.0557661185068 39.45960264900662 39.682983682983675 39.81598538240667
 65536 16384 2904.064 2919.424 2924.544 734.2969187675071 735.5847071203087 739.475317348378 45.893557422969195 45.974044195019296 46.217207334273624
 72088 8192 1549.216 1550.336 1561.6 756.3331147540985 761.8282694848085 762.3790304257121 47.270819672131154 47.61426684280053 47.64868940160701
 79296 8192 1550.432 1562.624 1575.936 824.3898635477582 831.4128440366972 837.9507543703947 51.524366471734886 51.96330275229357 52.37192214814967
 87224 8192 1559.552 1569.792 1570.816 909.767926988266 910.3613829093282 916.3388049901512 56.86049543676663 56.89758643183301 57.27117531188445
 95944 8192 1552.384 1570.816 1574.912 998.1170351105333 1000.7196870925684 1012.6015831134565 62.38231469440833 62.544980443285525 63.28759894459103
 105536 8192 1515.584 1524.736 1529.856 1130.2382864792503 1134.0335795836131 1140.8815506101937 70.63989290495314 70.87709872397582 71.3050969131371
 116088 8192 1536.0 1546.24 1551.36 1226.0118811881189 1230.071523178808 1238.272 76.62574257425743 76.8794701986755 77.392
 127696 8192 1557.472 1576.96 1585.184 1319.8286533298344 1326.7116883116882 1343.312280413388 82.48929083311465 82.91948051948052 83.95701752583675
 140464 4096 765.952 792.576 795.648 1446.2187902187902 1451.8242894056848 1502.288770053476 90.38867438867439 90.7390180878553 93.89304812834224
 154504 4096 771.072 773.12 862.208 1467.9714964370546 1637.1284768211922 1641.476759628154 91.74821852731591 102.32052980132451 102.59229747675963
 169952 4096 1000.352 1133.568 1141.76 1219.3865470852018 1228.1987353206864 1391.7568855762772 76.21165919282511 76.7624209575429 86.98480534851733
 186944 4096 1135.584 1140.736 1144.832 1337.7030411449016 1342.5062836624775 1348.5970637134726 83.60644007155635 83.90664272890484 84.28731648209204
 205632 4096 1139.68 1142.784 1144.832 1471.427549194991 1474.064516129032 1478.0792362768495 91.96422182468693 92.1290322580645 92.3799522673031
 226192 4096 1132.544 1145.856 1148.928 1612.777183600713 1617.1009830205542 1636.1084990958407 100.79857397504456 101.06881143878464 102.25678119349004
 248808 4096 1141.76 1147.904 1150.976 1770.8754448398574 1775.614629794826 1785.1695067264575 110.67971530249109 110.97591436217662 111.57309417040359
 273688 2048 581.632 587.744 593.92 1887.5034482758624 1907.337289704361 1927.3802816901414 117.9689655172414 119.20858060652256 120.46126760563384
 301056 2048 570.368 583.68 591.872 2083.4325259515576 2112.6736842105265 2161.9820466786355 130.21453287197235 132.0421052631579 135.12387791741472
 331160 2048 731.136 734.176 735.232 1844.9025069637885 1847.556117334263 1855.2380952380954 115.30640668523678 115.47225733339144 115.95238095238096
 364272 2048 754.688 755.712 755.712 1974.3739837398375 1974.3739837398375 1977.0529172320219 123.39837398373984 123.39837398373984 123.56580732700137
 400696 2048 754.688 756.736 757.76 2165.924324324324 2168.8552097428956 2174.7408412483037 135.37027027027025 135.55345060893097 135.92130257801898
 440760 2048 759.776 759.808 760.832 2372.866756393001 2376.0646900269544 2376.1647643515985 148.30417227456257 148.50404312668465 148.5102977719749
 484832 2048 771.072 772.096 774.144 2565.248677248677 2572.053050397878 2575.468791500664 160.3280423280423 160.75331564986737 160.9667994687915
 533312 1024 474.112 481.28 487.424 2240.8067226890757 2269.412765957447 2303.7235421166306 140.05042016806723 141.83829787234043 143.9827213822894
 586640 1024 476.128 486.4 489.472 2454.560669456067 2470.0631578947373 2523.352375831709 153.4100418410042 154.37894736842108 157.70952348948182
 645304 1024 486.4 490.496 498.688 2650.1190965092405 2694.3799582463466 2717.0694736842106 165.63244353182753 168.39874739039666 169.81684210526316
 709832 1024 590.848 590.848 591.872 2456.1660899653984 2460.4228769497404 2460.4228769497404 153.5103806228374 153.77642980935877 153.77642980935877
 780808 1024 592.896 593.92 595.936 2683.3330827471405 2692.441379310345 2697.091537132988 167.70831767169628 168.27758620689656 168.56822107081175
 858888 1024 707.584 708.608 709.632 2478.753246753247 2482.3352601156075 2485.9276410998555 154.92207792207793 155.14595375722547 155.37047756874097
 944776 1024 711.68 712.704 713.728 2710.978479196557 2714.873563218391 2718.7798561151085 169.43615494978482 169.67959770114945 169.92374100719428
 1039248 1024 827.392 828.448 829.44 2566.0444444444443 2569.1170767507438 2572.39603960396 160.37777777777777 160.56981729692149 160.7747524752475
 1143168 512 423.904 423.968 424.96 2754.621686746988 2761.066948448939 2761.483807654563 172.16385542168675 172.5666842780587 172.59273797841018
 1257480 512 478.208 479.232 480.256 2681.1940298507466 2686.923076923077 2692.6766595289077 167.57462686567166 167.93269230769232 168.29229122055673
 1383224 512 537.6 538.624 538.624 2629.703422053232 2629.703422053232 2634.7123809523805 164.356463878327 164.356463878327 164.66952380952378
 1521544 512 596.96 596.992 598.048 2605.2441543153727 2609.852487135506 2609.9923880997053 162.8277596447108 163.11578044596914 163.12452425623158
 1673696 512 657.408 659.456 659.456 2598.9068322981366 2598.9068322981366 2607.003115264797 162.43167701863354 162.43167701863354 162.93769470404982
 1841064 512 717.824 719.872 719.872 2618.8677098150783 2618.8677098150783 2626.339514978602 163.6792318634424 163.6792318634424 164.14621968616262
 2025168 512 781.312 781.312 782.304 2650.8518836667076 2654.217562254259 2654.217562254259 165.67824272916923 165.8885976408912 165.8885976408912
 2227680 256 424.96 425.984 427.04 2670.87898089172 2677.5000000000005 2683.9518072289156 166.9299363057325 167.34375000000003 167.74698795180723
 2450448 256 458.752 459.776 460.8 2722.72 2728.783964365256 2734.875 170.17 170.5489977728285 170.9296875
 2695488 256 516.096 518.144 520.192 2653.03937007874 2663.5256916996045 2674.095238095238 165.81496062992125 166.47035573122528 167.13095238095238
 2965032 256 576.512 577.536 578.56 2623.9221238938053 2628.5744680851067 2633.2433392539965 163.99513274336283 164.28590425531917 164.57770870337478
 3261528 256 610.272 611.328 612.352 2727.0301003344484 2731.597989949749 2736.324681453516 170.43938127090303 170.7248743718593 171.02029259084475
 3587680 256 672.768 673.76 673.792 2726.2006079027356 2726.3300878651153 2730.3500761035007 170.38753799392097 170.3956304915697 170.6468797564688
 3946448 256 759.808 760.832 761.856 2652.1827956989246 2655.752355316285 2659.33153638814 165.76142473118279 165.98452220726782 166.20822102425876
 4341088 128 415.744 415.744 417.792 2659.980392156863 2673.0837438423646 2673.0837438423646 166.24877450980395 167.0677339901478 167.0677339901478
 4775192 128 460.8 461.824 461.824 2647.0022172949 2647.0022172949 2652.8844444444444 165.43763858093126 165.43763858093126 165.80527777777777
 5252704 128 505.856 506.88 507.904 2647.5322580645166 2652.880808080808 2658.2510121457494 165.47076612903228 165.8050505050505 166.14068825910934
 5777968 128 552.96 553.984 553.984 2670.0406654343806 2670.0406654343806 2674.985185185185 166.87754158964879 166.87754158964879 167.18657407407406
 6355760 128 601.056 602.112 602.112 2702.2789115646265 2702.2789115646265 2707.0265665761594 168.89243197278915 168.89243197278915 169.18916041100996
 6991336 128 664.576 665.6 667.648 2680.72699386503 2688.9753846153844 2693.118644067796 167.5454371165644 168.06096153846153 168.31991525423726
 7690464 128 730.112 731.136 732.16 2688.973426573427 2692.7394957983197 2696.516129032258 168.06083916083918 168.29621848739498 168.53225806451613
 8459504 64 412.672 413.728 414.72 2610.958024691358 2617.218346353159 2623.915632754342 163.18487654320987 163.57614664707245 163.99472704714637
 9305448 64 453.632 455.68 460.8 2584.8466666666664 2613.889887640449 2625.690744920993 161.55291666666665 163.36811797752807 164.10567155756206
 10235992 64 529.408 534.528 552.96 2369.4425925925925 2451.1475095785436 2474.852998065764 148.09016203703703 153.19671934865897 154.67831237911025
 11259584 64 651.264 669.696 680.96 2116.463157894737 2152.0611620795107 2212.9685534591194 132.27894736842106 134.50382262996942 138.31053459119497
 12385536 64 906.24 912.384 954.336 1661.2059148978979 1737.5892255892256 1749.3694915254239 103.82536968111862 108.5993265993266 109.33559322033899
 13624088 64 1278.976 1305.568 1311.744 1329.4387197501953 1335.7276403833428 1363.4995996797438 83.08991998438721 83.48297752395892 85.21872497998399
 14986496 64 1528.832 1551.36 1559.552 1230.0144451739989 1236.5095709570958 1254.73007367716 76.87590282337493 77.28184818481849 78.4206296048225
 16485144 64 1650.688 1701.888 1711.136 1233.1564714902847 1239.8574007220218 1278.3145161290322 77.0722794681428 77.49108754512636 79.89465725806451
 18133656 32 1050.624 1070.08 1080.32 1074.2687203791472 1084.5488038277513 1104.6330409356726 67.1417950236967 67.78430023923445 69.03956505847954
 19947016 32 1509.376 1527.808 1538.048 830.0189747003996 835.5821045576407 845.7859565807328 51.87618591877497 52.223881534852545 52.8616222862958
 21941712 32 1736.672 1755.136 1762.304 796.8373038930853 800.0915985997666 808.5980357833834 49.80233149331783 50.00572491248541 50.53737723646146
 24135880 32 1924.096 1940.48 1945.6 793.9434210526316 796.0382585751978 802.8166577967004 49.621463815789475 49.75239116094986 50.176041112293774
 26549464 32 2117.632 2137.088 2139.136 794.32336045955 795.0845711547676 802.3895067698259 49.64521002872188 49.69278569717297 50.149344173114116
 29204408 32 2347.008 2363.392 2365.44 790.1625541125542 790.8472703639516 796.3680191972078 49.385159632034636 49.42795439774697 49.77300119982549
 32124848 32 2585.6 2605.056 2618.368 785.2182244818147 789.2307389937106 795.169504950495 49.07613903011342 49.32692118710691 49.69809405940594
 35337328 16 1418.24 1431.552 1433.568 788.7972499386146 789.9080829756796 797.3223826714801 49.299828121163415 49.36925518597997 49.83264891696751
 38871056 16 1574.912 1583.104 1587.2 783.6906451612904 785.7183053040103 789.805266579974 48.98066532258065 49.107394081500644 49.36282916124838
 42758160 16 1730.56 1745.92 1746.944 783.2312426729192 783.6906158357772 790.6464497041421 48.95195266705745 48.980663489736074 49.41540310650888
 47033976 16 1900.544 1916.928 1924.064 782.2438505164068 785.1558493589744 791.9244342672413 48.89024065727543 49.0722405849359 49.49527714170258
 51737368 16 2106.336 2122.752 2127.872 778.052333974976 779.9289676796913 786.0074442064324 48.628270873436 48.7455604799807 49.125465262902026
 56911104 16 2317.312 2332.672 2340.864 777.9842519685038 780.7164179104477 785.8912947414937 48.62401574803149 48.79477611940298 49.11820592134335
 62602208 16 2561.024 2570.24 2577.408 777.2423520063569 779.4099601593628 782.2147141143544 48.577647000397306 48.71312250996017 48.88841963214715
 68862424 8 1385.472 1403.904 1406.976 783.0970705967977 784.8106309263311 795.2515705838878 48.94356691229986 49.050664432895694 49.703223161492986
 75748664 8 1527.808 1546.24 1554.432 779.6922760210803 783.82309602649 793.279406836461 48.730767251317516 48.988943501655626 49.579962927278814
 83323528 8 1678.336 1697.792 1711.104 779.1323309395572 785.241329915561 794.3441885295911 48.69577068372232 49.07758311972256 49.64651178309944
 91655880 8 1854.464 1867.776 1880.064 780.0234885620914 785.1552220394736 790.791344561016 48.75146803513071 49.0722013774671 49.4244590350635
 100821464 8 2043.904 2058.24 2066.432 780.6419103072349 783.7489427860697 789.2461798597194 48.79011939420218 48.98430892412936 49.32788624123246
 110903608 8 2254.848 2272.256 2288.64 775.3328299776288 780.9233325822444 786.9522593097186 48.4583018736018 48.80770828639027 49.18451620685741
 121993968 8 2485.248 2505.792 2511.872 777.0712392988179 778.9567082982147 785.3958590852903 48.56695245617612 48.68479426863842 49.087241192830646
 134193360 8 2738.176 2764.8 2774.016 774.0019379844961 776.5819444444445 784.1328534031416 48.375121124031004 48.53637152777778 49.00830333769635
 147612696 4 1487.872 1505.28 1510.4 781.8469067796609 784.50625 793.6849191328286 48.86543167372881 49.031640625 49.605307445801785
 162373960 4 1642.496 1652.736 1660.928 782.0878930332923 785.9644129491945 790.8644404613467 48.88049331458077 49.12277580932466 49.42902752883417
 178611352 4 1813.504 1824.768 1833.984 779.1184743160246 783.0534161054994 787.9171019198194 48.69490464475154 48.940838506593714 49.24481886998871
 196472480 4 1986.56 2003.968 2011.136 781.538314663951 784.333801737353 791.2068298969073 48.84614466649694 49.020862608584565 49.450426868556704
 216119728 4 2200.576 2208.768 2214.944 780.5876013118166 782.7702248493279 785.6842135877152 48.786725081988536 48.92313905308299 49.1052633492322
 237731696 4 2425.856 2434.048 2443.264 778.4069048616932 781.3541754312158 783.9927712114816 48.650431553855825 48.83463596445099 48.9995482007176
 261504864 4 2658.304 2691.072 2704.384 773.5731730405149 777.3998287671233 786.9825693374422 48.34832331503218 48.587489297945204 49.18641058359014
 287655344 2 1447.968 1464.32 1469.44 783.0339285714285 785.7718094405594 794.6455833278083 48.93962053571428 49.110738090034964 49.665348957988016
 316420872 2 1595.392 1608.672 1615.872 783.2820223384031 786.7877901772395 793.3369905327344 48.95512639615019 49.174236886077466 49.5835619082959
 348062952 2 1743.84 1771.52 1786.88 779.1523818051576 785.9080382947976 798.3827690613817 48.69702386282235 49.11925239342485 49.89892306633636
 382869240 2 1936.384 1950.72 1966.08 778.9494628906251 785.0829232283464 790.8952769698573 48.68434143066407 49.06768270177165 49.43095481061608
 421156160 2 2134.016 2155.52 2162.688 778.9494554924241 781.5397862232778 789.4151871401152 48.68434096827651 48.84623663895486 49.3384491962572
 463271776 2 2366.464 2370.56 2381.856 778.0013166203162 781.708585313175 783.0616075292082 48.62508228876976 48.85678658207344 48.941350470575514
 509598952 2 2580.48 2612.224 2622.496 777.2731809695802 780.3296378871031 789.9289310515874 48.57957381059876 48.770602367943944 49.37055819072421
 560558840 1 1418.944 1438.016 1439.648 778.7443041632399 779.6280987137834 790.1070655360606 48.671519010202495 48.72675616961146 49.38169159600379
 616614720 1 1561.76 1582.24 1588.352 776.4207430091062 779.4199615734655 789.6408154902161 48.52629643806914 48.71374759834159 49.35255096813851
 678276192 1 1727.104 1742.464 1746.624 776.671100362757 778.5253434217292 785.4491588230934 48.54194377267231 48.657833963858074 49.09057242644334
 746103808 1 1896.416 1912.384 1917.92 778.0343371986318 780.286603527325 786.8566896714644 48.627146074914485 48.767912720457815 49.17854310446653
 820714184 1 2095.392 2112.704 2123.2 773.091733232856 776.9324846263366 783.3514530932638 48.3182333270535 48.55828028914604 48.95946581832899
 902785600 1 2318.752 2324.128 2336.608 772.731754748764 776.8811356345261 778.6823256648404 48.29573467179775 48.55507097715788 48.667645354052524
 993064160 1 2546.336 2562.4 2578.016 770.4096173181237 775.1047143303152 779.994596156988 48.15060108238273 48.4440446456447 48.74966225981175
 
META_DATA
 FLOPS          1
 MPI_PROCS      1
 GPU_BLOCKS     320
 GPU_THREADS    512
 ERT_VERSION  1.1.0
 HOSTNAME  ('deepv.deep', [], ['10.2.8.6'])
 UNAME  uname_result(system='Linux', node='deepv', release='4.18.0-513.11.1.el8_9.0.1.x86_64', version='#1 SMP Sun Feb 11 10:42:18 UTC 2024', machine='x86_64')
 TIMESTAMP_DATA  1710681010.646191
 CONFIG  {'ERT_RESULTS': ['Results.esb.deep.fz-juelich.de.01-gcc2023'], 'ERT_DRIVER': ['driver1'], 'ERT_KERNEL': ['kernel1'], 'ERT_MPI': ['True'], 'ERT_MPI_CFLAGS': ['-I', '/p/software/deep/stages/2023/software/psmpi/5.9.2-1-GCC-11.3.0/include'], 'ERT_MPI_LDFLAGS': ['-L', '/p/software/deep/stages/2023/software/psmpi/5.9.2-1-GCC-11.3.0/lib', '-lmpi'], 'ERT_GPU': ['True'], 'ERT_GPU_CFLAGS': ['-x', 'cu', '-arch=sm_70'], 'ERT_GPU_LDFLAGS': [], 'ERT_FLOPS': ['1,2,4,8,16,32,64,128'], 'ERT_ALIGN': ['64'], 'ERT_CC': ['nvcc'], 'ERT_CFLAGS': ['-O3'], 'ERT_LD': ['nvcc'], 'ERT_LDFLAGS': [], 'ERT_LDLIBS': [], 'ERT_PRECISION': ['FP64'], 'ERT_RUN': ['srun', '-p', 'dp-esb', '-n', 'ERT_MPI_PROCS', '-c', '8', 'ERT_CODE'], 'ERT_MPI_PROCS': ['1'], 'ERT_BLOCKS_THREADS': ['163840'], 'ERT_GPU_BLOCKS': ['80,160,320'], 'ERT_GPU_THREADS': ['256,512,1024'], 'ERT_NUM_EXPERIMENTS': ['5'], 'ERT_MEMORY_MAX': ['1073741824'], 'ERT_WORKING_SET_MIN': ['128'], 'ERT_TRIALS_MIN': ['1'], 'ERT_GNUPLOT': ['gnuplot'], 'ERT_OPENMP': [False], 'ERT_HIP': [False], 'ERT_OCL': [False], 'ERT_SYCL': [False], 'ERT_WSS_MULT': [1.1]}
 TIMESTAMP_DATA  1710681054.857756
 TIMESTAMP_DATA  1710681109.7156422
 TIMESTAMP_DATA  1710681152.0661058
 TIMESTAMP_DATA  1710681207.85187
 