fp64
       24576            1           2.342        49152        12288
       24576            2          12.947        98304        24576
       24576            4           5.190       196608        49152
       24576            8           3.417       393216        98304
       24576           16          12.608       786432       196608
       24576           32          11.038      1572864       393216
       24576           64           4.861      3145728       786432
       24576          128           5.619      6291456      1572864
       24576          256          10.882     12582912      3145728
       24576          512          17.659     25165824      6291456
       24576         1024          37.274     50331648     12582912
       24576         2048          64.988    100663296     25165824
       24576         4096          89.444    201326592     50331648
       24576         8192         173.500    402653184    100663296
       24576        16384         338.799    805306368    201326592
       24576        32768         684.062   1610612736    402653184
       26880            1           2.744        53760        13440
       26880            2           4.585       107520        26880
       26880            4           6.315       215040        53760
       26880            8           4.111       430080       107520
       26880           16           3.869       860160       215040
       26880           32           6.203      1720320       430080
       26880           64           4.059      3440640       860160
       26880          128           6.667      6881280      1720320
       26880          256          11.903     13762560      3440640
       26880          512          20.036     27525120      6881280
       26880         1024          38.849     55050240     13762560
       26880         2048          53.006    110100480     27525120
       26880         4096          97.519    220200960     55050240
       26880         8192         187.137    440401920    110100480
       26880        16384         370.104    880803840    220200960
       26880        32768         745.994   1761607680    440401920
       29568            1           1.275        59136        14784
       29568            2           4.191       118272        29568
       29568            4          13.456       236544        59136
       29568            8           4.990       473088       118272
       29568           16           3.941       946176       236544
       29568           32           2.969      1892352       473088
       29568           64           5.055      3784704       946176
       29568          128           7.377      7569408      1892352
       29568          256          13.316     15138816      3784704
       29568          512          22.038     30277632      7569408
       29568         1024          40.193     60555264     15138816
       29568         2048          57.186    121110528     30277632
       29568         4096         108.822    242221056     60555264
       29568         8192         209.901    484442112    121110528
       29568        16384         425.754    968884224    242221056
       29568        32768         832.729   1937768448    484442112
       32448            1           2.064        64896        16224
       32448            2           3.862       129792        32448
       32448            4           4.357       259584        64896
       32448            8           4.393       519168       129792
       32448           16           4.177      1038336       259584
       32448           32           5.153      2076672       519168
       32448           64           4.952      4153344      1038336
       32448          128           7.407      8306688      2076672
       32448          256          12.553     16613376      4153344
       32448          512          27.827     33226752      8306688
       32448         1024          46.522     66453504     16613376
       32448         2048          63.205    132907008     33226752
       32448         4096         118.511    265814016     66453504
       32448         8192         230.238    531628032    132907008
       32448        16384         453.168   1063256064    265814016
       32448        32768         912.157   2126512128    531628032
       35520            1           3.326        71040        17760
       35520            2          17.971       142080        35520
       35520            4           6.516       284160        71040
       35520            8           6.163       568320       142080
       35520           16           3.270      1136640       284160
       35520           32           5.369      2273280       568320
       35520           64           4.317      4546560      1136640
       35520          128           7.511      9093120      2273280
       35520          256          13.958     18186240      4546560
       35520          512          26.035     36372480      9093120
       35520         1024          45.508     72744960     18186240
       35520         2048          69.392    145489920     36372480
       35520         4096         128.027    290979840     72744960
       35520         8192         250.979    581959680    145489920
       35520        16384         509.930   1163919360    290979840
       38976            1           1.176        77952        19488
       38976            2           5.544       155904        38976
       38976            4           4.085       311808        77952
       38976            8           4.408       623616       155904
       38976           16           5.751      1247232       311808
       38976           32           4.454      2494464       623616
       38976           64           5.581      4988928      1247232
       38976          128          10.474      9977856      2494464
       38976          256          16.337     19955712      4988928
       38976          512          27.653     39911424      9977856
       38976         1024          46.947     79822848     19955712
       38976         2048          77.546    159645696     39911424
       38976         4096         147.587    319291392     79822848
       38976         8192         276.561    638582784    159645696
       38976        16384         560.103   1277165568    319291392
       42816            1           3.158        85632        21408
       42816            2          14.386       171264        42816
       42816            4           4.022       342528        85632
       42816            8           4.586       685056       171264
       42816           16           3.931      1370112       342528
       42816           32           3.926      2740224       685056
       42816           64           6.984      5480448      1370112
       42816          128          10.434     10960896      2740224
       42816          256          17.901     21921792      5480448
       42816          512          29.835     43843584     10960896
       42816         1024          51.607     87687168     21921792
       42816         2048          81.727    175374336     43843584
       42816         4096         154.033    350748672     87687168
       42816         8192         302.645    701497344    175374336
       42816        16384         608.405   1402994688    350748672
       47040            1           1.620        94080        23520
       47040            2           4.462       188160        47040
       47040            4          12.493       376320        94080
       47040            8           5.464       752640       188160
       47040           16           4.521      1505280       376320
       47040           32           2.792      3010560       752640
       47040           64           6.238      6021120      1505280
       47040          128           8.755     12042240      3010560
       47040          256          17.911     24084480      6021120
       47040          512          31.685     48168960     12042240
       47040         1024          56.090     96337920     24084480
       47040         2048         104.479    192675840     48168960
       47040         4096         166.897    385351680     96337920
       47040         8192         325.836    770703360    192675840
       47040        16384         656.684   1541406720    385351680
       51648            1           3.985       103296        25824
       51648            2           5.424       206592        51648
       51648            4           3.888       413184       103296
       51648            8           1.725       826368       206592
       51648           16           4.265      1652736       413184
       51648           32           7.028      3305472       826368
       51648           64           6.471      6610944      1652736
       51648          128          10.852     13221888      3305472
       51648          256          18.883     26443776      6610944
       51648          512          32.362     52887552     13221888
       51648         1024          62.097    105775104     26443776
       51648         2048         112.774    211550208     52887552
       51648         4096         181.817    423100416    105775104
       51648         8192         357.248    846200832    211550208
       51648        16384         721.859   1692401664    423100416
       56640            1           4.525       113280        28320
       56640            2           4.262       226560        56640
       56640            4           4.248       453120       113280
       56640            8          11.326       906240       226560
       56640           16           6.863      1812480       453120
       56640           32           4.579      3624960       906240
       56640           64           6.946      7249920      1812480
       56640          128          12.021     14499840      3624960
       56640          256          21.691     28999680      7249920
       56640          512          35.521     57999360     14499840
       56640         1024          79.737    115998720     28999680
       56640         2048         102.626    231997440     57999360
       56640         4096         200.510    463994880    115998720
       56640         8192         396.011    927989760    231997440
       56640        16384         793.836   1855979520    463994880
       62208            1           2.318       124416        31104
       62208            2           5.166       248832        62208
       62208            4          14.045       497664       124416
       62208            8           4.400       995328       248832
       62208           16           6.688      1990656       497664
       62208           32           5.149      3981312       995328
       62208           64           6.925      7962624      1990656
       62208          128          13.017     15925248      3981312
       62208          256          25.368     31850496      7962624
       62208          512          47.011     63700992     15925248
       62208         1024          61.028    127401984     31850496
       62208         2048         116.331    254803968     63700992
       62208         4096         228.397    509607936    127401984
       62208         8192         458.623   1019215872    254803968
       62208        16384         899.157   2038431744    509607936
       68352            1           5.239       136704        34176
       68352            2           4.882       273408        68352
       68352            4           2.004       546816       136704
       68352            8           3.736      1093632       273408
       68352           16           6.324      2187264       546816
       68352           32           4.552      4374528      1093632
       68352           64           7.478      8749056      2187264
       68352          128          12.735     17498112      4374528
       68352          256          25.780     34996224      8749056
       68352          512          47.501     69992448     17498112
       68352         1024          70.261    139984896     34996224
       68352         2048         120.040    279969792     69992448
       68352         4096         252.536    559939584    139984896
       68352         8192         463.924   1119879168    279969792
       75072            1           1.506       150144        37536
       75072            2           4.436       300288        75072
       75072            4           4.900       600576       150144
       75072            8           4.636      1201152       300288
       75072           16           5.448      2402304       600576
       75072           32           7.747      4804608      1201152
       75072           64           7.803      9609216      2402304
       75072          128          16.007     19218432      4804608
       75072          256          27.115     38436864      9609216
       75072          512          47.748     76873728     19218432
       75072         1024          71.939    153747456     38436864
       75072         2048         140.506    307494912     76873728
       75072         4096         269.481    614989824    153747456
       75072         8192         546.454   1229979648    307494912
       82560            1           3.288       165120        41280
       82560            2          17.742       330240        82560
       82560            4          14.560       660480       165120
       82560            8           5.451      1320960       330240
       82560           16           3.226      2641920       660480
       82560           32           6.536      5283840      1320960
       82560           64           9.601     10567680      2641920
       82560          128          17.074     21135360      5283840
       82560          256          30.347     42270720     10567680
       82560          512          52.821     84541440     21135360
       82560         1024          99.442    169082880     42270720
       82560         2048         150.486    338165760     84541440
       82560         4096         297.292    676331520    169082880
       82560         8192         597.625   1352663040    338165760
       90816            1           1.915       181632        45408
       90816            2           3.356       363264        90816
       90816            4          14.013       726528       181632
       90816            8          14.223      1453056       363264
       90816           16           5.424      2906112       726528
       90816           32           6.413      5812224      1453056
       90816           64           9.500     11624448      2906112
       90816          128          16.480     23248896      5812224
       90816          256          30.158     46497792     11624448
       90816          512          55.425     92995584     23248896
       90816         1024          85.309    185991168     46497792
       90816         2048         183.007    371982336     92995584
       90816         4096         322.322    743964672    185991168
       90816         8192         649.462   1487929344    371982336
       99840            1           3.166       199680        49920
       99840            2           2.736       399360        99840
       99840            4          13.953       798720       199680
       99840            8           5.254      1597440       399360
       99840           16           4.426      3194880       798720
       99840           32           6.904      6389760      1597440
       99840           64          10.627     12779520      3194880
       99840          128          16.327     25559040      6389760
       99840          256          34.739     51118080     12779520
       99840          512          58.939    102236160     25559040
       99840         1024         101.160    204472320     51118080
       99840         2048         199.142    408944640    102236160
       99840         4096         354.068    817889280    204472320
       99840         8192         714.683   1635778560    408944640
      109824            1           4.286       219648        54912
      109824            2           2.377       439296       109824
      109824            4          15.911       878592       219648
      109824            8          11.706      1757184       439296
      109824           16           5.483      3514368       878592
      109824           32           7.335      7028736      1757184
      109824           64          11.116     14057472      3514368
      109824          128          20.436     28114944      7028736
      109824          256          39.655     56229888     14057472
      109824          512          72.396    112459776     28114944
      109824         1024         101.119    224919552     56229888
      109824         2048         194.873    449839104    112459776
      109824         4096         385.219    899678208    224919552
      109824         8192         776.092   1799356416    449839104
      120768            1           2.414       241536        60384
      120768            2           2.592       483072       120768
      120768            4          16.987       966144       241536
      120768            8          14.545      1932288       483072
      120768           16           5.101      3864576       966144
      120768           32           6.564      7729152      1932288
      120768           64          11.890     15458304      3864576
      120768          128          24.015     30916608      7729152
      120768          256          43.412     61833216     15458304
      120768          512          58.061    123666432     30916608
      120768         1024         109.783    247332864     61833216
      120768         2048         213.908    494665728    123666432
      120768         4096         434.171    989331456    247332864
      120768         8192         836.198   1978662912    494665728
      132672            1           2.427       265344        66336
      132672            2           4.730       530688       132672
      132672            4           6.234      1061376       265344
      132672            8           4.016      2122752       530688
      132672           16           3.583      4245504      1061376
      132672           32           6.668      8491008      2122752
      132672           64          12.661     16982016      4245504
      132672          128          25.008     33964032      8491008
      132672          256          46.933     67928064     16982016
      132672          512          63.177    135856128     33964032
      132672         1024         119.942    271712256     67928064
      132672         2048         233.890    543424512    135856128
      132672         4096         476.289   1086849024    271712256
      145920            1           6.436       291840        72960
      145920            2          10.951       583680       145920
      145920            4           4.258      1167360       291840
      145920            8           2.949      2334720       583680
      145920           16           5.627      4669440      1167360
      145920           32           7.985      9338880      2334720
      145920           64          13.808     18677760      4669440
      145920          128          27.794     37355520      9338880
      145920          256          47.697     74711040     18677760
      145920          512          72.326    149422080     37355520
      145920         1024         130.806    298844160     74711040
      145920         2048         256.376    597688320    149422080
      145920         4096         518.869   1195376640    298844160
      160512            1           3.620       321024        80256
      160512            2           4.245       642048       160512
      160512            4           4.015      1284096       321024
      160512            8           6.557      2568192       642048
      160512           16           5.846      5136384      1284096
      160512           32           9.659     10272768      2568192
      160512           64          15.340     20545536      5136384
      160512          128          29.622     41091072     10272768
      160512          256          48.862     82182144     20545536
      160512          512          75.045    164364288     41091072
      160512         1024         161.780    328728576     82182144
      160512         2048         281.326    657457152    164364288
      160512         4096         553.349   1314914304    328728576
      176448            1           4.899       352896        88224
      176448            2          16.527       705792       176448
      176448            4           3.314      1411584       352896
      176448            8           5.987      2823168       705792
      176448           16           6.234      5646336      1411584
      176448           32           8.953     11292672      2823168
      176448           64          17.059     22585344      5646336
      176448          128          30.339     45170688     11292672
      176448          256          52.712     90341376     22585344
      176448          512          84.113    180682752     45170688
      176448         1024         156.773    361365504     90341376
      176448         2048         325.516    722731008    180682752
      176448         4096         607.904   1445462016    361365504
      193920            1           4.245       387840        96960
      193920            2           3.337       775680       193920
      193920            4           4.428      1551360       387840
      193920            8           3.802      3102720       775680
      193920           16           8.144      6205440      1551360
      193920           32          11.016     12410880      3102720
      193920           64          16.350     24821760      6205440
      193920          128          34.458     49643520     12410880
      193920          256          56.000     99287040     24821760
      193920          512          88.365    198574080     49643520
      193920         1024         170.871    397148160     99287040
      193920         2048         357.386    794296320    198574080
      193920         4096         667.979   1588592640    397148160
      213312            1           4.769       426624       106656
      213312            2           4.941       853248       213312
      213312            4           5.129      1706496       426624
      213312            8          11.887      3412992       853248
      213312           16           5.760      6825984      1706496
      213312           32          10.226     13651968      3412992
      213312           64          21.914     27303936      6825984
      213312          128          35.592     54607872     13651968
      213312          256          55.873    109215744     27303936
      213312          512          96.364    218431488     54607872
      213312         1024         188.343    436862976    109215744
      213312         2048         388.297    873725952    218431488
      213312         4096         742.066   1747451904    436862976
      234624            1           3.164       469248       117312
      234624            2           4.513       938496       234624
      234624            4          15.775      1876992       469248
      234624            8          12.975      3753984       938496
      234624           16           6.501      7507968      1876992
      234624           32          11.280     15015936      3753984
      234624           64          21.140     30031872      7507968
      234624          128          38.873     60063744     15015936
      234624          256          59.901    120127488     30031872
      234624          512         106.233    240254976     60063744
      234624         1024         223.241    480509952    120127488
      234624         2048         406.681    961019904    240254976
      234624         4096         815.006   1922039808    480509952
      258048            1           4.635       516096       129024
      258048            2          20.538      1032192       258048
      258048            4          17.800      2064384       516096
      258048            8           5.611      4128768      1032192
      258048           16           8.457      8257536      2064384
      258048           32          12.897     16515072      4128768
      258048           64          23.420     33030144      8257536
      258048          128          44.956     66060288     16515072
      258048          256          80.849    132120576     33030144
      258048          512         116.177    264241152     66060288
      258048         1024         223.610    528482304    132120576
      258048         2048         445.291   1056964608    264241152
      258048         4096         893.481   2113929216    528482304
      283776            1           3.759       567552       141888
      283776            2          16.934      1135104       283776
      283776            4          16.122      2270208       567552
      283776            8           6.856      4540416      1135104
      283776           16           8.220      9080832      2270208
      283776           32          12.695     18161664      4540416
      283776           64          26.779     36323328      9080832
      283776          128          47.512     72646656     18161664
      283776          256          66.597    145293312     36323328
      283776          512         126.097    290586624     72646656
      283776         1024         246.206    581173248    145293312
      283776         2048         497.029   1162346496    290586624
      312000            1           9.732       624000       156000
      312000            2           5.402      1248000       312000
      312000            4          14.583      2496000       624000
      312000            8           8.895      4992000      1248000
      312000           16           8.507      9984000      2496000
      312000           32          13.917     19968000      4992000
      312000           64          28.823     39936000      9984000
      312000          128          52.165     79872000     19968000
      312000          256          90.923    159744000     39936000
      312000          512         137.749    319488000     79872000
      312000         1024         269.339    638976000    159744000
      312000         2048         543.893   1277952000    319488000
      343104            1           6.039       686208       171552
      343104            2           4.044      1372416       343104
      343104            4          15.332      2744832       686208
      343104            8           6.693      5489664      1372416
      343104           16           9.555     10979328      2744832
      343104           32          14.709     21958656      5489664
      343104           64          31.271     43917312     10979328
      343104          128          49.884     87834624     21958656
      343104          256          78.682    175669248     43917312
      343104          512         166.918    351338496     87834624
      343104         1024         296.410    702676992    175669248
      343104         2048         585.420   1405353984    351338496
      377280            1           4.558       754560       188640
      377280            2           4.473      1509120       377280
      377280            4          17.994      3018240       754560
      377280            8           7.607      6036480      1509120
      377280           16          10.102     12072960      3018240
      377280           32          15.540     24145920      6036480
      377280           64          33.634     48291840     12072960
      377280          128          56.590     96583680     24145920
      377280          256          86.663    193167360     48291840
      377280          512         166.720    386334720     96583680
      377280         1024         342.394    772669440    193167360
      377280         2048         640.980   1545338880    386334720
      414912            1           5.532       829824       207456
      414912            2          18.050      1659648       414912
      414912            4          15.695      3319296       829824
      414912            8           7.128      6638592      1659648
      414912           16          10.292     13277184      3319296
      414912           32          20.389     26554368      6638592
      414912           64          34.861     53108736     13277184
      414912          128          54.487    106217472     26554368
      414912          256          94.426    212434944     53108736
      414912          512         181.085    424869888    106217472
      414912         1024         371.841    849739776    212434944
      414912         2048         703.790   1699479552    424869888
      456384            1           6.093       912768       228192
      456384            2          13.184      1825536       456384
      456384            4          14.416      3651072       912768
      456384            8           6.898      7302144      1825536
      456384           16          10.976     14604288      3651072
      456384           32          18.561     29208576      7302144
      456384           64          38.671     58417152     14604288
      456384          128          57.798    116834304     29208576
      456384          256         103.980    233668608     58417152
      456384          512         213.362    467337216    116834304
      456384         1024         389.545    934674432    233668608
      456384         2048         787.882   1869348864    467337216
      501888            1           6.747      1003776       250944
      501888            2          30.697      2007552       501888
      501888            4           8.739      4015104      1003776
      501888            8           7.127      8030208      2007552
      501888           16          13.206     16060416      4015104
      501888           32          23.352     32120832      8030208
      501888           64          40.884     64241664     16060416
      501888          128          65.080    128483328     32120832
      501888          256         131.174    256966656     64241664
      501888          512         219.707    513933312    128483328
      501888         1024         428.505   1027866624    256966656
      501888         2048         870.626   2055733248    513933312
      552000            1           6.345      1104000       276000
      552000            2           5.043      2208000       552000
      552000            4           6.200      4416000      1104000
      552000            8           7.449      8832000      2208000
      552000           16          13.747     17664000      4416000
      552000           32          27.170     35328000      8832000
      552000           64          46.268     70656000     17664000
      552000          128          64.596    141312000     35328000
      552000          256         123.325    282624000     70656000
      552000          512         239.002    565248000    141312000
      552000         1024         487.101   1130496000    282624000
      607104            1           8.885      1214208       303552
      607104            2           3.628      2428416       607104
      607104            4           6.428      4856832      1214208
      607104            8           8.173      9713664      2428416
      607104           16          14.417     19427328      4856832
      607104           32          28.930     38854656      9713664
      607104           64          50.224     77709312     19427328
      607104          128          90.349    155418624     38854656
      607104          256         134.860    310837248     77709312
      607104          512         262.307    621674496    155418624
      607104         1024         529.858   1243348992    310837248
      667776            1           9.868      1335552       333888
      667776            2          30.779      2671104       667776
      667776            4           5.936      5342208      1335552
      667776            8          10.959     10684416      2671104
      667776           16          14.670     21368832      5342208
      667776           32          32.495     42737664     10684416
      667776           64          53.001     85475328     21368832
      667776          128          78.032    170950656     42737664
      667776          256         148.475    341901312     85475328
      667776          512         304.022    683802624    170950656
      667776         1024         566.883   1367605248    341901312
      734400            1           7.704      1468800       367200
      734400            2          22.403      2937600       734400
      734400            4           7.557      5875200      1468800
      734400            8          10.239     11750400      2937600
      734400           16          16.108     23500800      5875200
      734400           32          34.804     47001600     11750400
      734400           64          53.558     94003200     23500800
      734400          128          84.984    188006400     47001600
      734400          256         163.842    376012800     94003200
      734400          512         336.711    752025600    188006400
      734400         1024         631.153   1504051200    376012800
      807744            1           9.631      1615488       403872
      807744            2           7.199      3230976       807744
      807744            4          24.357      6461952      1615488
      807744            8          10.478     12923904      3230976
      807744           16          17.803     25847808      6461952
      807744           32          35.018     51695616     12923904
      807744           64          59.516    103391232     25847808
      807744          128          97.439    206782464     51695616
      807744          256         187.881    413564928    103391232
      807744          512         383.295    827129856    206782464
      807744         1024         734.065   1654259712    413564928
      888384            1          11.440      1776768       444192
      888384            2          25.139      3553536       888384
      888384            4           6.452      7107072      1776768
      888384            8          13.297     14214144      3553536
      888384           16          19.443     28428288      7107072
      888384           32          37.656     56856576     14214144
      888384           64          65.930    113713152     28428288
      888384          128         120.294    227426304     56856576
      888384          256         239.149    454852608    113713152
      888384          512         493.113    909705216    227426304
      888384         1024         961.606   1819410432    454852608
      977088            1          11.452      1954176       488544
      977088            2          17.048      3908352       977088
      977088            4           8.611      7816704      1954176
      977088            8          13.706     15633408      3908352
      977088           16          40.114     31266816      7816704
      977088           32          44.139     62533632     15633408
      977088           64          71.088    125067264     31266816
      977088          128         135.584    250134528     62533632
      977088          256         266.314    500269056    125067264
      977088          512         538.236   1000538112    250134528
      977088         1024        1057.247   2001076224    500269056
     1074624            1          16.446      2149248       537312
     1074624            2           5.461      4298496      1074624
     1074624            4           8.591      8596992      2149248
     1074624            8          14.736     17193984      4298496
     1074624           16          24.385     34387968      8596992
     1074624           32          49.592     68775936     17193984
     1074624           64          78.195    137551872     34387968
     1074624          128         167.703    275103744     68775936
     1074624          256         293.140    550207488    137551872
     1074624          512         576.914   1100414976    275103744
     1181952            1          13.953      2363904       590976
     1181952            2           7.859      4727808      1181952
     1181952            4           9.029      9455616      2363904
     1181952            8          16.587     18911232      4727808
     1181952           16          28.777     37822464      9455616
     1181952           32          54.687     75644928     18911232
     1181952           64          84.865    151289856     37822464
     1181952          128         162.965    302579712     75644928
     1181952          256         336.258    605159424    151289856
     1181952          512         634.654   1210318848    302579712
     1300032            1          14.921      2600064       650016
     1300032            2           7.245      5200128      1300032
     1300032            4          18.757     10400256      2600064
     1300032            8          17.035     20800512      5200128
     1300032           16          31.722     41601024     10400256
     1300032           32          56.095     83202048     20800512
     1300032           64          92.110    166404096     41601024
     1300032          128         180.209    332808192     83202048
     1300032          256         368.157    665616384    166404096
     1300032          512         696.262   1331232768    332808192
     1430016            1          17.279      2860032       715008
     1430016            2          15.553      5720064      1430016
     1430016            4          10.742     11440128      2860032
     1430016            8          18.501     22880256      5720064
     1430016           16          33.917     45760512     11440128
     1430016           32          59.802     91521024     22880256
     1430016           64         103.475    183042048     45760512
     1430016          128         195.933    366084096     91521024
     1430016          256         399.048    732168192    183042048
     1430016          512         778.475   1464336384    366084096
     1572864            1          17.930      3145728       786432
     1572864            2          18.168      6291456      1572864
     1572864            4          15.013     12582912      3145728
     1572864            8          19.979     25165824      6291456
     1572864           16          36.122     50331648     12582912
     1572864           32          65.211    100663296     25165824
     1572864           64         110.500    201326592     50331648
     1572864          128         231.852    402653184    100663296
     1572864          256         424.201    805306368    201326592
     1572864          512         853.937   1610612736    402653184
     1730112            1          31.287      3460224       865056
     1730112            2           7.783      6920448      1730112
     1730112            4          11.741     13840896      3460224
     1730112            8          21.325     27681792      6920448
     1730112           16          39.626     55363584     13840896
     1730112           32          88.360    110727168     27681792
     1730112           64         125.045    221454336     55363584
     1730112          128         235.936    442908672    110727168
     1730112          256         464.666    885817344    221454336
     1730112          512         935.808   1771634688    442908672
     1903104            1          35.576      3806208       951552
     1903104            2           9.537      7612416      1903104
     1903104            4          14.741     15224832      3806208
     1903104            8          22.900     30449664      7612416
     1903104           16          42.211     60899328     15224832
     1903104           32          73.753    121798656     30449664
     1903104           64         132.984    243597312     60899328
     1903104          128         260.009    487194624    121798656
     1903104          256         527.483    974389248    243597312
     1903104          512        1031.092   1948778496    487194624
     2093376            1          32.447      4186752      1046688
     2093376            2          10.214      8373504      2093376
     2093376            4          15.086     16747008      4186752
     2093376            8          24.274     33494016      8373504
     2093376           16          47.124     66988032     16747008
     2093376           32          80.141    133976064     33494016
     2093376           64         145.127    267952128     66988032
     2093376          128         285.588    535904256    133976064
     2093376          256         573.459   1071808512    267952128
     2093376          512        1127.222   2143617024    535904256
     2302656            1          31.544      4605312      1151328
     2302656            2          12.248      9210624      2302656
     2302656            4          15.734     18421248      4605312
     2302656            8          46.060     36842496      9210624
     2302656           16          55.068     73684992     18421248
     2302656           32          83.595    147369984     36842496
     2302656           64         159.878    294739968     73684992
     2302656          128         312.778    589479936    147369984
     2302656          256         631.563   1178959872    294739968
     2532864            1          39.811      5065728      1266432
     2532864            2          12.049     10131456      2532864
     2532864            4          18.219     20262912      5065728
     2532864            8          29.881     40525824     10131456
     2532864           16          57.230     81051648     20262912
     2532864           32         109.711    162103296     40525824
     2532864           64         176.885    324206592     81051648
     2532864          128         344.100    648413184    162103296
     2532864          256         692.292   1296826368    324206592
     2786112            1          40.964      5572224      1393056
     2786112            2          11.719     11144448      2786112
     2786112            4          18.772     22288896      5572224
     2786112            8          33.097     44577792     11144448
     2786112           16          76.815     89155584     22288896
     2786112           32          99.633    178311168     44577792
     2786112           64         194.823    356622336     89155584
     2786112          128         376.464    713244672    178311168
     2786112          256         758.399   1426489344    356622336
     3064704            1          48.771      6129408      1532352
     3064704            2          12.668     12258816      3064704
     3064704            4          38.678     24517632      6129408
     3064704            8          36.654     49035264     12258816
     3064704           16          62.870     98070528     24517632
     3064704           32         110.361    196141056     49035264
     3064704           64         211.289    392282112     98070528
     3064704          128         416.777    784564224    196141056
     3064704          256         832.861   1569128448    392282112
     3371136            1          50.689      6742272      1685568
     3371136            2          12.585     13484544      3371136
     3371136            4          23.721     26969088      6742272
     3371136            8          39.803     53938176     13484544
     3371136           16          74.004    107876352     26969088
     3371136           32         120.261    215752704     53938176
     3371136           64         231.876    431505408    107876352
     3371136          128         472.518    863010816    215752704
     3371136          256         916.186   1726021632    431505408
     3708096            1          53.285      7416192      1854048
     3708096            2          15.711     14832384      3708096
     3708096            4          28.823     29664768      7416192
     3708096            8          51.236     59329536     14832384
     3708096           16          97.905    118659072     29664768
     3708096           32         208.084    237318144     59329536
     3708096           64         373.963    474636288    118659072
     3708096          128         752.901    949272576    237318144
     3708096          256        1481.936   1898545152    474636288
     4078848            1          55.097      8157696      2039424
     4078848            2          18.573     16315392      4078848
     4078848            4          30.142     32630784      8157696
     4078848            8          55.797     65261568     16315392
     4078848           16         104.908    130523136     32630784
     4078848           32         207.545    261046272     65261568
     4078848           64         423.179    522092544    130523136
     4078848          128         822.838   1044185088    261046272
     4078848          256        1613.851   2088370176    522092544
     4486656            1          59.431      8973312      2243328
     4486656            2          17.396     17946624      4486656
     4486656            4          29.659     35893248      8973312
     4486656            8          51.051     71786496     17946624
     4486656           16          83.265    143572992     35893248
     4486656           32         158.533    287145984     71786496
     4486656           64         307.172    574291968    143572992
     4486656          128         620.632   1148583936    287145984
     4935168            1          65.799      9870336      2467584
     4935168            2          18.752     19740672      4935168
     4935168            4          34.384     39481344      9870336
     4935168            8          60.082     78962688     19740672
     4935168           16          94.030    157925376     39481344
     4935168           32         175.757    315850752     78962688
     4935168           64         339.140    631701504    157925376
     4935168          128         680.092   1263403008    315850752
     5428608            1          65.264     10857216      2714304
     5428608            2          20.140     21714432      5428608
     5428608            4          35.432     43428864     10857216
     5428608            8          65.519     86857728     21714432
     5428608           16         100.075    173715456     43428864
     5428608           32         191.498    347430912     86857728
     5428608           64         371.447    694861824    173715456
     5428608          128         743.159   1389723648    347430912
     5971392            1          72.864     11942784      2985696
     5971392            2          23.706     23885568      5971392
     5971392            4          37.336     47771136     11942784
     5971392            8          68.150     95542272     23885568
     5971392           16         111.179    191084544     47771136
     5971392           32         208.349    382169088     95542272
     5971392           64         420.773    764338176    191084544
     5971392          128         804.634   1528676352    382169088
     6568512            1          81.373     13137024      3284256
     6568512            2          27.630     26274048      6568512
     6568512            4          43.106     52548096     13137024
     6568512            8          70.747    105096192     26274048
     6568512           16         120.236    210192384     52548096
     6568512           32         229.317    420384768    105096192
     6568512           64         463.403    840769536    210192384
     6568512          128         893.790   1681539072    420384768
     7225344            1          87.563     14450688      3612672
     7225344            2          27.407     28901376      7225344
     7225344            4          48.743     57802752     14450688
     7225344            8          76.401    115605504     28901376
     7225344           16         149.396    231211008     57802752
     7225344           32         250.999    462422016    115605504
     7225344           64         491.877    924844032    231211008
     7225344          128         982.429   1849688064    462422016
     7947840            1          93.523     15895680      3973920
     7947840            2          31.523     31791360      7947840
     7947840            4          51.319     63582720     15895680
     7947840            8          83.363    127165440     31791360
     7947840           16         144.564    254330880     63582720
     7947840           32         290.288    508661760    127165440
     7947840           64         537.700   1017323520    254330880
     7947840          128        1076.128   2034647040    508661760
     8742528            1          99.882     17485056      4371264
     8742528            2          32.980     34970112      8742528
     8742528            4          53.880     69940224     17485056
     8742528            8          91.288    139880448     34970112
     8742528           16         157.553    279760896     69940224
     8742528           32         303.544    559521792    139880448
     8742528           64         606.699   1119043584    279760896
     9616704            1         103.298     19233408      4808352
     9616704            2          35.161     38466816      9616704
     9616704            4          58.963     76933632     19233408
     9616704            8          96.802    153867264     38466816
     9616704           16         172.304    307734528     76933632
     9616704           32         332.550    615469056    153867264
     9616704           64         663.977   1230938112    307734528
    10578240            1         144.096     21156480      5289120
    10578240            2          39.757     42312960     10578240
    10578240            4          61.450     84625920     21156480
    10578240            8         104.019    169251840     42312960
    10578240           16         190.059    338503680     84625920
    10578240           32         364.793    677007360    169251840
    10578240           64         727.423   1354014720    338503680
    11635968            1         155.586     23271936      5817984
    11635968            2          45.971     46543872     11635968
    11635968            4          69.315     93087744     23271936
    11635968            8         112.326    186175488     46543872
    11635968           16         208.425    372350976     93087744
    11635968           32         401.253    744701952    186175488
    11635968           64         799.190   1489403904    372350976
    12799488            1         145.177     25598976      6399744
    12799488            2          47.207     51197952     12799488
    12799488            4          78.364    102395904     25598976
    12799488            8         122.572    204791808     51197952
    12799488           16         229.376    409583616    102395904
    12799488           32        1891.432    819167232    204791808
    12799488           64         923.300   1638334464    409583616
    14079360            1         177.684     28158720      7039680
    14079360            2          53.203     56317440     14079360
    14079360            4          82.435    112634880     28158720
    14079360            8         133.665    225269760     56317440
    14079360           16         252.564    450539520    112634880
    14079360           32         498.789    901079040    225269760
    14079360           64         965.037   1802158080    450539520
    15487296            1         174.149     30974592      7743648
    15487296            2          58.406     61949184     15487296
    15487296            4          90.510    123898368     30974592
    15487296            8         165.941    247796736     61949184
    15487296           16         276.161    495593472    123898368
    15487296           32         531.748    991186944    247796736
    15487296           64        1060.938   1982373888    495593472
    17035968            1         188.826     34071936      8517984
    17035968            2          63.537     68143872     17035968
    17035968            4          97.423    136287744     34071936
    17035968            8         161.560    272575488     68143872
    17035968           16         323.655    545150976    136287744
    17035968           32         596.425   1090301952    272575488
    18739392            1         207.898     37478784      9369696
    18739392            2          75.373     74957568     18739392
    18739392            4         114.174    149915136     37478784
    18739392            8         205.925    299830272     74957568
    18739392           16         374.816    599660544    149915136
    18739392           32         645.921   1199321088    299830272
    20613312            1         242.748     41226624     10306656
    20613312            2          79.543     82453248     20613312
    20613312            4         125.048    164906496     41226624
    20613312            8         196.286    329812992     82453248
    20613312           16         387.239    659625984    164906496
    20613312           32         710.449   1319251968    329812992
    22674624            1         238.987     45349248     11337312
    22674624            2          91.412     90698496     22674624
    22674624            4         137.320    181396992     45349248
    22674624            8         215.383    362793984     90698496
    22674624           16         423.666    725587968    181396992
    22674624           32         797.212   1451175936    362793984
    24941952            1         226.918     49883904     12470976
    24941952            2         106.790     99767808     24941952
    24941952            4         135.450    199535616     49883904
    24941952            8         264.915    399071232     99767808
    24941952           16         447.107    798142464    199535616
    24941952           32         880.631   1596284928    399071232
    27436032            1         203.894     54872064     13718016
    27436032            2         117.966    109744128     27436032
    27436032            4         157.732    219488256     54872064
    27436032            8         277.958    438976512    109744128
    27436032           16         537.837    877953024    219488256
    27436032           32        1023.748   1755906048    438976512
    30179520            1         148.041     60359040     15089760
    30179520            2         131.215    120718080     30179520
    30179520            4         197.821    241436160     60359040
    30179520            8         315.514    482872320    120718080
    30179520           16         585.589    965744640    241436160
    30179520           32        1155.266   1931489280    482872320
    33197376            1         157.366     66394752     16598688
    33197376            2         153.202    132789504     33197376
    33197376            4         222.360    265579008     66394752
    33197376            8         355.153    531158016    132789504
    33197376           16         669.185   1062316032    265579008
    33197376           32        1265.457   2124632064    531158016
    36517056            1         197.613     73034112     18258528
    36517056            2         174.903    146068224     36517056
    36517056            4         235.580    292136448     73034112
    36517056            8         402.452    584272896    146068224
    36517056           16         751.671   1168545792    292136448
    40168704            1         224.800     80337408     20084352
    40168704            2         198.927    160674816     40168704
    40168704            4         261.611    321349632     80337408
    40168704            8         453.821    642699264    160674816
    40168704           16         802.680   1285398528    321349632
    44185536            1         221.477     88371072     22092768
    44185536            2         226.477    176742144     44185536
    44185536            4         305.268    353484288     88371072
    44185536            8         486.118    706968576    176742144
    44185536           16         911.339   1413937152    353484288
    48604032            1         265.448     97208064     24302016
    48604032            2         258.801    194416128     48604032
    48604032            4         321.207    388832256     97208064
    48604032            8         563.808    777664512    194416128
    48604032           16        1011.424   1555329024    388832256
    53464320            1         298.287    106928640     26732160
    53464320            2         314.485    213857280     53464320
    53464320            4         362.789    427714560    106928640
    53464320            8         648.975    855429120    213857280
    53464320           16        1263.704   1710858240    427714560
    58810752            1         345.027    117621504     29405376
    58810752            2         377.445    235243008     58810752
    58810752            4         494.926    470486016    117621504
    58810752            8         881.264    940972032    235243008
    58810752           16        1598.206   1881944064    470486016
    64691712            1         393.777    129383424     32345856
    64691712            2         463.363    258766848     64691712
    64691712            4         633.193    517533696    129383424
    64691712            8        1081.875   1035067392    258766848
    64691712           16        1872.583   2070134784    517533696
    71160768            1         413.687    142321536     35580384
    71160768            2         620.422    284643072     71160768
    71160768            4         779.685    569286144    142321536
    71160768            8        1307.305   1138572288    284643072
    78276672            1         514.471    156553344     39138336
    78276672            2         797.323    313106688     78276672
    78276672            4        1084.184    626213376    156553344
    78276672            8        1730.383   1252426752    313106688
    86104320            1         560.711    172208640     43052160
    86104320            2        1004.919    344417280     86104320
    86104320            4        1400.655    688834560    172208640
    86104320            8        2310.607   1377669120    344417280
    94714752            1         713.572    189429504     47357376
    94714752            2        1235.331    378859008     94714752
    94714752            4        1753.508    757718016    189429504
    94714752            8        2972.423   1515436032    378859008
   104186112            1         791.693    208372224     52093056
   104186112            2        1449.832    416744448    104186112
   104186112            4        2075.850    833488896    208372224
   104186112            8        3500.107   1666977792    416744448
   114604608            1         892.450    229209216     57302304
   114604608            2        1666.100    458418432    114604608
   114604608            4        2466.774    916836864    229209216
   114604608            8        4161.351   1833673728    458418432
   126064896            1        1030.695    252129792     63032448
   126064896            2        1899.019    504259584    126064896
   126064896            4        2833.801   1008519168    252129792
   126064896            8        4771.289   2017038336    504259584
   138671232            1        1156.967    277342464     69335616
   138671232            2        2222.497    554684928    138671232
   138671232            4        3234.499   1109369856    277342464
   152538240            1        1301.276    305076480     76269120
   152538240            2        2539.728    610152960    152538240
   152538240            4        3692.959   1220305920    305076480
   167792064            1        1458.332    335584128     83896032
   167792064            2        2876.054    671168256    167792064
   167792064            4        4298.783   1342336512    335584128
   184571136            1        1705.265    369142272     92285568
   184571136            2        3252.359    738284544    184571136
   184571136            4        4890.490   1476569088    369142272
   203028096            1        1912.824    406056192    101514048
   203028096            2        3788.866    812112384    203028096
   203028096            4        5524.445   1624224768    406056192
   223330752            1        2141.470    446661504    111665376
   223330752            2        4098.999    893323008    223330752
   223330752            4        6112.569   1786646016    446661504
   245663808            1        2391.078    491327616    122831904
   245663808            2        4633.889    982655232    245663808
   245663808            4        6777.377   1965310464    491327616
   270230016            1        2609.026    540460032    135115008
   270230016            2        5145.522   1080920064    270230016
   297252864            1        2889.751    594505728    148626432
   297252864            2        5696.552   1189011456    297252864
   326978112            1        3227.619    653956224    163489056
   326978112            2        6332.346   1307912448    326978112
   359675904            1        3553.780    719351808    179837952
   359675904            2        7027.629   1438703616    359675904
   395643456            1        4015.186    791286912    197821728
   395643456            2        7951.808   1582573824    395643456
   435207744            1        4536.197    870415488    217603872
   435207744            2        8977.002   1740830976    435207744
   478728384            1        5011.134    957456768    239364192
   478728384            2        9802.517   1914913536    478728384
   526601088            1        5446.598   1053202176    263300544
   526601088            2       10891.626   2106404352    526601088
   579261120            1        6486.266   1158522240    289630560
   637187136            1        6701.168   1274374272    318593568
   700905792            1        7398.516   1401811584    350452896
   770996352            1        8221.052   1541992704    385498176
   848095872            1        9074.417   1696191744    424047936
   932905344            1       10043.583   1865810688    466452672
  1026195840            1       10972.409   2052391680    513097920

META_DATA
FLOPS          4
MPI_PROCS      1
OPENMP_THREADS 24
ERT_VERSION  1.1.0
HOSTNAME  ('deepv.deep', [], ['10.2.8.6'])
UNAME  uname_result(system='Linux', node='deepv', release='4.18.0-513.24.1.el8_9.x86_64', version='#1 SMP Thu Apr 4 18:13:02 UTC 2024', machine='x86_64')
TIMESTAMP_DATA  1713374531.655371
CONFIG  {'ERT_RESULTS': ['Results.cn.deep.fz-juelich.de.01.gcc2023-O3-fastmath'], 'ERT_DRIVER': ['driver1'], 'ERT_KERNEL': ['kernel1'], 'ERT_MPI': ['True'], 'ERT_MPI_CFLAGS': ['-I', '/p/software/deep/stages/2023/software/psmpi/5.9.2-1-GCC-11.3.0/include'], 'ERT_MPI_LDFLAGS': ['-L', '/p/software/deep/stages/2023/software/psmpi/5.9.2-1-GCC-11.3.0/lib', '-lmpi'], 'ERT_OPENMP': ['True'], 'ERT_OPENMP_CFLAGS': ['-fopenmp'], 'ERT_OPENMP_LDFLAGS': ['-fopenmp'], 'ERT_FLOPS': ['1,2,4,8,16,64,128'], 'ERT_ALIGN': ['64'], 'ERT_CC': ['mpicxx'], 'ERT_CFLAGS': ['-g', '-O3', '-mavx'], 'ERT_LD': ['mpicxx'], 'ERT_LDFLAGS': [], 'ERT_LDLIBS': [], 'ERT_PRECISION': ['FP64'], 'ERT_RUN': ['export', 'OMP_NUM_THREADS=ERT_OPENMP_THREADS;', 'export', 'OMP_PLACES="cores(ERT_OPENMP_THREADS)";', 'srun', '-p', 'dp-cn', '-n', 'ERT_MPI_PROCS', '-c', '48', '--ntasks-per-node', '1', 'ERT_CODE'], 'ERT_PROCS_THREADS': ['24'], 'ERT_MPI_PROCS': ['1'], 'ERT_OPENMP_THREADS': ['24'], 'ERT_NUM_EXPERIMENTS': ['5'], 'ERT_MEMORY_MAX': ['1073741824'], 'ERT_WORKING_SET_MIN': ['128'], 'ERT_TRIALS_MIN': ['1'], 'ERT_GNUPLOT': ['gnuplot'], 'ERT_GPU': [False], 'ERT_HIP': [False], 'ERT_OCL': [False], 'ERT_SYCL': [False], 'ERT_WSS_MULT': [1.1]}
