srun: job 501149 queued and waiting for resources
srun: job 501149 has been allocated resources
fp64
       24576            1           3.837        49152        12288
       24576            2          19.041        98304        24576
       24576            4           4.863       196608        49152
       24576            8           4.838       393216        98304
       24576           16           6.354       786432       196608
       24576           32           3.923      1572864       393216
       24576           64           5.740      3145728       786432
       24576          128           6.791      6291456      1572864
       24576          256          11.351     12582912      3145728
       24576          512          19.083     25165824      6291456
       24576         1024          35.669     50331648     12582912
       24576         2048          66.964    100663296     25165824
       24576         4096          89.787    201326592     50331648
       24576         8192         173.728    402653184    100663296
       24576        16384         358.661    805306368    201326592
       24576        32768         669.918   1610612736    402653184
       26880            1           2.778        53760        13440
       26880            2          18.280       107520        26880
       26880            4           3.121       215040        53760
       26880            8           5.659       430080       107520
       26880           16           5.106       860160       215040
       26880           32           6.365      1720320       430080
       26880           64           5.095      3440640       860160
       26880          128           5.902      6881280      1720320
       26880          256          11.343     13762560      3440640
       26880          512          20.508     27525120      6881280
       26880         1024          37.820     55050240     13762560
       26880         2048          53.312    110100480     27525120
       26880         4096          96.918    220200960     55050240
       26880         8192         188.438    440401920    110100480
       26880        16384         383.622    880803840    220200960
       26880        32768         733.292   1761607680    440401920
       29568            1           3.783        59136        14784
       29568            2          13.285       118272        29568
       29568            4           4.442       236544        59136
       29568            8           4.119       473088       118272
       29568           16           4.822       946176       236544
       29568           32           3.974      1892352       473088
       29568           64           4.940      3784704       946176
       29568          128           7.529      7569408      1892352
       29568          256          11.625     15138816      3784704
       29568          512          24.250     30277632      7569408
       29568         1024          41.325     60555264     15138816
       29568         2048          60.196    121110528     30277632
       29568         4096         108.457    242221056     60555264
       29568         8192         225.463    484442112    121110528
       29568        16384         414.834    968884224    242221056
       29568        32768         833.169   1937768448    484442112
       32448            1           5.349        64896        16224
       32448            2           4.489       129792        32448
       32448            4           5.345       259584        64896
       32448            8           5.745       519168       129792
       32448           16           4.095      1038336       259584
       32448           32           4.197      2076672       519168
       32448           64           6.376      4153344      1038336
       32448          128          26.956      8306688      2076672
       32448          256          13.866     16613376      4153344
       32448          512          25.651     33226752      8306688
       32448         1024          45.041     66453504     16613376
       32448         2048          62.519    132907008     33226752
       32448         4096         119.030    265814016     66453504
       32448         8192         229.723    531628032    132907008
       32448        16384         466.453   1063256064    265814016
       32448        32768         898.399   2126512128    531628032
       35520            1           4.180        71040        17760
       35520            2           4.205       142080        35520
       35520            4           4.693       284160        71040
       35520            8           4.627       568320       142080
       35520           16           5.848      1136640       284160
       35520           32           4.753      2273280       568320
       35520           64           6.115      4546560      1136640
       35520          128           7.541      9093120      2273280
       35520          256          14.873     18186240      4546560
       35520          512          26.722     36372480      9093120
       35520         1024          49.836     72744960     18186240
       35520         2048          69.210    145489920     36372480
       35520         4096         128.817    290979840     72744960
       35520         8192         267.301    581959680    145489920
       35520        16384         493.024   1163919360    290979840
       38976            1           3.661        77952        19488
       38976            2           1.996       155904        38976
       38976            4          17.786       311808        77952
       38976            8           3.117       623616       155904
       38976           16           4.003      1247232       311808
       38976           32           4.189      2494464       623616
       38976           64           5.416      4988928      1247232
       38976          128           9.068      9977856      2494464
       38976          256          16.098     19955712      4988928
       38976          512          30.091     39911424      9977856
       38976         1024          42.683     79822848     19955712
       38976         2048          73.672    159645696     39911424
       38976         4096         141.820    319291392     79822848
       38976         8192         276.844    638582784    159645696
       38976        16384         559.630   1277165568    319291392
       42816            1           3.424        85632        21408
       42816            2           4.550       171264        42816
       42816            4          22.233       342528        85632
       42816            8           3.647       685056       171264
       42816           16           3.702      1370112       342528
       42816           32           4.655      2740224       685056
       42816           64           6.452      5480448      1370112
       42816          128           9.146     10960896      2740224
       42816          256          19.284     21921792      5480448
       42816          512          31.278     43843584     10960896
       42816         1024          47.808     87687168     21921792
       42816         2048          99.360    175374336     43843584
       42816         4096         155.061    350748672     87687168
       42816         8192         321.208    701497344    175374336
       42816        16384         609.100   1402994688    350748672
       47040            1           2.475        94080        23520
       47040            2           4.416       188160        47040
       47040            4           3.784       376320        94080
       47040            8           4.812       752640       188160
       47040           16           3.452      1505280       376320
       47040           32           4.260      3010560       752640
       47040           64           5.194      6021120      1505280
       47040          128          10.665     12042240      3010560
       47040          256          17.357     24084480      6021120
       47040          512          31.688     48168960     12042240
       47040         1024          57.786     96337920     24084480
       47040         2048          86.315    192675840     48168960
       47040         4096         190.004    385351680     96337920
       47040         8192         326.716    770703360    192675840
       47040        16384         657.776   1541406720    385351680
       51648            1           1.836       103296        25824
       51648            2           4.829       206592        51648
       51648            4          19.304       413184       103296
       51648            8           4.399       826368       206592
       51648           16           4.976      1652736       413184
       51648           32           5.197      3305472       826368
       51648           64          10.643      6610944      1652736
       51648          128           9.613     13221888      3305472
       51648          256          19.473     26443776      6610944
       51648          512          37.324     52887552     13221888
       51648         1024          57.351    105775104     26443776
       51648         2048          94.577    211550208     52887552
       51648         4096         204.328    423100416    105775104
       51648         8192         359.113    846200832    211550208
       51648        16384         718.892   1692401664    423100416
       56640            1           5.359       113280        28320
       56640            2          21.295       226560        56640
       56640            4           4.593       453120       113280
       56640            8           5.849       906240       226560
       56640           16           3.593      1812480       453120
       56640           32           6.314      3624960       906240
       56640           64           8.265      7249920      1812480
       56640          128          11.107     14499840      3624960
       56640          256          23.316     28999680      7249920
       56640          512          38.732     57999360     14499840
       56640         1024          59.822    115998720     28999680
       56640         2048         122.639    231997440     57999360
       56640         4096         208.382    463994880    115998720
       56640         8192         394.284    927989760    231997440
       56640        16384         792.050   1855979520    463994880
       62208            1           4.560       124416        31104
       62208            2          15.184       248832        62208
       62208            4           4.413       497664       124416
       62208            8           7.610       995328       248832
       62208           16           4.823      1990656       497664
       62208           32           5.371      3981312       995328
       62208           64           8.700      7962624      1990656
       62208          128          31.227     15925248      3981312
       62208          256          23.962     31850496      7962624
       62208          512          44.348     63700992     15925248
       62208         1024          61.247    127401984     31850496
       62208         2048         116.810    254803968     63700992
       62208         4096         236.115    509607936    127401984
       62208         8192         445.760   1019215872    254803968
       62208        16384         895.804   2038431744    509607936
       68352            1           4.081       136704        34176
       68352            2          17.916       273408        68352
       68352            4          15.150       546816       136704
       68352            8           3.419      1093632       273408
       68352           16           4.703      2187264       546816
       68352           32           5.328      4374528      1093632
       68352           64           9.801      8749056      2187264
       68352          128          12.313     17498112      4374528
       68352          256          25.579     34996224      8749056
       68352          512          47.510     69992448     17498112
       68352         1024          63.905    139984896     34996224
       68352         2048         120.712    279969792     69992448
       68352         4096         240.837    559939584    139984896
       68352         8192         481.336   1119879168    279969792
       75072            1           3.075       150144        37536
       75072            2           5.310       300288        75072
       75072            4           3.477       600576       150144
       75072            8          11.286      1201152       300288
       75072           16           4.029      2402304       600576
       75072           32           5.651      4804608      1201152
       75072           64           7.680      9609216      2402304
       75072          128          33.350     19218432      4804608
       75072          256          27.544     38436864      9609216
       75072          512          49.813     76873728     19218432
       75072         1024          72.475    153747456     38436864
       75072         2048         137.551    307494912     76873728
       75072         4096         269.683    614989824    153747456
       75072         8192         545.470   1229979648    307494912
       82560            1           4.265       165120        41280
       82560            2           3.180       330240        82560
       82560            4           4.833       660480       165120
       82560            8           4.785      1320960       330240
       82560           16           5.764      2641920       660480
       82560           32           5.737      5283840      1320960
       82560           64          10.433     10567680      2641920
       82560          128          17.182     21135360      5283840
       82560          256          29.237     42270720     10567680
       82560          512          49.868     84541440     21135360
       82560         1024          78.936    169082880     42270720
       82560         2048         175.038    338165760     84541440
       82560         4096         302.380    676331520    169082880
       82560         8192         585.113   1352663040    338165760
       90816            1           2.650       181632        45408
       90816            2           4.231       363264        90816
       90816            4           4.174       726528       181632
       90816            8          12.059      1453056       363264
       90816           16           5.488      2906112       726528
       90816           32           6.745      5812224      1453056
       90816           64           9.945     11624448      2906112
       90816          128          20.640     23248896      5812224
       90816          256          30.457     46497792     11624448
       90816          512          53.065     92995584     23248896
       90816         1024          85.272    185991168     46497792
       90816         2048         164.256    371982336     92995584
       90816         4096         340.712    743964672    185991168
       90816         8192         637.710   1487929344    371982336
       99840            1           7.428       199680        49920
       99840            2           4.084       399360        99840
       99840            4          18.546       798720       199680
       99840            8           6.267      1597440       399360
       99840           16           8.140      3194880       798720
       99840           32           5.735      6389760      1597440
       99840           64          10.391     12779520      3194880
       99840          128          19.085     25559040      6389760
       99840          256          37.040     51118080     12779520
       99840          512          51.642    102236160     25559040
       99840         1024          95.905    204472320     51118080
       99840         2048         179.457    408944640    102236160
       99840         4096         374.785    817889280    204472320
       99840         8192         701.274   1635778560    408944640
      109824            1           5.134       219648        54912
      109824            2          17.746       439296       109824
      109824            4          15.707       878592       219648
      109824            8           4.480      1757184       439296
      109824           16           3.954      3514368       878592
      109824           32           7.576      7028736      1757184
      109824           64          11.892     14057472      3514368
      109824          128          21.692     28114944      7028736
      109824          256          38.486     56229888     14057472
      109824          512          54.885    112459776     28114944
      109824         1024         100.269    224919552     56229888
      109824         2048         214.633    449839104    112459776
      109824         4096         385.577    899678208    224919552
      109824         8192         775.098   1799356416    449839104
      120768            1           4.198       241536        60384
      120768            2           3.923       483072       120768
      120768            4          27.999       966144       241536
      120768            8           3.749      1932288       483072
      120768           16           4.778      3864576       966144
      120768           32           8.090      7729152      1932288
      120768           64          11.046     15458304      3864576
      120768          128          23.612     30916608      7729152
      120768          256          38.709     61833216     15458304
      120768          512          67.929    123666432     30916608
      120768         1024         111.161    247332864     61833216
      120768         2048         216.098    494665728    123666432
      120768         4096         421.796    989331456    247332864
      120768         8192         854.786   1978662912    494665728
      132672            1           4.048       265344        66336
      132672            2          19.567       530688       132672
      132672            4          15.412      1061376       265344
      132672            8           4.486      2122752       530688
      132672           16           5.047      4245504      1061376
      132672           32           8.045      8491008      2122752
      132672           64          14.387     16982016      4245504
      132672          128          23.377     33964032      8491008
      132672          256          42.177     67928064     16982016
      132672          512          63.278    135856128     33964032
      132672         1024         120.563    271712256     67928064
      132672         2048         234.447    543424512    135856128
      132672         4096         473.677   1086849024    271712256
      145920            1           5.477       291840        72960
      145920            2          15.909       583680       145920
      145920            4           3.863      1167360       291840
      145920            8           3.443      2334720       583680
      145920           16           6.179      4669440      1167360
      145920           32           7.226      9338880      2334720
      145920           64          13.501     18677760      4669440
      145920          128          29.256     37355520      9338880
      145920          256          46.131     74711040     18677760
      145920          512          88.920    149422080     37355520
      145920         1024         132.408    298844160     74711040
      145920         2048         258.113    597688320    149422080
      145920         4096         506.172   1195376640    298844160
      160512            1           5.267       321024        80256
      160512            2          15.916       642048       160512
      160512            4           4.180      1284096       321024
      160512            8           6.119      2568192       642048
      160512           16           5.896      5136384      1284096
      160512           32           9.607     10272768      2568192
      160512           64          15.342     20545536      5136384
      160512          128          30.411     41091072     10272768
      160512          256          52.310     82182144     20545536
      160512          512          76.434    164364288     41091072
      160512         1024         143.804    328728576     82182144
      160512         2048         298.834    657457152    164364288
      160512         4096         553.407   1314914304    328728576
      176448            1           5.962       352896        88224
      176448            2          14.340       705792       176448
      176448            4           3.630      1411584       352896
      176448            8           6.272      2823168       705792
      176448           16           8.651      5646336      1411584
      176448           32           8.601     11292672      2823168
      176448           64          20.458     22585344      5646336
      176448          128          27.932     45170688     11292672
      176448          256          52.769     90341376     22585344
      176448          512          80.743    180682752     45170688
      176448         1024         156.349    361365504     90341376
      176448         2048         313.568    722731008    180682752
      176448         4096         626.242   1445462016    361365504
      193920            1           3.051       387840        96960
      193920            2           3.520       775680       193920
      193920            4          16.094      1551360       387840
      193920            8           2.604      3102720       775680
      193920           16           5.947      6205440      1551360
      193920           32           8.996     12410880      3102720
      193920           64          17.131     24821760      6205440
      193920          128          31.908     49643520     12410880
      193920          256          56.076     99287040     24821760
      193920          512          89.675    198574080     49643520
      193920         1024         171.777    397148160     99287040
      193920         2048         346.907    794296320    198574080
      193920         4096         677.680   1588592640    397148160
      213312            1           3.890       426624       106656
      213312            2          18.036       853248       213312
      213312            4           5.822      1706496       426624
      213312            8           6.531      3412992       853248
      213312           16           6.747      6825984      1706496
      213312           32          12.261     13651968      3412992
      213312           64          17.686     27303936      6825984
      213312          128          34.501     54607872     13651968
      213312          256          62.342    109215744     27303936
      213312          512          98.086    218431488     54607872
      213312         1024         187.132    436862976    109215744
      213312         2048         379.575    873725952    218431488
      213312         4096         742.773   1747451904    436862976
      234624            1           4.319       469248       117312
      234624            2           6.794       938496       234624
      234624            4           5.482      1876992       469248
      234624            8           7.996      3753984       938496
      234624           16           6.112      7507968      1876992
      234624           32          12.161     15015936      3753984
      234624           64          22.515     30031872      7507968
      234624          128          40.075     60063744     15015936
      234624          256          56.095    120127488     30031872
      234624          512         106.198    240254976     60063744
      234624         1024         214.171    480509952    120127488
      234624         2048         418.185    961019904    240254976
      234624         4096         804.498   1922039808    480509952
      258048            1           7.127       516096       129024
      258048            2           3.035      1032192       258048
      258048            4           4.663      2064384       516096
      258048            8           6.110      4128768      1032192
      258048           16          10.835      8257536      2064384
      258048           32          12.438     16515072      4128768
      258048           64          25.330     33030144      8257536
      258048          128          43.610     66060288     16515072
      258048          256          60.902    132120576     33030144
      258048          512         116.119    264241152     66060288
      258048         1024         244.522    528482304    132120576
      258048         2048         453.659   1056964608    264241152
      258048         4096         892.856   2113929216    528482304
      283776            1           5.776       567552       141888
      283776            2          12.875      1135104       283776
      283776            4           2.865      2270208       567552
      283776            8           5.941      4540416      1135104
      283776           16           7.224      9080832      2270208
      283776           32          13.192     18161664      4540416
      283776           64          21.427     36323328      9080832
      283776          128          45.187     72646656     18161664
      283776          256          67.938    145293312     36323328
      283776          512         126.340    290586624     72646656
      283776         1024         254.232    581173248    145293312
      283776         2048         501.597   1162346496    290586624
      312000            1           5.876       624000       156000
      312000            2           3.677      1248000       312000
      312000            4          18.915      2496000       624000
      312000            8           5.110      4992000      1248000
      312000           16           8.415      9984000      2496000
      312000           32          14.109     19968000      4992000
      312000           64          28.700     39936000      9984000
      312000          128          52.785     79872000     19968000
      312000          256          74.332    159744000     39936000
      312000          512         139.406    319488000     79872000
      312000         1024         320.469    638976000    159744000
      312000         2048         534.573   1277952000    319488000
      343104            1           6.069       686208       171552
      343104            2          23.467      1372416       343104
      343104            4          13.857      2744832       686208
      343104            8           7.258      5489664      1372416
      343104           16           9.386     10979328      2744832
      343104           32          14.100     21958656      5489664
      343104           64          32.926     43917312     10979328
      343104          128          53.513     87834624     21958656
      343104          256          78.650    175669248     43917312
      343104          512         151.204    351338496     87834624
      343104         1024         313.029    702676992    175669248
      343104         2048         584.494   1405353984    351338496
      377280            1           5.513       754560       188640
      377280            2          11.830      1509120       377280
      377280            4           6.151      3018240       754560
      377280            8           5.334      6036480      1509120
      377280           16           9.104     12072960      3018240
      377280           32          17.702     24145920      6036480
      377280           64          32.309     48291840     12072960
      377280          128          53.326     96583680     24145920
      377280          256          88.958    193167360     48291840
      377280          512         178.622    386334720     96583680
      377280         1024         325.094    772669440    193167360
      377280         2048         665.233   1545338880    386334720
      414912            1           6.939       829824       207456
      414912            2          21.108      1659648       414912
      414912            4           4.504      3319296       829824
      414912            8           8.898      6638592      1659648
      414912           16          10.976     13277184      3319296
      414912           32          18.595     26554368      6638592
      414912           64          33.950     53108736     13277184
      414912          128          59.097    106217472     26554368
      414912          256          94.285    212434944     53108736
      414912          512         188.560    424869888    106217472
      414912         1024         355.247    849739776    212434944
      414912         2048         725.704   1699479552    424869888
      456384            1           6.029       912768       228192
      456384            2          12.155      1825536       456384
      456384            4           3.999      3651072       912768
      456384            8           5.890      7302144      1825536
      456384           16          11.394     14604288      3651072
      456384           32          19.132     29208576      7302144
      456384           64          36.765     58417152     14604288
      456384          128          59.652    116834304     29208576
      456384          256         104.429    233668608     58417152
      456384          512         200.461    467337216    116834304
      456384         1024         400.769    934674432    233668608
      456384         2048         797.573   1869348864    467337216
      501888            1           8.470      1003776       250944
      501888            2          15.800      2007552       501888
      501888            4           4.617      4015104      1003776
      501888            8           6.924      8030208      2007552
      501888           16          12.462     16060416      4015104
      501888           32          23.248     32120832      8030208
      501888           64          43.297     64241664     16060416
      501888          128          61.602    128483328     32120832
      501888          256         113.031    256966656     64241664
      501888          512         227.859    513933312    128483328
      501888         1024         446.116   1027866624    256966656
      501888         2048         868.431   2055733248    513933312
      552000            1           8.058      1104000       276000
      552000            2           4.820      2208000       552000
      552000            4          17.219      4416000      1104000
      552000            8           7.152      8832000      2208000
      552000           16          13.094     17664000      4416000
      552000           32          24.544     35328000      8832000
      552000           64          45.677     70656000     17664000
      552000          128          64.618    141312000     35328000
      552000          256         122.649    282624000     70656000
      552000          512         271.577    565248000    141312000
      552000         1024         476.646   1130496000    282624000
      607104            1           7.926      1214208       303552
      607104            2          13.972      2428416       607104
      607104            4          20.997      4856832      1214208
      607104            8           6.741      9713664      2428416
      607104           16          13.563     19427328      4856832
      607104           32          25.654     38854656      9713664
      607104           64          52.601     77709312     19427328
      607104          128          70.573    155418624     38854656
      607104          256         135.311    310837248     77709312
      607104          512         270.183    621674496    155418624
      607104         1024         534.315   1243348992    310837248
      667776            1          10.383      1335552       333888
      667776            2           4.339      2671104       667776
      667776            4          15.167      5342208      1335552
      667776            8           9.156     10684416      2671104
      667776           16          14.253     21368832      5342208
      667776           32          30.212     42737664     10684416
      667776           64          51.656     85475328     21368832
      667776          128          99.101    170950656     42737664
      667776          256         148.361    341901312     85475328
      667776          512         289.166    683802624    170950656
      667776         1024         583.218   1367605248    341901312
      734400            1          12.051      1468800       367200
      734400            2          14.524      2937600       734400
      734400            4           6.899      5875200      1468800
      734400            8           9.969     11750400      2937600
      734400           16          16.221     23500800      5875200
      734400           32          35.201     47001600     11750400
      734400           64          58.581     94003200     23500800
      734400          128          84.019    188006400     47001600
      734400          256         183.191    376012800     94003200
      734400          512         322.574    752025600    188006400
      734400         1024         644.997   1504051200    376012800
      807744            1          11.688      1615488       403872
      807744            2           4.923      3230976       807744
      807744            4           7.119      6461952      1615488
      807744            8          14.288     12923904      3230976
      807744           16          17.536     25847808      6461952
      807744           32          36.383     51695616     12923904
      807744           64          60.330    103391232     25847808
      807744          128          95.495    206782464     51695616
      807744          256         214.851    413564928    103391232
      807744          512         372.751    827129856    206782464
      807744         1024         746.439   1654259712    413564928
      888384            1          13.151      1776768       444192
      888384            2           4.576      3553536       888384
      888384            4           8.383      7107072      1776768
      888384            8          12.937     14214144      3553536
      888384           16          19.529     28428288      7107072
      888384           32          39.692     56856576     14214144
      888384           64          71.635    113713152     28428288
      888384          128         143.431    227426304     56856576
      888384          256         248.197    454852608    113713152
      888384          512         477.457    909705216    227426304
      888384         1024         967.671   1819410432    454852608
      977088            1          13.828      1954176       488544
      977088            2           5.577      3908352       977088
      977088            4          17.121      7816704      1954176
      977088            8          13.376     15633408      3908352
      977088           16          22.436     31266816      7816704
      977088           32          47.417     62533632     15633408
      977088           64          76.737    125067264     31266816
      977088          128         140.724    250134528     62533632
      977088          256         265.877    500269056    125067264
      977088          512         540.882   1000538112    250134528
      977088         1024        1058.685   2001076224    500269056
     1074624            1          15.525      2149248       537312
     1074624            2          14.197      4298496      1074624
     1074624            4           9.359      8596992      2149248
     1074624            8          33.499     17193984      4298496
     1074624           16          24.622     34387968      8596992
     1074624           32          50.423     68775936     17193984
     1074624           64          79.405    137551872     34387968
     1074624          128         158.624    275103744     68775936
     1074624          256         292.545    550207488    137551872
     1074624          512         593.080   1100414976    275103744
     1181952            1          14.228      2363904       590976
     1181952            2          13.689      4727808      1181952
     1181952            4          10.089      9455616      2363904
     1181952            8          16.648     18911232      4727808
     1181952           16          30.161     37822464      9455616
     1181952           32          52.415     75644928     18911232
     1181952           64          84.734    151289856     37822464
     1181952          128         184.074    302579712     75644928
     1181952          256         329.160    605159424    151289856
     1181952          512         653.001   1210318848    302579712
     1300032            1          16.434      2600064       650016
     1300032            2           8.693      5200128      1300032
     1300032            4           9.721     10400256      2600064
     1300032            8          18.441     20800512      5200128
     1300032           16          31.905     41601024     10400256
     1300032           32          58.331     83202048     20800512
     1300032           64          92.969    166404096     41601024
     1300032          128         198.968    332808192     83202048
     1300032          256         361.969    665616384    166404096
     1300032          512         709.359   1331232768    332808192
     1430016            1          17.985      2860032       715008
     1430016            2          22.558      5720064      1430016
     1430016            4          10.716     11440128      2860032
     1430016            8          20.050     22880256      5720064
     1430016           16          36.327     45760512     11440128
     1430016           32          60.259     91521024     22880256
     1430016           64         102.121    183042048     45760512
     1430016          128         216.696    366084096     91521024
     1430016          256         395.505    732168192    183042048
     1430016          512         783.715   1464336384    366084096
     1572864            1          19.736      3145728       786432
     1572864            2          18.373      6291456      1572864
     1572864            4          10.756     12582912      3145728
     1572864            8          18.757     25165824      6291456
     1572864           16          36.740     50331648     12582912
     1572864           32          63.699    100663296     25165824
     1572864           64         132.394    201326592     50331648
     1572864          128         215.627    402653184    100663296
     1572864          256         434.670    805306368    201326592
     1572864          512         855.148   1610612736    402653184
     1730112            1          20.826      3460224       865056
     1730112            2           8.378      6920448      1730112
     1730112            4          12.490     13840896      3460224
     1730112            8          20.906     27681792      6920448
     1730112           16          39.388     55363584     13840896
     1730112           32          68.164    110727168     27681792
     1730112           64         120.916    221454336     55363584
     1730112          128         235.957    442908672    110727168
     1730112          256         488.418    885817344    221454336
     1730112          512         938.435   1771634688    442908672
     1903104            1          23.429      3806208       951552
     1903104            2          18.347      7612416      1903104
     1903104            4          13.568     15224832      3806208
     1903104            8          22.414     30449664      7612416
     1903104           16          43.166     60899328     15224832
     1903104           32          74.227    121798656     30449664
     1903104           64         134.183    243597312     60899328
     1903104          128         279.840    487194624    121798656
     1903104          256         522.073    974389248    243597312
     1903104          512        1038.193   1948778496    487194624
     2093376            1          35.355      4186752      1046688
     2093376            2          10.019      8373504      2093376
     2093376            4          14.621     16747008      4186752
     2093376            8          24.329     33494016      8373504
     2093376           16          47.449     66988032     16747008
     2093376           32          79.459    133976064     33494016
     2093376           64         145.420    267952128     66988032
     2093376          128         295.984    535904256    133976064
     2093376          256         578.513   1071808512    267952128
     2093376          512        1131.128   2143617024    535904256
     2302656            1          37.173      4605312      1151328
     2302656            2           8.486      9210624      2302656
     2302656            4          15.668     18421248      4605312
     2302656            8          25.784     36842496      9210624
     2302656           16          54.378     73684992     18421248
     2302656           32          84.843    147369984     36842496
     2302656           64         160.462    294739968     73684992
     2302656          128         320.474    589479936    147369984
     2302656          256         632.847   1178959872    294739968
     2532864            1          37.491      5065728      1266432
     2532864            2          10.802     10131456      2532864
     2532864            4          18.377     20262912      5065728
     2532864            8          47.899     40525824     10131456
     2532864           16          57.784     81051648     20262912
     2532864           32          93.146    162103296     40525824
     2532864           64         174.840    324206592     81051648
     2532864          128         352.079    648413184    162103296
     2532864          256         693.358   1296826368    324206592
     2786112            1          37.641      5572224      1393056
     2786112            2          11.778     11144448      2786112
     2786112            4          19.817     22288896      5572224
     2786112            8          32.802     44577792     11144448
     2786112           16          80.131     89155584     22288896
     2786112           32         101.257    178311168     44577792
     2786112           64         193.558    356622336     89155584
     2786112          128         376.310    713244672    178311168
     2786112          256         757.708   1426489344    356622336
     3064704            1          50.825      6129408      1532352
     3064704            2          15.453     12258816      3064704
     3064704            4          43.567     24517632      6129408
     3064704            8          37.686     49035264     12258816
     3064704           16          65.696     98070528     24517632
     3064704           32         109.107    196141056     49035264
     3064704           64         211.312    392282112     98070528
     3064704          128         422.919    784564224    196141056
     3064704          256         837.625   1569128448    392282112
     3371136            1          49.257      6742272      1685568
     3371136            2          13.892     13484544      3371136
     3371136            4          24.698     26969088      6742272
     3371136            8          40.769     53938176     13484544
     3371136           16          69.575    107876352     26969088
     3371136           32         120.580    215752704     53938176
     3371136           64         231.383    431505408    107876352
     3371136          128         481.655    863010816    215752704
     3371136          256         916.313   1726021632    431505408
     3708096            1          53.784      7416192      1854048
     3708096            2          15.551     14832384      3708096
     3708096            4          23.873     29664768      7416192
     3708096            8          43.939     59329536     14832384
     3708096           16          74.053    118659072     29664768
     3708096           32         133.914    237318144     59329536
     3708096           64         273.960    474636288    118659072
     3708096          128         501.713    949272576    237318144
     3708096          256        1018.907   1898545152    474636288
     4078848            1          63.020      8157696      2039424
     4078848            2          18.718     16315392      4078848
     4078848            4          32.817     32630784      8157696
     4078848            8          56.685     65261568     16315392
     4078848           16         106.795    130523136     32630784
     4078848           32         208.696    261046272     65261568
     4078848           64         429.171    522092544    130523136
     4078848          128         831.617   1044185088    261046272
     4078848          256        1637.263   2088370176    522092544
     4486656            1          68.402      8973312      2243328
     4486656            2          20.867     17946624      4486656
     4486656            4          33.820     35893248      8973312
     4486656            8          62.036     71786496     17946624
     4486656           16         134.074    143572992     35893248
     4486656           32         231.130    287145984     71786496
     4486656           64         448.530    574291968    143572992
     4486656          128         896.351   1148583936    287145984
     4935168            1          66.464      9870336      2467584
     4935168            2          21.927     19740672      4935168
     4935168            4          40.282     39481344      9870336
     4935168            8          70.050     78962688     19740672
     4935168           16          95.652    157925376     39481344
     4935168           32         173.862    315850752     78962688
     4935168           64         379.980    631701504    157925376
     4935168          128         666.736   1263403008    315850752
     5428608            1          70.878     10857216      2714304
     5428608            2          20.490     21714432      5428608
     5428608            4          36.950     43428864     10857216
     5428608            8          58.776     86857728     21714432
     5428608           16          99.116    173715456     43428864
     5428608           32         192.513    347430912     86857728
     5428608           64         386.371    694861824    173715456
     5428608          128         730.226   1389723648    347430912
     5971392            1          73.793     11942784      2985696
     5971392            2          21.523     23885568      5971392
     5971392            4          39.036     47771136     11942784
     5971392            8          65.367     95542272     23885568
     5971392           16         110.571    191084544     47771136
     5971392           32         208.533    382169088     95542272
     5971392           64         433.079    764338176    191084544
     5971392          128         803.294   1528676352    382169088
     6568512            1          86.997     13137024      3284256
     6568512            2          24.231     26274048      6568512
     6568512            4          42.817     52548096     13137024
     6568512            8          71.288    105096192     26274048
     6568512           16         119.554    210192384     52548096
     6568512           32         228.233    420384768    105096192
     6568512           64         464.274    840769536    210192384
     6568512          128         901.578   1681539072    420384768
     7225344            1          87.186     14450688      3612672
     7225344            2          27.321     28901376      7225344
     7225344            4          46.055     57802752     14450688
     7225344            8          79.913    115605504     28901376
     7225344           16         151.266    231211008     57802752
     7225344           32         251.625    462422016    115605504
     7225344           64         501.875    924844032    231211008
     7225344          128         982.347   1849688064    462422016
     7947840            1         105.364     15895680      3973920
     7947840            2          30.710     31791360      7947840
     7947840            4          50.217     63582720     15895680
     7947840            8          81.540    127165440     31791360
     7947840           16         143.776    254330880     63582720
     7947840           32         275.346    508661760    127165440
     7947840           64         556.867   1017323520    254330880
     7947840          128        1077.422   2034647040    508661760
     8742528            1         130.705     17485056      4371264
     8742528            2          34.457     34970112      8742528
     8742528            4          52.228     69940224     17485056
     8742528            8          87.169    139880448     34970112
     8742528           16         157.511    279760896     69940224
     8742528           32         305.458    559521792    139880448
     8742528           64         606.718   1119043584    279760896
     9616704            1         118.692     19233408      4808352
     9616704            2          35.505     38466816      9616704
     9616704            4          57.617     76933632     19233408
     9616704            8         114.345    153867264     38466816
     9616704           16         171.893    307734528     76933632
     9616704           32         334.786    615469056    153867264
     9616704           64         663.269   1230938112    307734528
    10578240            1         132.935     21156480      5289120
    10578240            2          41.124     42312960     10578240
    10578240            4          65.321     84625920     21156480
    10578240            8         122.081    169251840     42312960
    10578240           16         190.318    338503680     84625920
    10578240           32         373.240    677007360    169251840
    10578240           64         729.044   1354014720    338503680
    11635968            1         152.239     23271936      5817984
    11635968            2          41.270     46543872     11635968
    11635968            4          89.867     93087744     23271936
    11635968            8         111.416    186175488     46543872
    11635968           16         209.226    372350976     93087744
    11635968           32         410.875    744701952    186175488
    11635968           64         798.694   1489403904    372350976
    12799488            1         184.107     25598976      6399744
    12799488            2          46.287     51197952     12799488
    12799488            4          75.691    102395904     25598976
    12799488            8         122.005    204791808     51197952
    12799488           16         228.368    409583616    102395904
    12799488           32         452.747    819167232    204791808
    12799488           64         867.023   1638334464    409583616
    14079360            1         169.942     28158720      7039680
    14079360            2          65.213     56317440     14079360
    14079360            4          83.360    112634880     28158720
    14079360            8         135.034    225269760     56317440
    14079360           16         252.134    450539520    112634880
    14079360           32         507.062    901079040    225269760
    14079360           64         954.058   1802158080    450539520
    15487296            1         185.618     30974592      7743648
    15487296            2          55.521     61949184     15487296
    15487296            4          88.295    123898368     30974592
    15487296            8         147.183    247796736     61949184
    15487296           16         294.512    495593472    123898368
    15487296           32         541.297    991186944    247796736
    15487296           64        1059.713   1982373888    495593472
    17035968            1         226.502     34071936      8517984
    17035968            2          63.413     68143872     17035968
    17035968            4          93.956    136287744     34071936
    17035968            8         160.413    272575488     68143872
    17035968           16         305.898    545150976    136287744
    17035968           32         608.556   1090301952    272575488
    18739392            1         229.396     37478784      9369696
    18739392            2          68.876     74957568     18739392
    18739392            4         127.322    149915136     37478784
    18739392            8         177.856    299830272     74957568
    18739392           16         338.989    599660544    149915136
    18739392           32         659.328   1199321088    299830272
    20613312            1         247.669     41226624     10306656
    20613312            2          81.543     82453248     20613312
    20613312            4         133.256    164906496     41226624
    20613312            8         197.223    329812992     82453248
    20613312           16         373.235    659625984    164906496
    20613312           32         724.769   1319251968    329812992
    22674624            1         259.792     45349248     11337312
    22674624            2          92.339     90698496     22674624
    22674624            4         149.303    181396992     45349248
    22674624            8         216.046    362793984     90698496
    22674624           16         404.878    725587968    181396992
    22674624           32         796.029   1451175936    362793984
    24941952            1         271.764     49883904     12470976
    24941952            2         120.748     99767808     24941952
    24941952            4         135.051    199535616     49883904
    24941952            8         240.555    399071232     99767808
    24941952           16         478.649    798142464    199535616
    24941952           32         859.967   1596284928    399071232
    27436032            1         196.710     54872064     13718016
    27436032            2         115.861    109744128     27436032
    27436032            4         158.047    219488256     54872064
    27436032            8         278.602    438976512    109744128
    27436032           16         544.524    877953024    219488256
    27436032           32        1025.470   1755906048    438976512
    30179520            1         199.682     60359040     15089760
    30179520            2         135.566    120718080     30179520
    30179520            4         181.526    241436160     60359040
    30179520            8         313.920    482872320    120718080
    30179520           16         600.482    965744640    241436160
    30179520           32        1139.970   1931489280    482872320
    33197376            1         207.063     66394752     16598688
    33197376            2         153.491    132789504     33197376
    33197376            4         202.816    265579008     66394752
    33197376            8         350.911    531158016    132789504
    33197376           16         662.368   1062316032    265579008
    33197376           32        1259.610   2124632064    531158016
    36517056            1         190.716     73034112     18258528
    36517056            2         171.372    146068224     36517056
    36517056            4         231.227    292136448     73034112
    36517056            8         413.246    584272896    146068224
    36517056           16         736.102   1168545792    292136448
    40168704            1         214.240     80337408     20084352
    40168704            2         194.038    160674816     40168704
    40168704            4         260.191    321349632     80337408
    40168704            8         456.764    642699264    160674816
    40168704           16         824.017   1285398528    321349632
    44185536            1         273.200     88371072     22092768
    44185536            2         262.788    176742144     44185536
    44185536            4         283.719    353484288     88371072
    44185536            8         486.481    706968576    176742144
    44185536           16         904.549   1413937152    353484288
    48604032            1         275.999     97208064     24302016
    48604032            2         264.597    194416128     48604032
    48604032            4         313.414    388832256     97208064
    48604032            8         559.428    777664512    194416128
    48604032           16        1009.867   1555329024    388832256
    53464320            1         346.514    106928640     26732160
    53464320            2         334.858    213857280     53464320
    53464320            4         360.673    427714560    106928640
    53464320            8         650.553    855429120    213857280
    53464320           16        1198.995   1710858240    427714560
    58810752            1         361.605    117621504     29405376
    58810752            2         422.726    235243008     58810752
    58810752            4         508.128    470486016    117621504
    58810752            8         838.475    940972032    235243008
    58810752           16        1559.268   1881944064    470486016
    64691712            1         394.564    129383424     32345856
    64691712            2         496.029    258766848     64691712
    64691712            4         632.458    517533696    129383424
    64691712            8        1103.626   1035067392    258766848
    64691712           16        1925.615   2070134784    517533696
    71160768            1         453.045    142321536     35580384
    71160768            2        1817.093    284643072     71160768
    71160768            4         841.347    569286144    142321536
    71160768            8        1333.276   1138572288    284643072
    78276672            1         553.140    156553344     39138336
    78276672            2         851.937    313106688     78276672
    78276672            4        1088.120    626213376    156553344
    78276672            8        1815.013   1252426752    313106688
    86104320            1         630.776    172208640     43052160
    86104320            2        1041.463    344417280     86104320
    86104320            4        1379.036    688834560    172208640
    86104320            8        2323.482   1377669120    344417280
    94714752            1         698.404    189429504     47357376
    94714752            2        1247.112    378859008     94714752
    94714752            4        1685.509    757718016    189429504
    94714752            8        2860.613   1515436032    378859008
   104186112            1         814.363    208372224     52093056
   104186112            2        1426.367    416744448    104186112
   104186112            4        2074.305    833488896    208372224
   104186112            8        3497.744   1666977792    416744448
   114604608            1         955.924    229209216     57302304
   114604608            2        1715.583    458418432    114604608
   114604608            4        2428.023    916836864    229209216
   114604608            8        4116.808   1833673728    458418432
   126064896            1        1040.084    252129792     63032448
   126064896            2        1952.473    504259584    126064896
   126064896            4        2850.999   1008519168    252129792
   126064896            8        4792.629   2017038336    504259584
   138671232            1        1195.465    277342464     69335616
   138671232            2        2260.778    554684928    138671232
   138671232            4        3308.300   1109369856    277342464
   152538240            1        1374.930    305076480     76269120
   152538240            2        2596.762    610152960    152538240
   152538240            4        3806.447   1220305920    305076480
   167792064            1        1572.554    335584128     83896032
   167792064            2        2940.179    671168256    167792064
   167792064            4        4272.000   1342336512    335584128
   184571136            1        1739.642    369142272     92285568
   184571136            2        3352.086    738284544    184571136
   184571136            4        4892.455   1476569088    369142272
   203028096            1        1985.071    406056192    101514048
   203028096            2        3789.382    812112384    203028096
   203028096            4        5488.464   1624224768    406056192
   223330752            1        2132.976    446661504    111665376
   223330752            2        4154.668    893323008    223330752
   223330752            4        6581.353   1786646016    446661504
   245663808            1        2420.684    491327616    122831904
   245663808            2        4677.756    982655232    245663808
   245663808            4        7001.649   1965310464    491327616
   270230016            1        2715.173    540460032    135115008
   270230016            2        5316.950   1080920064    270230016
   297252864            1        2969.974    594505728    148626432
   297252864            2        5798.493   1189011456    297252864
   326978112            1        3339.109    653956224    163489056
   326978112            2        6479.861   1307912448    326978112
   359675904            1        3605.235    719351808    179837952
   359675904            2        7178.855   1438703616    359675904
   395643456            1        4028.518    791286912    197821728
   395643456            2        7974.895   1582573824    395643456
   435207744            1        4449.954    870415488    217603872
   435207744            2        8831.640   1740830976    435207744
   478728384            1        4942.606    957456768    239364192
   478728384            2        9747.037   1914913536    478728384
   526601088            1        5449.372   1053202176    263300544
   526601088            2       10834.767   2106404352    526601088
   579261120            1        5974.823   1158522240    289630560
   637187136            1        6622.116   1274374272    318593568
   700905792            1        7318.440   1401811584    350452896
   770996352            1        8061.432   1541992704    385498176
   848095872            1        8899.800   1696191744    424047936
   932905344            1        9818.909   1865810688    466452672
  1026195840            1       10883.380   2052391680    513097920

META_DATA
FLOPS          4
MPI_PROCS      1
OPENMP_THREADS 24
ERT_VERSION  1.1.0
HOSTNAME  ('deepv.deep', [], ['10.2.8.6'])
UNAME  uname_result(system='Linux', node='deepv', release='4.18.0-513.24.1.el8_9.x86_64', version='#1 SMP Thu Apr 4 18:13:02 UTC 2024', machine='x86_64')
TIMESTAMP_DATA  1713374603.1025963
CONFIG  {'ERT_RESULTS': ['Results.cn.deep.fz-juelich.de.01.gcc2023-O3-fastmath'], 'ERT_DRIVER': ['driver1'], 'ERT_KERNEL': ['kernel1'], 'ERT_MPI': ['True'], 'ERT_MPI_CFLAGS': ['-I', '/p/software/deep/stages/2023/software/psmpi/5.9.2-1-GCC-11.3.0/include'], 'ERT_MPI_LDFLAGS': ['-L', '/p/software/deep/stages/2023/software/psmpi/5.9.2-1-GCC-11.3.0/lib', '-lmpi'], 'ERT_OPENMP': ['True'], 'ERT_OPENMP_CFLAGS': ['-fopenmp'], 'ERT_OPENMP_LDFLAGS': ['-fopenmp'], 'ERT_FLOPS': ['1,2,4,8,16,64,128'], 'ERT_ALIGN': ['64'], 'ERT_CC': ['mpicxx'], 'ERT_CFLAGS': ['-g', '-O3', '-mavx'], 'ERT_LD': ['mpicxx'], 'ERT_LDFLAGS': [], 'ERT_LDLIBS': [], 'ERT_PRECISION': ['FP64'], 'ERT_RUN': ['export', 'OMP_NUM_THREADS=ERT_OPENMP_THREADS;', 'export', 'OMP_PLACES="cores(ERT_OPENMP_THREADS)";', 'srun', '-p', 'dp-cn', '-n', 'ERT_MPI_PROCS', '-c', '48', '--ntasks-per-node', '1', 'ERT_CODE'], 'ERT_PROCS_THREADS': ['24'], 'ERT_MPI_PROCS': ['1'], 'ERT_OPENMP_THREADS': ['24'], 'ERT_NUM_EXPERIMENTS': ['5'], 'ERT_MEMORY_MAX': ['1073741824'], 'ERT_WORKING_SET_MIN': ['128'], 'ERT_TRIALS_MIN': ['1'], 'ERT_GNUPLOT': ['gnuplot'], 'ERT_GPU': [False], 'ERT_HIP': [False], 'ERT_OCL': [False], 'ERT_SYCL': [False], 'ERT_WSS_MULT': [1.1]}
