fp64
       24576            1           3.772        49152        12288
       24576            2          14.980        98304        24576
       24576            4           4.316       196608        49152
       24576            8           4.696       393216        98304
       24576           16           3.591       786432       196608
       24576           32           5.743      1572864       393216
       24576           64           5.754      3145728       786432
       24576          128           6.469      6291456      1572864
       24576          256           8.914     12582912      3145728
       24576          512          21.136     25165824      6291456
       24576         1024          32.399     50331648     12582912
       24576         2048          61.864    100663296     25165824
       24576         4096          90.212    201326592     50331648
       24576         8192         172.485    402653184    100663296
       24576        16384         340.189    805306368    201326592
       24576        32768         686.002   1610612736    402653184
       26880            1           2.360        53760        13440
       26880            2          15.465       107520        26880
       26880            4          16.088       215040        53760
       26880            8           5.085       430080       107520
       26880           16           3.721       860160       215040
       26880           32           3.833      1720320       430080
       26880           64           5.962      3440640       860160
       26880          128           6.341      6881280      1720320
       26880          256          10.721     13762560      3440640
       26880          512          20.871     27525120      6881280
       26880         1024          38.637     55050240     13762560
       26880         2048          59.706    110100480     27525120
       26880         4096          98.207    220200960     55050240
       26880         8192         187.586    440401920    110100480
       26880        16384         386.952    880803840    220200960
       26880        32768         745.742   1761607680    440401920
       29568            1           3.126        59136        14784
       29568            2          15.091       118272        29568
       29568            4           4.083       236544        59136
       29568            8           4.026       473088       118272
       29568           16           2.613       946176       236544
       29568           32           7.265      1892352       473088
       29568           64           5.302      3784704       946176
       29568          128           6.185      7569408      1892352
       29568          256          12.445     15138816      3784704
       29568          512          40.894     30277632      7569408
       29568         1024          45.980     60555264     15138816
       29568         2048          57.971    121110528     30277632
       29568         4096         110.311    242221056     60555264
       29568         8192         210.030    484442112    121110528
       29568        16384         414.461    968884224    242221056
       29568        32768         834.005   1937768448    484442112
       32448            1           3.561        64896        16224
       32448            2           4.339       129792        32448
       32448            4          16.963       259584        64896
       32448            8           5.692       519168       129792
       32448           16           3.749      1038336       259584
       32448           32           5.348      2076672       519168
       32448           64           5.048      4153344      1038336
       32448          128           9.480      8306688      2076672
       32448          256          13.468     16613376      4153344
       32448          512          23.976     33226752      8306688
       32448         1024          47.056     66453504     16613376
       32448         2048          62.671    132907008     33226752
       32448         4096         118.024    265814016     66453504
       32448         8192         248.353    531628032    132907008
       32448        16384         452.896   1063256064    265814016
       32448        32768         911.084   2126512128    531628032
       35520            1           1.306        71040        17760
       35520            2           3.477       142080        35520
       35520            4          15.117       284160        71040
       35520            8           1.810       568320       142080
       35520           16           4.602      1136640       284160
       35520           32           3.876      2273280       568320
       35520           64           5.822      4546560      1136640
       35520          128           8.936      9093120      2273280
       35520          256          18.422     18186240      4546560
       35520          512          27.815     36372480      9093120
       35520         1024          50.048     72744960     18186240
       35520         2048          67.142    145489920     36372480
       35520         4096         143.709    290979840     72744960
       35520         8192         274.314    581959680    145489920
       35520        16384         495.660   1163919360    290979840
       38976            1           2.540        77952        19488
       38976            2           6.053       155904        38976
       38976            4          13.630       311808        77952
       38976            8           3.883       623616       155904
       38976           16           4.129      1247232       311808
       38976           32           3.502      2494464       623616
       38976           64           5.140      4988928      1247232
       38976          128           7.167      9977856      2494464
       38976          256          16.246     19955712      4988928
       38976          512          26.975     39911424      9977856
       38976         1024          49.169     79822848     19955712
       38976         2048          76.877    159645696     39911424
       38976         4096         142.756    319291392     79822848
       38976         8192         288.901    638582784    159645696
       38976        16384         564.141   1277165568    319291392
       42816            1           2.340        85632        21408
       42816            2           4.254       171264        42816
       42816            4          17.320       342528        85632
       42816            8          11.166       685056       171264
       42816           16           4.095      1370112       342528
       42816           32           4.148      2740224       685056
       42816           64           6.479      5480448      1370112
       42816          128           8.840     10960896      2740224
       42816          256          16.733     21921792      5480448
       42816          512          30.345     43843584     10960896
       42816         1024          52.642     87687168     21921792
       42816         2048          80.986    175374336     43843584
       42816         4096         156.083    350748672     87687168
       42816         8192         321.663    701497344    175374336
       42816        16384         597.337   1402994688    350748672
       47040            1           2.297        94080        23520
       47040            2           4.303       188160        47040
       47040            4          14.391       376320        94080
       47040            8          12.094       752640       188160
       47040           16           4.053      1505280       376320
       47040           32           2.621      3010560       752640
       47040           64           7.917      6021120      1505280
       47040          128          10.047     12042240      3010560
       47040          256          18.639     24084480      6021120
       47040          512          30.755     48168960     12042240
       47040         1024          56.909     96337920     24084480
       47040         2048          86.171    192675840     48168960
       47040         4096         168.980    385351680     96337920
       47040         8192         353.883    770703360    192675840
       47040        16384         646.087   1541406720    385351680
       51648            1           2.916       103296        25824
       51648            2           5.818       206592        51648
       51648            4          15.928       413184       103296
       51648            8           1.831       826368       206592
       51648           16           2.703      1652736       413184
       51648           32           3.848      3305472       826368
       51648           64           6.440      6610944      1652736
       51648          128           8.927     13221888      3305472
       51648          256          18.408     26443776      6610944
       51648          512          32.577     52887552     13221888
       51648         1024          57.014    105775104     26443776
       51648         2048          93.756    211550208     52887552
       51648         4096         206.588    423100416    105775104
       51648         8192         362.798    846200832    211550208
       51648        16384         721.109   1692401664    423100416
       56640            1           3.293       113280        28320
       56640            2          17.422       226560        56640
       56640            4          14.498       453120       113280
       56640            8           3.827       906240       226560
       56640           16           5.167      1812480       453120
       56640           32           5.224      3624960       906240
       56640           64           5.897      7249920      1812480
       56640          128          10.595     14499840      3624960
       56640          256          21.631     28999680      7249920
       56640          512          43.074     57999360     14499840
       56640         1024          56.655    115998720     28999680
       56640         2048         112.508    231997440     57999360
       56640         4096         199.863    463994880    115998720
       56640         8192         393.096    927989760    231997440
       56640        16384         794.534   1855979520    463994880
       62208            1           3.868       124416        31104
       62208            2          14.928       248832        62208
       62208            4           3.230       497664       124416
       62208            8           4.045       995328       248832
       62208           16           4.263      1990656       497664
       62208           32           6.362      3981312       995328
       62208           64           9.137      7962624      1990656
       62208          128          13.224     15925248      3981312
       62208          256          24.659     31850496      7962624
       62208          512          49.080     63700992     15925248
       62208         1024          62.408    127401984     31850496
       62208         2048         115.961    254803968     63700992
       62208         4096         248.788    509607936    127401984
       62208         8192         446.456   1019215872    254803968
       62208        16384         902.955   2038431744    509607936
       68352            1           2.480       136704        34176
       68352            2           4.303       273408        68352
       68352            4          15.723       546816       136704
       68352            8           5.988      1093632       273408
       68352           16           4.575      2187264       546816
       68352           32           5.519      4374528      1093632
       68352           64          10.203      8749056      2187264
       68352          128          13.049     17498112      4374528
       68352          256          24.036     34996224      8749056
       68352          512          45.573     69992448     17498112
       68352         1024          63.562    139984896     34996224
       68352         2048         121.027    279969792     69992448
       68352         4096         242.113    559939584    139984896
       68352         8192         477.832   1119879168    279969792
       75072            1           4.264       150144        37536
       75072            2           2.722       300288        75072
       75072            4           4.854       600576       150144
       75072            8           2.942      1201152       300288
       75072           16           4.545      2402304       600576
       75072           32           4.576      4804608      1201152
       75072           64           8.075      9609216      2402304
       75072          128          13.416     19218432      4804608
       75072          256          27.931     38436864      9609216
       75072          512          49.767     76873728     19218432
       75072         1024          72.130    153747456     38436864
       75072         2048         148.402    307494912     76873728
       75072         4096         271.458    614989824    153747456
       75072         8192         546.298   1229979648    307494912
       82560            1           4.617       165120        41280
       82560            2           4.309       330240        82560
       82560            4           6.876       660480       165120
       82560            8           3.254      1320960       330240
       82560           16           6.311      2641920       660480
       82560           32           6.918      5283840      1320960
       82560           64           8.519     10567680      2641920
       82560          128          32.320     21135360      5283840
       82560          256          31.292     42270720     10567680
       82560          512          51.044     84541440     21135360
       82560         1024          78.952    169082880     42270720
       82560         2048         152.321    338165760     84541440
       82560         4096         307.766    676331520    169082880
       82560         8192         596.339   1352663040    338165760
       90816            1           2.766       181632        45408
       90816            2          12.077       363264        90816
       90816            4          31.200       726528       181632
       90816            8           2.811      1453056       363264
       90816           16           7.003      2906112       726528
       90816           32           5.265      5812224      1453056
       90816           64          11.908     11624448      2906112
       90816          128          17.338     23248896      5812224
       90816          256          30.735     46497792     11624448
       90816          512          55.504     92995584     23248896
       90816         1024          84.623    185991168     46497792
       90816         2048         171.836    371982336     92995584
       90816         4096         321.390    743964672    185991168
       90816         8192         651.036   1487929344    371982336
       99840            1           3.043       199680        49920
       99840            2          15.662       399360        99840
       99840            4           4.684       798720       199680
       99840            8           6.008      1597440       399360
       99840           16           6.971      3194880       798720
       99840           32           6.415      6389760      1597440
       99840           64           9.985     12779520      3194880
       99840          128          18.052     25559040      6389760
       99840          256          33.026     51118080     12779520
       99840          512          58.568    102236160     25559040
       99840         1024          95.495    204472320     51118080
       99840         2048         188.032    408944640    102236160
       99840         4096         367.408    817889280    204472320
       99840         8192         703.075   1635778560    408944640
      109824            1           4.647       219648        54912
      109824            2           4.522       439296       109824
      109824            4           4.082       878592       219648
      109824            8          13.200      1757184       439296
      109824           16           5.652      3514368       878592
      109824           32           6.735      7028736      1757184
      109824           64          10.972     14057472      3514368
      109824          128          20.060     28114944      7028736
      109824          256          37.341     56229888     14057472
      109824          512          57.987    112459776     28114944
      109824         1024         100.579    224919552     56229888
      109824         2048         202.141    449839104    112459776
      109824         4096         402.661    899678208    224919552
      109824         8192         774.766   1799356416    449839104
      120768            1           4.084       241536        60384
      120768            2           5.122       483072       120768
      120768            4           4.200       966144       241536
      120768            8           4.055      1932288       483072
      120768           16           3.744      3864576       966144
      120768           32           7.646      7729152      1932288
      120768           64          11.403     15458304      3864576
      120768          128          23.236     30916608      7729152
      120768          256          42.700     61833216     15458304
      120768          512          77.478    123666432     30916608
      120768         1024         110.456    247332864     61833216
      120768         2048         222.248    494665728    123666432
      120768         4096         422.255    989331456    247332864
      120768         8192         848.602   1978662912    494665728
      132672            1           3.615       265344        66336
      132672            2           3.821       530688       132672
      132672            4           4.569      1061376       265344
      132672            8           1.960      2122752       530688
      132672           16           5.664      4245504      1061376
      132672           32           7.451      8491008      2122752
      132672           64          13.921     16982016      4245504
      132672          128          25.101     33964032      8491008
      132672          256          45.892     67928064     16982016
      132672          512          62.729    135856128     33964032
      132672         1024         120.109    271712256     67928064
      132672         2048         240.669    543424512    135856128
      132672         4096         478.021   1086849024    271712256
      145920            1           3.783       291840        72960
      145920            2          10.040       583680       145920
      145920            4          11.747      1167360       291840
      145920            8           6.513      2334720       583680
      145920           16           4.551      4669440      1167360
      145920           32           7.999      9338880      2334720
      145920           64          13.541     18677760      4669440
      145920          128          27.545     37355520      9338880
      145920          256          49.107     74711040     18677760
      145920          512          70.663    149422080     37355520
      145920         1024         131.821    298844160     74711040
      145920         2048         273.268    597688320    149422080
      145920         4096         521.925   1195376640    298844160
      160512            1           2.665       321024        80256
      160512            2          18.237       642048       160512
      160512            4          14.678      1284096       321024
      160512            8           4.443      2568192       642048
      160512           16           6.676      5136384      1284096
      160512           32           9.194     10272768      2568192
      160512           64          14.561     20545536      5136384
      160512          128          30.882     41091072     10272768
      160512          256          52.571     82182144     20545536
      160512          512          76.172    164364288     41091072
      160512         1024         145.290    328728576     82182144
      160512         2048         280.437    657457152    164364288
      160512         4096         568.190   1314914304    328728576
      176448            1           3.210       352896        88224
      176448            2           2.169       705792       176448
      176448            4           3.725      1411584       352896
      176448            8          13.536      2823168       705792
      176448           16           7.525      5646336      1411584
      176448           32           8.464     11292672      2823168
      176448           64          15.210     22585344      5646336
      176448          128          29.671     45170688     11292672
      176448          256          53.655     90341376     22585344
      176448          512          81.041    180682752     45170688
      176448         1024         156.265    361365504     90341376
      176448         2048         310.600    722731008    180682752
      176448         4096         622.859   1445462016    361365504
      193920            1           5.736       387840        96960
      193920            2           2.426       775680       193920
      193920            4          19.271      1551360       387840
      193920            8           5.664      3102720       775680
      193920           16           5.188      6205440      1551360
      193920           32           9.853     12410880      3102720
      193920           64          17.737     24821760      6205440
      193920          128          29.580     49643520     12410880
      193920          256          54.799     99287040     24821760
      193920          512          91.085    198574080     49643520
      193920         1024         179.866    397148160     99287040
      193920         2048         351.736    794296320    198574080
      193920         4096         667.218   1588592640    397148160
      213312            1           4.871       426624       106656
      213312            2           4.185       853248       213312
      213312            4           9.209      1706496       426624
      213312            8           4.286      3412992       853248
      213312           16           5.781      6825984      1706496
      213312           32          10.689     13651968      3412992
      213312           64          19.353     27303936      6825984
      213312          128          34.631     54607872     13651968
      213312          256          60.439    109215744     27303936
      213312          512          99.295    218431488     54607872
      213312         1024         188.139    436862976    109215744
      213312         2048         397.228    873725952    218431488
      213312         4096         745.130   1747451904    436862976
      234624            1           5.165       469248       117312
      234624            2          10.716       938496       234624
      234624            4          13.535      1876992       469248
      234624            8           6.661      3753984       938496
      234624           16           6.599      7507968      1876992
      234624           32          11.279     15015936      3753984
      234624           64          20.053     30031872      7507968
      234624          128          55.043     60063744     15015936
      234624          256          60.763    120127488     30031872
      234624          512         114.629    240254976     60063744
      234624         1024         205.047    480509952    120127488
      234624         2048         404.966    961019904    240254976
      234624         4096         812.649   1922039808    480509952
      258048            1           6.984       516096       129024
      258048            2          15.168      1032192       258048
      258048            4          16.028      2064384       516096
      258048            8           3.910      4128768      1032192
      258048           16           8.634      8257536      2064384
      258048           32          13.441     16515072      4128768
      258048           64          24.187     33030144      8257536
      258048          128          41.965     66060288     16515072
      258048          256          64.143    132120576     33030144
      258048          512         115.809    264241152     66060288
      258048         1024         231.549    528482304    132120576
      258048         2048         464.101   1056964608    264241152
      258048         4096         893.135   2113929216    528482304
      283776            1           4.746       567552       141888
      283776            2           4.203      1135104       283776
      283776            4          14.088      2270208       567552
      283776            8           6.967      4540416      1135104
      283776           16           7.711      9080832      2270208
      283776           32          13.027     18161664      4540416
      283776           64          25.424     36323328      9080832
      283776          128          47.581     72646656     18161664
      283776          256          65.848    145293312     36323328
      283776          512         127.435    290586624     72646656
      283776         1024         249.234    581173248    145293312
      283776         2048         497.760   1162346496    290586624
      312000            1           6.916       624000       156000
      312000            2           4.120      1248000       312000
      312000            4          13.692      2496000       624000
      312000            8           5.591      4992000      1248000
      312000           16           9.542      9984000      2496000
      312000           32          14.589     19968000      4992000
      312000           64          27.734     39936000      9984000
      312000          128          68.341     79872000     19968000
      312000          256          73.156    159744000     39936000
      312000          512         138.015    319488000     79872000
      312000         1024         278.502    638976000    159744000
      312000         2048         547.536   1277952000    319488000
      343104            1           7.112       686208       171552
      343104            2           5.880      1372416       343104
      343104            4           4.728      2744832       686208
      343104            8          15.024      5489664      1372416
      343104           16           7.719     10979328      2744832
      343104           32          14.865     21958656      5489664
      343104           64          29.205     43917312     10979328
      343104          128          71.879     87834624     21958656
      343104          256          79.168    175669248     43917312
      343104          512         161.286    351338496     87834624
      343104         1024         295.288    702676992    175669248
      343104         2048         599.850   1405353984    351338496
      377280            1           6.616       754560       188640
      377280            2           5.748      1509120       377280
      377280            4          14.902      3018240       754560
      377280            8           6.743      6036480      1509120
      377280           16           9.701     12072960      3018240
      377280           32          18.374     24145920      6036480
      377280           64          34.336     48291840     12072960
      377280          128          73.869     96583680     24145920
      377280          256          85.890    193167360     48291840
      377280          512         174.685    386334720     96583680
      377280         1024         323.080    772669440    193167360
      377280         2048         653.175   1545338880    386334720
      414912            1          33.812       829824       207456
      414912            2           2.904      1659648       414912
      414912            4           5.463      3319296       829824
      414912            8           4.908      6638592      1659648
      414912           16          12.089     13277184      3319296
      414912           32          17.999     26554368      6638592
      414912           64          35.164     53108736     13277184
      414912          128          58.640    106217472     26554368
      414912          256          93.769    212434944     53108736
      414912          512         192.458    424869888    106217472
      414912         1024         361.049    849739776    212434944
      414912         2048         726.342   1699479552    424869888
      456384            1           7.568       912768       228192
      456384            2          14.333      1825536       456384
      456384            4           5.890      3651072       912768
      456384            8           6.754      7302144      1825536
      456384           16          12.681     14604288      3651072
      456384           32          19.859     29208576      7302144
      456384           64          34.067     58417152     14604288
      456384          128          62.243    116834304     29208576
      456384          256         102.840    233668608     58417152
      456384          512         200.946    467337216    116834304
      456384         1024         410.409    934674432    233668608
      456384         2048         785.118   1869348864    467337216
      501888            1           8.889      1003776       250944
      501888            2           4.837      2007552       501888
      501888            4          15.210      4015104      1003776
      501888            8           6.649      8030208      2007552
      501888           16          12.705     16060416      4015104
      501888           32          23.105     32120832      8030208
      501888           64          41.655     64241664     16060416
      501888          128          62.272    128483328     32120832
      501888          256         131.052    256966656     64241664
      501888          512         226.787    513933312    128483328
      501888         1024         433.246   1027866624    256966656
      501888         2048         868.114   2055733248    513933312
      552000            1           8.532      1104000       276000
      552000            2          15.618      2208000       552000
      552000            4          14.783      4416000      1104000
      552000            8           7.987      8832000      2208000
      552000           16          13.205     17664000      4416000
      552000           32          24.828     35328000      8832000
      552000           64          48.125     70656000     17664000
      552000          128          65.375    141312000     35328000
      552000          256         122.480    282624000     70656000
      552000          512         244.688    565248000    141312000
      552000         1024         489.810   1130496000    282624000
      607104            1           7.899      1214208       303552
      607104            2          13.948      2428416       607104
      607104            4           5.729      4856832      1214208
      607104            8           7.768      9713664      2428416
      607104           16          15.618     19427328      4856832
      607104           32          28.472     38854656      9713664
      607104           64          53.026     77709312     19427328
      607104          128          72.706    155418624     38854656
      607104          256         141.233    310837248     77709312
      607104          512         261.812    621674496    155418624
      607104         1024         541.656   1243348992    310837248
      667776            1          10.271      1335552       333888
      667776            2           3.617      2671104       667776
      667776            4           5.588      5342208      1335552
      667776            8           8.529     10684416      2671104
      667776           16          15.338     21368832      5342208
      667776           32          32.017     42737664     10684416
      667776           64          53.777     85475328     21368832
      667776          128          78.000    170950656     42737664
      667776          256         154.637    341901312     85475328
      667776          512         289.603    683802624    170950656
      667776         1024         587.299   1367605248    341901312
      734400            1           8.561      1468800       367200
      734400            2           4.854      2937600       734400
      734400            4           5.878      5875200      1468800
      734400            8           9.745     11750400      2937600
      734400           16          15.270     23500800      5875200
      734400           32          33.536     47001600     11750400
      734400           64          57.025     94003200     23500800
      734400          128          85.552    188006400     47001600
      734400          256         170.289    376012800     94003200
      734400          512         332.771    752025600    188006400
      734400         1024         645.001   1504051200    376012800
      807744            1          10.142      1615488       403872
      807744            2           5.252      3230976       807744
      807744            4           7.519      6461952      1615488
      807744            8          11.308     12923904      3230976
      807744           16          16.798     25847808      6461952
      807744           32          38.720     51695616     12923904
      807744           64          61.325    103391232     25847808
      807744          128          98.919    206782464     51695616
      807744          256         197.772    413564928    103391232
      807744          512         386.812    827129856    206782464
      807744         1024         738.548   1654259712    413564928
      888384            1          12.464      1776768       444192
      888384            2           6.622      3553536       888384
      888384            4          23.681      7107072      1776768
      888384            8          12.591     14214144      3553536
      888384           16          20.662     28428288      7107072
      888384           32          41.836     56856576     14214144
      888384           64          70.214    113713152     28428288
      888384          128         123.176    227426304     56856576
      888384          256         261.148    454852608    113713152
      888384          512         477.490    909705216    227426304
      888384         1024         961.647   1819410432    454852608
      977088            1          11.955      1954176       488544
      977088            2           8.249      3908352       977088
      977088            4          17.860      7816704      1954176
      977088            8          13.462     15633408      3908352
      977088           16          22.394     31266816      7816704
      977088           32          45.044     62533632     15633408
      977088           64          73.656    125067264     31266816
      977088          128         136.965    250134528     62533632
      977088          256         274.188    500269056    125067264
      977088          512         540.770   1000538112    250134528
      977088         1024        1056.570   2001076224    500269056
     1074624            1          12.186      2149248       537312
     1074624            2          25.387      4298496      1074624
     1074624            4           7.678      8596992      2149248
     1074624            8          16.726     17193984      4298496
     1074624           16          28.871     34387968      8596992
     1074624           32          51.769     68775936     17193984
     1074624           64          77.761    137551872     34387968
     1074624          128         148.719    275103744     68775936
     1074624          256         299.423    550207488    137551872
     1074624          512         594.390   1100414976    275103744
     1181952            1          12.587      2363904       590976
     1181952            2           8.078      4727808      1181952
     1181952            4          12.630      9455616      2363904
     1181952            8          14.553     18911232      4727808
     1181952           16          29.722     37822464      9455616
     1181952           32          53.102     75644928     18911232
     1181952           64          85.908    151289856     37822464
     1181952          128         163.320    302579712     75644928
     1181952          256         343.206    605159424    151289856
     1181952          512         641.107   1210318848    302579712
     1300032            1          16.474      2600064       650016
     1300032            2          16.869      5200128      1300032
     1300032            4          10.655     10400256      2600064
     1300032            8          15.645     20800512      5200128
     1300032           16          32.866     41601024     10400256
     1300032           32          55.986     83202048     20800512
     1300032           64          93.524    166404096     41601024
     1300032          128         189.117    332808192     83202048
     1300032          256         369.405    665616384    166404096
     1300032          512         696.632   1331232768    332808192
     1430016            1          16.552      2860032       715008
     1430016            2          21.614      5720064      1430016
     1430016            4          10.559     11440128      2860032
     1430016            8          18.281     22880256      5720064
     1430016           16          34.395     45760512     11440128
     1430016           32          62.334     91521024     22880256
     1430016           64         102.342    183042048     45760512
     1430016          128         215.050    366084096     91521024
     1430016          256         394.267    732168192    183042048
     1430016          512         780.907   1464336384    366084096
     1572864            1          20.080      3145728       786432
     1572864            2          15.564      6291456      1572864
     1572864            4          11.613     12582912      3145728
     1572864            8          37.791     25165824      6291456
     1572864           16          36.426     50331648     12582912
     1572864           32          64.243    100663296     25165824
     1572864           64         112.874    201326592     50331648
     1572864          128         217.669    402653184    100663296
     1572864          256         423.853    805306368    201326592
     1572864          512         857.357   1610612736    402653184
     1730112            1          19.694      3460224       865056
     1730112            2          16.647      6920448      1730112
     1730112            4          14.695     13840896      3460224
     1730112            8          19.872     27681792      6920448
     1730112           16          38.859     55363584     13840896
     1730112           32          69.787    110727168     27681792
     1730112           64         121.380    221454336     55363584
     1730112          128         254.599    442908672    110727168
     1730112          256         465.142    885817344    221454336
     1730112          512         934.810   1771634688    442908672
     1903104            1          30.593      3806208       951552
     1903104            2          18.666      7612416      1903104
     1903104            4          13.591     15224832      3806208
     1903104            8          24.047     30449664      7612416
     1903104           16          42.039     60899328     15224832
     1903104           32          73.860    121798656     30449664
     1903104           64         134.640    243597312     60899328
     1903104          128         259.746    487194624    121798656
     1903104          256         533.442    974389248    243597312
     1903104          512        1032.622   1948778496    487194624
     2093376            1          34.820      4186752      1046688
     2093376            2          10.058      8373504      2093376
     2093376            4          15.260     16747008      4186752
     2093376            8          26.926     33494016      8373504
     2093376           16          47.203     66988032     16747008
     2093376           32          79.098    133976064     33494016
     2093376           64         146.629    267952128     66988032
     2093376          128         284.417    535904256    133976064
     2093376          256         579.043   1071808512    267952128
     2093376          512        1127.208   2143617024    535904256
     2302656            1          36.178      4605312      1151328
     2302656            2           9.973      9210624      2302656
     2302656            4          15.190     18421248      4605312
     2302656            8          29.685     36842496      9210624
     2302656           16          52.685     73684992     18421248
     2302656           32          83.959    147369984     36842496
     2302656           64         160.510    294739968     73684992
     2302656          128         313.446    589479936    147369984
     2302656          256         633.632   1178959872    294739968
     2532864            1          35.314      5065728      1266432
     2532864            2          10.908     10131456      2532864
     2532864            4          17.901     20262912      5065728
     2532864            8          29.722     40525824     10131456
     2532864           16          57.271     81051648     20262912
     2532864           32          92.211    162103296     40525824
     2532864           64         176.094    324206592     81051648
     2532864          128         361.216    648413184    162103296
     2532864          256         679.737   1296826368    324206592
     2786112            1          33.988      5572224      1393056
     2786112            2          13.587     11144448      2786112
     2786112            4          18.640     22288896      5572224
     2786112            8          33.168     44577792     11144448
     2786112           16          62.090     89155584     22288896
     2786112           32         102.134    178311168     44577792
     2786112           64         191.742    356622336     89155584
     2786112          128         393.954    713244672    178311168
     2786112          256         758.469   1426489344    356622336
     3064704            1          50.743      6129408      1532352
     3064704            2          12.551     12258816      3064704
     3064704            4          20.869     24517632      6129408
     3064704            8          36.659     49035264     12258816
     3064704           16          64.277     98070528     24517632
     3064704           32         109.896    196141056     49035264
     3064704           64         212.208    392282112     98070528
     3064704          128         459.325    784564224    196141056
     3064704          256        1104.398   1569128448    392282112
     3371136            1          50.075      6742272      1685568
     3371136            2          43.660     13484544      3371136
     3371136            4          25.797     26969088      6742272
     3371136            8          49.030     53938176     13484544
     3371136           16          88.113    107876352     26969088
     3371136           32         173.265    215752704     53938176
     3371136           64         343.130    431505408    107876352
     3371136          128         686.741    863010816    215752704
     3371136          256        1353.246   1726021632    431505408
     3708096            1          50.668      7416192      1854048
     3708096            2          28.849     14832384      3708096
     3708096            4          28.877     29664768      7416192
     3708096            8          52.691     59329536     14832384
     3708096           16         112.834    118659072     29664768
     3708096           32         186.457    237318144     59329536
     3708096           64         367.765    474636288    118659072
     3708096          128         739.220    949272576    237318144
     3708096          256        1470.298   1898545152    474636288
     4078848            1          56.665      8157696      2039424
     4078848            2          16.259     16315392      4078848
     4078848            4          26.316     32630784      8157696
     4078848            8          47.558     65261568     16315392
     4078848           16          78.157    130523136     32630784
     4078848           32         161.221    261046272     65261568
     4078848           64         280.942    522092544    130523136
     4078848          128         550.032   1044185088    261046272
     4078848          256        1121.850   2088370176    522092544
     4486656            1          60.132      8973312      2243328
     4486656            2          18.082     17946624      4486656
     4486656            4          28.686     35893248      8973312
     4486656            8          55.976     71786496     17946624
     4486656           16          84.690    143572992     35893248
     4486656           32         175.642    287145984     71786496
     4486656           64         307.973    574291968    143572992
     4486656          128         617.620   1148583936    287145984
     4935168            1          64.283      9870336      2467584
     4935168            2          19.113     19740672      4935168
     4935168            4          32.330     39481344      9870336
     4935168            8          57.217     78962688     19740672
     4935168           16          90.496    157925376     39481344
     4935168           32         191.360    315850752     78962688
     4935168           64         337.493    631701504    157925376
     4935168          128         685.480   1263403008    315850752
     5428608            1          68.664     10857216      2714304
     5428608            2          21.624     21714432      5428608
     5428608            4          34.481     43428864     10857216
     5428608            8          62.250     86857728     21714432
     5428608           16         117.279    173715456     43428864
     5428608           32         189.010    347430912     86857728
     5428608           64         369.394    694861824    173715456
     5428608          128         742.836   1389723648    347430912
     5971392            1          74.471     11942784      2985696
     5971392            2          21.889     23885568      5971392
     5971392            4          40.016     47771136     11942784
     5971392            8          64.045     95542272     23885568
     5971392           16         111.435    191084544     47771136
     5971392           32         209.592    382169088     95542272
     5971392           64         421.268    764338176    191084544
     5971392          128         802.612   1528676352    382169088
     6568512            1          78.424     13137024      3284256
     6568512            2          25.563     26274048      6568512
     6568512            4          42.391     52548096     13137024
     6568512            8          69.472    105096192     26274048
     6568512           16         119.488    210192384     52548096
     6568512           32         247.111    420384768    105096192
     6568512           64         445.699    840769536    210192384
     6568512          128         892.326   1681539072    420384768
     7225344            1          86.579     14450688      3612672
     7225344            2          27.470     28901376      7225344
     7225344            4          46.581     57802752     14450688
     7225344            8          74.431    115605504     28901376
     7225344           16         131.718    231211008     57802752
     7225344           32         251.411    462422016    115605504
     7225344           64         505.865    924844032    231211008
     7225344          128         981.739   1849688064    462422016
     7947840            1          93.704     15895680      3973920
     7947840            2          30.708     31791360      7947840
     7947840            4          72.548     63582720     15895680
     7947840            8          84.294    127165440     31791360
     7947840           16         144.015    254330880     63582720
     7947840           32         275.154    508661760    127165440
     7947840           64         552.096   1017323520    254330880
     7947840          128        1076.193   2034647040    508661760
     8742528            1         109.605     17485056      4371264
     8742528            2          33.211     34970112      8742528
     8742528            4          53.086     69940224     17485056
     8742528            8         107.874    139880448     34970112
     8742528           16         158.886    279760896     69940224
     8742528           32         303.191    559521792    139880448
     8742528           64         607.283   1119043584    279760896
     9616704            1         116.499     19233408      4808352
     9616704            2          36.153     38466816      9616704
     9616704            4          56.646     76933632     19233408
     9616704            8         115.256    153867264     38466816
     9616704           16         174.770    307734528     76933632
     9616704           32         332.009    615469056    153867264
     9616704           64         661.517   1230938112    307734528
    10578240            1         129.024     21156480      5289120
    10578240            2          37.870     42312960     10578240
    10578240            4          63.821     84625920     21156480
    10578240            8         101.749    169251840     42312960
    10578240           16         189.125    338503680     84625920
    10578240           32         364.553    677007360    169251840
    10578240           64         726.706   1354014720    338503680
    11635968            1         132.563     23271936      5817984
    11635968            2          40.718     46543872     11635968
    11635968            4          69.203     93087744     23271936
    11635968            8         111.126    186175488     46543872
    11635968           16         215.561    372350976     93087744
    11635968           32         424.860    744701952    186175488
    11635968           64         787.487   1489403904    372350976
    12799488            1         139.379     25598976      6399744
    12799488            2          44.909     51197952     12799488
    12799488            4          75.885    102395904     25598976
    12799488            8         122.636    204791808     51197952
    12799488           16         229.583    409583616    102395904
    12799488           32         455.401    819167232    204791808
    12799488           64         877.595   1638334464    409583616
    14079360            1         167.257     28158720      7039680
    14079360            2          49.133     56317440     14079360
    14079360            4          82.268    112634880     28158720
    14079360            8         153.029    225269760     56317440
    14079360           16         251.866    450539520    112634880
    14079360           32         483.232    901079040    225269760
    14079360           64         967.122   1802158080    450539520
    15487296            1         183.552     30974592      7743648
    15487296            2          55.432     61949184     15487296
    15487296            4          87.944    123898368     30974592
    15487296            8         147.087    247796736     61949184
    15487296           16         296.372    495593472    123898368
    15487296           32         533.040    991186944    247796736
    15487296           64        1064.209   1982373888    495593472
    17035968            1         196.793     34071936      8517984
    17035968            2          62.071     68143872     17035968
    17035968            4          96.188    136287744     34071936
    17035968            8         160.639    272575488     68143872
    17035968           16         325.885    545150976    136287744
    17035968           32         585.931   1090301952    272575488
    18739392            1         223.046     37478784      9369696
    18739392            2          72.266     74957568     18739392
    18739392            4         105.679    149915136     37478784
    18739392            8         179.374    299830272     74957568
    18739392           16         359.950    599660544    149915136
    18739392           32         645.263   1199321088    299830272
    20613312            1         240.758     41226624     10306656
    20613312            2          80.025     82453248     20613312
    20613312            4         111.506    164906496     41226624
    20613312            8         220.300    329812992     82453248
    20613312           16         366.372    659625984    164906496
    20613312           32         725.532   1319251968    329812992
    22674624            1         275.471     45349248     11337312
    22674624            2         101.639     90698496     22674624
    22674624            4         122.012    181396992     45349248
    22674624            8         214.991    362793984     90698496
    22674624           16         403.778    725587968    181396992
    22674624           32         796.725   1451175936    362793984
    24941952            1         235.111     49883904     12470976
    24941952            2         100.392     99767808     24941952
    24941952            4         135.116    199535616     49883904
    24941952            8         254.926    399071232     99767808
    24941952           16         453.330    798142464    199535616
    24941952           32         906.189   1596284928    399071232
    27436032            1         214.953     54872064     13718016
    27436032            2         112.591    109744128     27436032
    27436032            4         156.930    219488256     54872064
    27436032            8         278.084    438976512    109744128
    27436032           16         537.745    877953024    219488256
    27436032           32        1022.738   1755906048    438976512
    30179520            1         166.396     60359040     15089760
    30179520            2         127.635    120718080     30179520
    30179520            4         181.527    241436160     60359040
    30179520            8         314.603    482872320    120718080
    30179520           16         597.402    965744640    241436160
    30179520           32        1145.664   1931489280    482872320
    33197376            1         161.893     66394752     16598688
    33197376            2         145.868    132789504     33197376
    33197376            4         206.437    265579008     66394752
    33197376            8         357.909    531158016    132789504
    33197376           16         669.973   1062316032    265579008
    33197376           32        1278.122   2124632064    531158016
    36517056            1         193.248     73034112     18258528
    36517056            2         164.877    146068224     36517056
    36517056            4         250.593    292136448     73034112
    36517056            8         401.648    584272896    146068224
    36517056           16         754.333   1168545792    292136448
    40168704            1         227.580     80337408     20084352
    40168704            2         186.081    160674816     40168704
    40168704            4         257.055    321349632     80337408
    40168704            8         440.691    642699264    160674816
    40168704           16         824.209   1285398528    321349632
    44185536            1         232.581     88371072     22092768
    44185536            2         215.270    176742144     44185536
    44185536            4         300.167    353484288     88371072
    44185536            8         487.969    706968576    176742144
    44185536           16         912.667   1413937152    353484288
    48604032            1         236.796     97208064     24302016
    48604032            2         251.931    194416128     48604032
    48604032            4         338.473    388832256     97208064
    48604032            8         581.869    777664512    194416128
    48604032           16        1080.928   1555329024    388832256
    53464320            1         291.558    106928640     26732160
    53464320            2         311.655    213857280     53464320
    53464320            4         448.330    427714560    106928640
    53464320            8         744.176    855429120    213857280
    53464320           16        1338.601   1710858240    427714560
    58810752            1         347.324    117621504     29405376
    58810752            2         398.277    235243008     58810752
    58810752            4         538.989    470486016    117621504
    58810752            8         910.550    940972032    235243008
    58810752           16        1672.700   1881944064    470486016
    64691712            1         403.570    129383424     32345856
    64691712            2         569.937    258766848     64691712
    64691712            4         694.733    517533696    129383424
    64691712            8        1136.580   1035067392    258766848
    64691712           16        2102.963   2070134784    517533696
    71160768            1         454.190    142321536     35580384
    71160768            2         732.044    284643072     71160768
    71160768            4         896.254    569286144    142321536
    71160768            8        1481.112   1138572288    284643072
    78276672            1         538.022    156553344     39138336
    78276672            2         889.527    313106688     78276672
    78276672            4        1132.691    626213376    156553344
    78276672            8        1869.995   1252426752    313106688
    86104320            1         622.642    172208640     43052160
    86104320            2        1064.269    344417280     86104320
    86104320            4        1433.221    688834560    172208640
    86104320            8        2371.759   1377669120    344417280
    94714752            1         705.890    189429504     47357376
    94714752            2        1240.882    378859008     94714752
    94714752            4        1745.836    757718016    189429504
    94714752            8        2909.194   1515436032    378859008
   104186112            1         804.451    208372224     52093056
   104186112            2        1474.696    416744448    104186112
   104186112            4        2076.526    833488896    208372224
   104186112            8        3497.409   1666977792    416744448
   114604608            1         909.749    229209216     57302304
   114604608            2        1692.957    458418432    114604608
   114604608            4        2415.877    916836864    229209216
   114604608            8        4122.066   1833673728    458418432
   126064896            1        1020.373    252129792     63032448
   126064896            2        1899.005    504259584    126064896
   126064896            4        2807.366   1008519168    252129792
   126064896            8        4776.712   2017038336    504259584
   138671232            1        1158.768    277342464     69335616
   138671232            2        2172.211    554684928    138671232
   138671232            4        3205.009   1109369856    277342464
   152538240            1        1293.122    305076480     76269120
   152538240            2        2439.985    610152960    152538240
   152538240            4        3704.461   1220305920    305076480
   167792064            1        1452.601    335584128     83896032
   167792064            2        2802.843    671168256    167792064
   167792064            4        4150.423   1342336512    335584128
   184571136            1        1614.567    369142272     92285568
   184571136            2        3148.166    738284544    184571136
   184571136            4        4717.568   1476569088    369142272
   203028096            1        1824.021    406056192    101514048
   203028096            2        3508.356    812112384    203028096
   203028096            4        5874.233   1624224768    406056192
   223330752            1        2038.375    446661504    111665376
   223330752            2        4034.442    893323008    223330752
   223330752            4        6066.171   1786646016    446661504
   245663808            1        2263.166    491327616    122831904
   245663808            2        4509.962    982655232    245663808
   245663808            4        6731.132   1965310464    491327616
   270230016            1        2589.436    540460032    135115008
   270230016            2        5089.802   1080920064    270230016
   297252864            1        2878.061    594505728    148626432
   297252864            2        5855.081   1189011456    297252864
   326978112            1        3244.189    653956224    163489056
   326978112            2        6490.335   1307912448    326978112
   359675904            1        3655.887    719351808    179837952
   359675904            2        7227.119   1438703616    359675904
   395643456            1        4008.673    791286912    197821728
   395643456            2        8011.439   1582573824    395643456
   435207744            1        4490.334    870415488    217603872
   435207744            2        8838.457   1740830976    435207744
   478728384            1        4901.910    957456768    239364192
   478728384            2        9858.589   1914913536    478728384
   526601088            1        5455.988   1053202176    263300544
   526601088            2       11317.439   2106404352    526601088
   579261120            1        6046.678   1158522240    289630560
   637187136            1        6682.119   1274374272    318593568
   700905792            1        7472.857   1401811584    350452896
   770996352            1        8215.923   1541992704    385498176
   848095872            1        9067.864   1696191744    424047936
   932905344            1       10135.303   1865810688    466452672
  1026195840            1       11146.455   2052391680    513097920

META_DATA
FLOPS          4
MPI_PROCS      1
OPENMP_THREADS 24
ERT_VERSION  1.1.0
HOSTNAME  ('deepv.deep', [], ['10.2.8.6'])
UNAME  uname_result(system='Linux', node='deepv', release='4.18.0-513.24.1.el8_9.x86_64', version='#1 SMP Thu Apr 4 18:13:02 UTC 2024', machine='x86_64')
TIMESTAMP_DATA  1713374580.8842113
CONFIG  {'ERT_RESULTS': ['Results.cn.deep.fz-juelich.de.01.gcc2023-O3-fastmath'], 'ERT_DRIVER': ['driver1'], 'ERT_KERNEL': ['kernel1'], 'ERT_MPI': ['True'], 'ERT_MPI_CFLAGS': ['-I', '/p/software/deep/stages/2023/software/psmpi/5.9.2-1-GCC-11.3.0/include'], 'ERT_MPI_LDFLAGS': ['-L', '/p/software/deep/stages/2023/software/psmpi/5.9.2-1-GCC-11.3.0/lib', '-lmpi'], 'ERT_OPENMP': ['True'], 'ERT_OPENMP_CFLAGS': ['-fopenmp'], 'ERT_OPENMP_LDFLAGS': ['-fopenmp'], 'ERT_FLOPS': ['1,2,4,8,16,64,128'], 'ERT_ALIGN': ['64'], 'ERT_CC': ['mpicxx'], 'ERT_CFLAGS': ['-g', '-O3', '-mavx'], 'ERT_LD': ['mpicxx'], 'ERT_LDFLAGS': [], 'ERT_LDLIBS': [], 'ERT_PRECISION': ['FP64'], 'ERT_RUN': ['export', 'OMP_NUM_THREADS=ERT_OPENMP_THREADS;', 'export', 'OMP_PLACES="cores(ERT_OPENMP_THREADS)";', 'srun', '-p', 'dp-cn', '-n', 'ERT_MPI_PROCS', '-c', '48', '--ntasks-per-node', '1', 'ERT_CODE'], 'ERT_PROCS_THREADS': ['24'], 'ERT_MPI_PROCS': ['1'], 'ERT_OPENMP_THREADS': ['24'], 'ERT_NUM_EXPERIMENTS': ['5'], 'ERT_MEMORY_MAX': ['1073741824'], 'ERT_WORKING_SET_MIN': ['128'], 'ERT_TRIALS_MIN': ['1'], 'ERT_GNUPLOT': ['gnuplot'], 'ERT_GPU': [False], 'ERT_HIP': [False], 'ERT_OCL': [False], 'ERT_SYCL': [False], 'ERT_WSS_MULT': [1.1]}
