fp64
 1024 1048576 267002.869 267488.251 268922.882 7.985499902533397 8.028328870414574 8.042923493829573 15.970999805066795 16.05665774082915 16.085846987659146
 1120 524288 140027.908 140040.192 140776.443 8.342341196957221 8.386200441656063 8.38693612419033 16.684682393914443 16.772400883312127 16.77387224838066
 1232 524288 141235.199 141287.43 142013.443 9.096643280453387 9.143386867465846 9.146768235870153 18.193286560906774 18.286773734931693 18.293536471740307
 1352 524288 139961.349 139987.961 140738.556 10.073108551717695 10.127119088476471 10.129044640745782 20.14621710343539 20.254238176952942 20.258089281491564
 1480 524288 141359.1 141373.444 142119.934 10.919597528099048 10.977255954802942 10.978369839649515 21.839195056198097 21.954511909605884 21.95673967929903
 1624 524288 140000.259 140039.169 140781.57 12.095954207642379 12.160079470337331 12.16345909760067 24.191908415284757 24.320158940674663 24.32691819520134
 1784 524288 141447.174 141456.39 142186.493 13.156380360263897 13.224284770733933 13.225146399884949 26.312760720527795 26.448569541467865 26.450292799769898
 1960 524288 141402.115 141432.831 142203.903 14.452549590006681 14.531342867625973 14.534499430931426 28.905099180013362 29.062685735251947 29.068998861862852
 2152 262144 72453.117 72501.251 72900.604 15.476795994721797 15.56204562594375 15.572384221923812 30.953591989443595 31.1240912518875 31.144768443847624
 2360 262144 72435.715 72446.976 72839.165 16.98701076543093 17.078969314053907 17.081624444516077 33.97402153086186 34.157938628107814 34.163248889032154
 2592 262144 72452.095 72472.572 72864.769 18.650364430579614 18.751293882601544 18.75659352569446 37.30072886115923 37.50258776520309 37.51318705138892
 2848 262144 72469.505 72512.512 72885.246 20.486618430292463 20.59192521147247 20.604145481606366 40.973236860584926 41.18385042294494 41.20829096321273
 3128 262144 78126.083 78177.315 78604.286 20.863657027556997 20.977605383351936 20.991361668548006 41.72731405511399 41.95521076670387 41.98272333709601
 3440 262144 78169.09 78240.768 78605.347 22.944377053637332 23.051291112070885 23.072428244975093 45.888754107274664 46.10258222414177 46.144856489950186
 3784 262144 78494.72 78525.436 78941.216 25.13143187457361 25.26449890708025 25.274385232535387 50.26286374914722 50.5289978141605 50.548770465070774
 4160 131072 45209.599 45230.08 45449.215 23.994232683666816 24.110482227756396 24.121404837056836 47.98846536733363 48.22096445551279 48.24280967411367
 4576 131072 45350.91 45363.201 45611.008 26.300031431008932 26.443701448669817 26.450868218520863 52.600062862017865 52.88740289733963 52.90173643704173
 5032 131072 45353.985 45355.007 45605.888 28.924085591755173 29.084079030127814 29.084734406469465 57.848171183510345 58.16815806025563 58.16946881293893
 5528 131072 51678.207 51770.367 52058.144 27.836797869705077 27.991534848497405 28.04145337317914 55.67359573941015 55.98306969699481 56.08290674635828
 6080 131072 51686.401 51738.529 51998.718 30.651438752778482 30.805582431614937 30.836651211215113 61.302877505556964 61.611164863229874 61.673302422430226
 6688 131072 58257.408 58278.912 58580.994 29.928120919218273 30.083249872612587 30.094354215003865 59.856241838436546 60.166499745225174 60.18870843000773
 7352 131072 64734.207 64746.529 65071.075 29.618116620941027 29.76657927099073 29.77224526748277 59.236233241882054 59.53315854198146 59.54449053496554
 8080 131072 64754.684 64776.192 65102.844 32.535038254242785 32.69910525150969 32.70996612384055 65.07007650848557 65.39821050301938 65.4199322476811
 8888 65536 32376.831 32389.118 32575.489 35.762101253491544 35.96788081725473 35.981530619843554 71.52420250698309 71.93576163450946 71.96306123968711
 9776 65536 32381.95 32398.335 32567.295 39.34498925993086 39.5501766371636 39.570188700803996 78.68997851986173 79.1003532743272 79.14037740160799
 10752 65536 32376.831 32392.193 32584.705 43.24992796466931 43.50696922557852 43.52761219898266 86.49985592933862 87.01393845115705 87.05522439796532
 11824 65536 32373.695 32381.95 32587.776 47.55756661639015 47.859851800154104 47.87205563035051 95.1151332327803 95.71970360030821 95.74411126070102
 13000 65536 32379.906 32385.025 32570.37 52.315524815960025 52.61493545241974 52.62325344613415 104.63104963192005 105.22987090483949 105.2465068922683
 14296 65536 32370.689 32403.423 32563.202 57.5436442644676 57.82738792750383 57.88586433856876 115.0872885289352 115.65477585500766 115.77172867713752
 15720 65536 32380.928 32406.494 32585.728 63.23172647853686 63.58144882936117 63.631648852065005 126.46345295707371 127.16289765872234 127.26329770413001
 17288 32768 16198.656 16208.897 16286.72 69.56504243948444 69.89904174232214 69.94323282129085 139.1300848789689 139.79808348464428 139.8864656425817
 19016 32768 16194.559 16203.775 16294.912 76.47985923458806 76.9100148576489 76.95378281063411 152.95971846917612 153.8200297152978 153.90756562126822
 20912 32768 16202.751 16206.881 16288.736 84.13721187451253 84.5621580117729 84.58371248191123 168.27442374902506 169.1243160235458 169.16742496382247
 23000 32768 16200.705 16210.943 16287.745 92.54368852164619 92.98212941714742 93.04088926994227 185.08737704329238 185.96425883429484 186.08177853988454
 25296 32768 16208.897 16222.208 16283.648 101.80757137466986 102.19315742961746 102.27708005054261 203.61514274933973 204.38631485923491 204.55416010108522
 27824 32768 16199.68 16211.967 16285.696 111.96780684104628 112.47701552809723 112.56232616940581 223.93561368209257 224.95403105619445 225.12465233881161
 30600 32768 16198.656 16223.232 16284.672 123.14657611771364 123.61295209240673 123.80049307794422 246.29315223542727 247.22590418481346 247.60098615588845
 33656 16384 8117.248 8121.344 8152.064 135.28350709709832 135.79523389232125 135.8637567806232 270.56701419419664 271.5904677846425 271.7275135612464
 37016 16384 8117.248 8118.272 8155.136 148.73329984932195 149.40867810292636 149.4275261763593 297.4665996986439 298.8173562058527 298.8550523527186
 40712 16384 8124.416 8137.696 8152.096 163.64513077372985 163.93470780918824 164.202672044366 327.2902615474597 327.8694156183765 328.405344088732
 44776 16384 8122.368 8128.512 8155.136 179.9136112506278 180.50289745527843 180.63943519919314 359.8272225012556 361.00579491055686 361.2788703983863
 49248 16384 8120.32 8137.728 8158.208 197.80795782603238 198.3057757644394 198.73089533417402 395.61591565206476 396.6115515288788 397.46179066834804
 54168 16384 8124.416 8134.656 8165.376 217.37848006019564 218.19939577039273 218.47441391479705 434.7569601203913 436.39879154078545 436.9488278295941
 59584 16384 8124.416 8138.72 8159.232 239.29317269076301 239.89626280299603 240.31862868666497 478.58634538152603 479.79252560599207 480.63725737332993
 65536 16384 8125.44 8141.824 8159.232 263.19678714859435 263.7595271035091 264.2913673597984 526.3935742971887 527.5190542070181 528.5827347195968
 72088 8192 4061.184 4067.328 4084.736 289.1471546753572 290.38469284994966 290.82400403429153 578.2943093507145 580.7693856998993 581.6480080685831
 79296 8192 4060.16 4065.216 4079.712 318.4503376708944 319.5858876871487 319.9838587641866 636.9006753417888 639.1717753742975 639.9677175283732
 87224 8192 4063.232 4076.544 4087.808 349.59519038076155 350.56116553629744 351.7096774193549 699.1903807615231 701.1223310725949 703.4193548387098
 95944 8192 4063.232 4072.352 4083.712 384.9307923771314 386.00457327853786 386.8709677419355 769.8615847542628 772.0091465570757 773.741935483871
 105536 8192 4065.28 4068.352 4089.856 422.7781672508763 425.01283664736974 425.33400503778336 845.5563345017526 850.0256732947395 850.6680100755667
 116088 8192 4066.304 4072.352 4089.856 465.0495743615423 467.0484751809274 467.74313774867795 930.0991487230846 934.0969503618549 935.4862754973559
 127696 8192 4066.368 4077.568 4089.856 511.55132699048573 513.0929181315921 514.5061302862899 1023.1026539809715 1026.1858362631842 1029.0122605725799
 140464 4096 2037.76 2040.832 2050.048 561.2947052947054 563.8294029101856 564.6793969849247 1122.5894105894108 1127.6588058203713 1129.3587939698493
 154504 4096 2035.712 2040.832 2049.024 617.7071464267866 620.1866532865026 621.7464788732394 1235.4142928535732 1240.3733065730053 1243.4929577464789
 169952 4096 2037.76 2042.88 2049.024 679.4682658670664 681.5117794486215 683.2241206030151 1358.9365317341328 1363.023558897243 1366.4482412060302
 186944 4096 2036.736 2041.856 2049.024 747.4022988505748 750.0260782347042 751.9115133232781 1494.8045977011495 1500.0521564694084 1503.8230266465562
 205632 4096 2036.8 2044.928 2052.096 820.8862275449101 823.7636454682023 827.0509347996857 1641.7724550898201 1647.5272909364046 1654.1018695993714
 226192 4096 2039.808 2043.904 2049.024 904.3158420789606 906.5811623246493 908.4016064257028 1808.6316841579212 1813.1623246492986 1816.8032128514055
 248808 4096 2040.832 2047.968 2048.0 995.232 995.2475507429803 998.7275464124434 1990.464 1990.4951014859605 1997.4550928248868
 273688 2048 1032.192 1040.384 1171.456 956.9510489510491 1077.511811023622 1086.0634920634923 1913.9020979020981 2155.023622047244 2172.1269841269846
 301056 2048 1030.144 1040.384 1165.312 1058.1933216168718 1185.259842519685 1197.0417495029822 2116.3866432337436 2370.51968503937 2394.0834990059643
 331160 2048 1034.24 1035.264 1159.168 1170.1766784452298 1310.2274975272007 1311.5247524752474 2340.3533568904595 2620.4549950544015 2623.049504950495
 364272 2048 1032.192 1039.36 1164.288 1281.5197889182057 1435.554679802956 1445.5238095238096 2563.0395778364114 2871.109359605912 2891.0476190476193
 400696 2048 1029.12 1155.072 1161.216 1413.3897707231042 1420.90780141844 1594.8099502487562 2826.7795414462084 2841.81560283688 3189.6199004975124
 440760 2048 1031.168 1155.072 1162.24 1553.3392070484583 1562.9787234042556 1750.784508440914 3106.6784140969166 3125.957446808511 3501.569016881828
 484832 2048 1041.408 1164.288 1165.312 1704.1546572934974 1705.6534740545292 1906.9105211406097 3408.309314586995 3411.3069481090583 3813.8210422812194
 533312 1024 585.728 586.752 587.776 1858.2299651567946 1861.4729493891798 1864.7272727272727 3716.459930313589 3722.9458987783596 3729.4545454545455
 586640 1024 585.696 587.776 589.824 2036.9444444444446 2044.0418118466903 2051.300879637218 4073.888888888889 4088.0836236933806 4102.601759274436
 645304 1024 584.704 585.728 589.824 2240.6388888888887 2256.3076923076924 2260.2591943957973 4481.277777777777 4512.615384615385 4520.518388791595
 709832 1024 1044.48 1048.576 1049.6 1385.0380487804878 1386.3906249999998 1391.827450980392 2770.0760975609755 2772.7812499999995 2783.654901960784
 780808 1024 1045.504 1049.6 1050.624 1522.0428849902535 1523.527804878049 1529.496571988247 3044.085769980507 3047.055609756098 3058.993143976494
 858888 1024 1045.504 1048.544 1049.6 1675.879024390244 1677.5668202764978 1682.4446620959848 3351.758048780488 3355.1336405529955 3364.8893241919695
 944776 1024 1047.552 1049.6 1050.624 1841.6686159844055 1843.4653658536588 1847.0694037145652 3683.337231968811 3686.9307317073176 3694.1388074291303
 1039248 1024 1046.528 1049.6 1051.648 2023.8519961051609 2027.8009756097563 2033.753424657534 4047.7039922103218 4055.6019512195126 4067.506849315068
 1143168 512 528.384 529.408 530.432 2206.8880308880307 2211.1566731141197 2215.441860465116 4413.776061776061 4422.313346228239 4430.883720930232
 1257480 512 529.408 529.408 530.432 2427.5675675675675 2432.2630560928437 2432.2630560928437 4855.135135135135 4864.526112185687 4864.526112185687
 1383224 512 770.048 772.064 773.12 1832.0847682119206 1834.5906246114312 1839.3936170212767 3664.1695364238412 3669.1812492228623 3678.7872340425533
 1521544 512 770.048 772.096 773.12 2015.2900662251657 2017.9628647214856 2023.329787234043 4030.5801324503313 4035.9257294429713 4046.659574468086
 1673696 512 770.048 772.096 773.12 2216.815894039735 2219.755968169761 2225.659574468085 4433.63178807947 4439.511936339522 4451.31914893617
 1841064 512 770.048 772.096 773.12 2438.4953642384107 2441.729442970822 2448.223404255319 4876.9907284768215 4883.458885941644 4896.446808510638
 2025168 512 1010.688 1013.76 1020.928 2031.2617853560682 2045.6242424242423 2051.841945288754 4062.5235707121365 4091.2484848484846 4103.683890577508
 2227680 256 509.952 512.0 513.024 2223.2335329341317 2227.6800000000003 2236.626506024096 4446.4670658682635 4455.360000000001 4473.253012048192
 2450448 256 509.952 510.976 514.048 2440.6852589641435 2455.35871743487 2460.2891566265057 4881.370517928287 4910.71743486974 4920.578313253011
 2695488 256 631.808 633.856 635.904 2170.280193236715 2177.292407108239 2184.350081037277 4340.56038647343 4354.584814216478 4368.700162074554
 2965032 256 630.784 633.856 633.856 2395.017770597738 2395.017770597738 2406.681818181818 4790.035541195476 4790.035541195476 4813.363636363636
 3261528 256 631.808 633.856 633.856 2634.513731825525 2634.513731825525 2643.0534846029177 5269.02746365105 5269.02746365105 5286.106969205835
 3587680 256 751.616 753.664 754.688 2433.975576662144 2437.282608695652 2443.923705722071 4867.951153324288 4874.565217391304 4887.847411444142
 3946448 256 871.424 871.424 872.448 2315.9906103286385 2318.7121034077554 2318.7121034077554 4631.981220657277 4637.424206815511 4637.424206815511
 4341088 128 442.368 442.368 443.392 2506.4018475750577 2512.2037037037035 2512.2037037037035 5012.803695150115 5024.407407407407 5024.407407407407
 4775192 128 501.76 502.784 503.808 2426.418699186992 2431.3604887983706 2436.322448979592 4852.837398373984 4862.720977596741 4872.644897959184
 5252704 128 561.152 561.152 562.176 2391.941712204007 2396.3065693430653 2396.3065693430653 4783.883424408014 4792.613138686131 4792.613138686131
 5777968 128 562.176 563.2 564.224 2621.582577132486 2626.3490909090906 2631.132969034608 5243.165154264972 5252.698181818181 5262.265938069216
 6355760 128 622.592 625.664 626.688 2596.3071895424837 2600.5564648117843 2613.388157894737 5192.614379084967 5201.112929623569 5226.776315789474
 6991336 128 686.08 688.128 690.144 2593.3457597255065 2600.943452380952 2608.707462686567 5186.691519451013 5201.886904761904 5217.414925373134
 7690464 128 748.544 751.616 753.664 2612.25 2619.3678474114445 2630.117647058824 5224.5 5238.735694822889 5260.235294117648
 8459504 64 425.984 429.056 515.072 2102.262425447316 2523.7183770883057 2541.9182692307695 4204.524850894632 5047.436754176611 5083.836538461539
 9305448 64 708.608 720.896 739.328 1611.0540166204987 1652.2457386363635 1680.8973988439307 3222.1080332409974 3304.491477272727 3361.7947976878613
 10235992 64 918.528 926.72 937.984 1396.8329694323143 1413.8110497237567 1426.4202898550723 2793.6659388646285 2827.6220994475134 2852.8405797101445
 11259584 64 1131.52 1141.76 1152.0 1251.0648888888888 1262.285201793722 1273.7085972850678 2502.1297777777777 2524.570403587444 2547.4171945701355
 12385536 64 1288.192 1290.24 1311.712 1208.610280305433 1228.7238095238097 1230.6772655007949 2417.220560610866 2457.4476190476194 2461.3545310015897
 13624088 64 1472.512 1477.632 1483.776 1175.3008971704623 1180.1878031878032 1184.2913769123782 2350.6017943409247 2360.3756063756064 2368.5827538247563
 14986496 64 1696.768 1726.464 1744.896 1099.3615023474179 1111.0984578884934 1130.5443572721786 2198.7230046948357 2222.1969157769868 2261.088714544357
 16485144 64 1903.616 1925.12 1947.648 1083.4085173501578 1096.0867021276597 1108.4685314685316 2166.8170347003156 2192.1734042553194 2216.9370629370633
 18133656 32 1101.824 1109.024 1123.36 1033.1095855291271 1046.464264073636 1053.3025092936803 2066.2191710582542 2092.928528147272 2106.6050185873605
 19947016 32 1560.576 1565.696 1575.936 810.0640025990904 815.3620013080446 818.0370734908138 1620.1280051981807 1630.7240026160891 1636.0741469816276
 21941712 32 1736.672 1737.728 1758.208 798.693651718113 808.106658809664 808.5980357833834 1597.387303436226 1616.213317619328 1617.1960715667667
 24135880 32 1926.144 1929.184 1944.576 794.3615060558188 800.6993215784497 801.9630515683147 1588.7230121116377 1601.3986431568994 1603.9261031366293
 26549464 32 2126.848 2130.944 2156.544 787.9114434947768 797.3769822200865 798.9126143476168 1575.8228869895536 1594.753964440173 1597.8252286952336
 29204408 32 2356.224 2357.248 2372.608 787.7753560638757 792.908557775847 793.2531508039982 1575.5507121277515 1585.817115551694 1586.5063016079964
 32124848 32 2593.792 2599.936 2618.368 785.2182244818147 790.7849547065773 792.6581129095933 1570.4364489636293 1581.5699094131546 1585.3162258191867
 35337328 16 1426.432 1433.6 1442.816 783.7413058907026 788.7796428571429 792.7433596554199 1567.4826117814052 1577.5592857142858 1585.4867193108398
 38871056 16 1572.864 1587.2 1597.44 778.6669871794871 783.6906451612904 790.8336588541667 1557.3339743589743 1567.3812903225808 1581.6673177083335
 42758160 16 1736.704 1738.752 1755.136 779.5755542590432 786.921378091873 787.8493514150945 1559.1511085180864 1573.842756183746 1575.698702830189
 47033976 16 1913.856 1924.096 1933.312 778.5019862288135 782.2308408728047 786.4161316211878 1557.003972457627 1564.4616817456094 1572.8322632423756
 51737368 16 2131.968 2138.112 2144.256 772.1073304680039 774.3260296934865 776.557516810759 1544.2146609360077 1548.652059386973 1553.115033621518
 56911104 16 2370.56 2376.704 2377.728 765.922480620155 766.2524773804394 768.238444924406 1531.84496124031 1532.5049547608787 1536.476889848812
 62602208 16 2623.488 2635.776 2653.184 755.0439984561946 760.0306915306917 763.5905542544888 1510.0879969123891 1520.0613830613834 1527.1811085089776
 68862424 8 1430.528 1431.552 1443.84 763.1031028368795 769.6533440629471 770.2042770221905 1526.206205673759 1539.3066881258942 1540.408554044381
 75748664 8 1576.96 1584.128 1592.32 761.140112540193 765.0761958629605 768.5538149350648 1522.280225080386 1530.152391725921 1537.1076298701296
 83323528 8 1743.84 1758.208 1761.28 756.9361191860464 758.2586633663366 764.5061748784292 1513.8722383720929 1516.5173267326732 1529.0123497568584
 91655880 8 1934.336 1938.432 1949.696 752.1655068277311 756.5362519809826 758.1382345156167 1504.3310136554621 1513.0725039619651 1516.2764690312333
 100821464 8 2121.728 2148.352 2152.448 749.445944338725 750.8748212583413 760.2969956563705 1498.89188867745 1501.7496425166826 1520.593991312741
 110903608 8 2342.912 2360.288 2367.488 749.5107590830451 751.7971230629483 757.3727600524476 1499.0215181660901 1503.5942461258967 1514.7455201048951
 121993968 8 2584.544 2605.056 2608.128 748.3925206124851 749.2750589622641 755.2216127874008 1496.7850412249702 1498.5501179245282 1510.4432255748015
 134193360 8 2847.744 2880.512 2891.776 742.4827372521247 745.3861535726983 753.9630528586839 1484.9654745042494 1490.7723071453966 1507.9261057173678
 147612696 4 1511.456 1521.664 1529.856 771.9037399598393 776.0593455585464 781.3006584379565 1543.8074799196786 1552.1186911170928 1562.601316875913
 162373960 4 1666.048 1679.36 1692.672 767.4207879612825 773.5040015243903 779.6844268592502 1534.841575922565 1547.0080030487807 1559.3688537185003
 178611352 4 1841.152 1854.464 1864.704 766.2829146073586 770.514184152402 776.0851988320356 1532.5658292147173 1541.028368304804 1552.1703976640713
 196472480 4 2051.072 2056.192 2078.72 756.1286945812809 764.4129731075697 766.3211432850724 1512.2573891625618 1528.8259462151393 1532.6422865701447
 216119728 4 2276.352 2281.472 2296.832 752.7576348640215 757.8255722621185 759.5300832208728 1505.515269728043 1515.651144524237 1519.0601664417457
 237731696 4 2504.704 2518.048 2543.616 747.6968095813205 755.2888459632223 759.3127044153719 1495.393619162641 1510.5776919264447 1518.6254088307437
 261504864 4 2755.584 2793.472 2810.912 744.2562812354141 748.9027675953079 759.1998327759198 1488.5125624708282 1497.8055351906157 1518.3996655518397
 287655344 2 1483.776 1488.896 1497.088 768.5729736662106 772.8017107977992 775.4683833678398 1537.1459473324212 1545.6034215955983 1550.9367667356796
 316420872 2 1633.28 1637.376 1642.528 770.5704182820627 772.9950164165103 774.9335619122257 1541.1408365641255 1545.9900328330207 1549.8671238244515
 348062952 2 1814.528 1817.6 1820.672 764.6911733689539 765.9836091549296 767.2804211343115 1529.3823467379077 1531.9672183098592 1534.560842268623
 382869240 2 1996.8 2000.896 2006.016 763.4420463246554 765.3955827789151 766.965625 1526.8840926493108 1530.7911655578303 1533.93125
 421156160 2 2208.768 2213.888 2217.952 759.540621257809 760.9348982423683 762.6987714418174 1519.081242515618 1521.8697964847365 1525.3975428836347
 463271776 2 2432.992 2451.488 2472.96 749.3396997929607 755.9029878995941 761.6494850784549 1498.6793995859214 1511.8059757991882 1523.2989701569097
 509598952 2 2694.144 2708.512 2732.032 746.1097849512744 752.5888044800984 756.6023969023187 1492.2195699025488 1505.1776089601967 1513.2047938046373
 560558840 1 1457.856 1462.144 1467.584 763.9206205573241 766.7628359450232 769.0181197594276 1527.8412411146483 1533.5256718900464 1538.0362395188552
 616614720 1 1609.024 1612.896 1617.376 762.4877826800941 764.6056782334384 766.4456465534386 1524.9755653601883 1529.2113564668769 1532.8912931068771
 678276192 1 1775.36 1777.408 1784.0 760.3993183856502 763.219465648855 764.09989185292 1520.7986367713004 1526.43893129771 1528.19978370584
 746103808 1 1958.368 1963.136 1964.992 759.3962804937628 760.114233552846 761.964868707005 1518.7925609875256 1520.228467105692 1523.92973741401
 820714184 1 2162.528 2168.352 2180.096 752.9156367426021 756.9934992104604 759.0321919531215 1505.8312734852043 1513.9869984209208 1518.064383906243
 902785600 1 2392.384 2398.688 2412.896 748.3004654987201 752.7328272789125 754.716299724459 1496.6009309974402 1505.465654557825 1509.432599448918
 993064160 1 2633.088 2642.368 2661.344 746.2877102696983 751.6471286361324 754.2962179767634 1492.5754205393966 1503.2942572722648 1508.5924359535268
 
META_DATA
 FLOPS          32
 MPI_PROCS      1
 GPU_BLOCKS     160
 GPU_THREADS    1024
 ERT_VERSION  1.1.0
 HOSTNAME  ('deepv.deep', [], ['10.2.8.6'])
 UNAME  uname_result(system='Linux', node='deepv', release='4.18.0-513.11.1.el8_9.0.1.x86_64', version='#1 SMP Sun Feb 11 10:42:18 UTC 2024', machine='x86_64')
 TIMESTAMP_DATA  1710683296.0333018
 CONFIG  {'ERT_RESULTS': ['Results.esb.deep.fz-juelich.de.01-gcc2023'], 'ERT_DRIVER': ['driver1'], 'ERT_KERNEL': ['kernel1'], 'ERT_MPI': ['True'], 'ERT_MPI_CFLAGS': ['-I', '/p/software/deep/stages/2023/software/psmpi/5.9.2-1-GCC-11.3.0/include'], 'ERT_MPI_LDFLAGS': ['-L', '/p/software/deep/stages/2023/software/psmpi/5.9.2-1-GCC-11.3.0/lib', '-lmpi'], 'ERT_GPU': ['True'], 'ERT_GPU_CFLAGS': ['-x', 'cu', '-arch=sm_70'], 'ERT_GPU_LDFLAGS': [], 'ERT_FLOPS': ['1,2,4,8,16,32,64,128'], 'ERT_ALIGN': ['64'], 'ERT_CC': ['nvcc'], 'ERT_CFLAGS': ['-O3'], 'ERT_LD': ['nvcc'], 'ERT_LDFLAGS': [], 'ERT_LDLIBS': [], 'ERT_PRECISION': ['FP64'], 'ERT_RUN': ['srun', '-p', 'dp-esb', '-n', 'ERT_MPI_PROCS', '-c', '8', 'ERT_CODE'], 'ERT_MPI_PROCS': ['1'], 'ERT_BLOCKS_THREADS': ['163840'], 'ERT_GPU_BLOCKS': ['80,160,320'], 'ERT_GPU_THREADS': ['256,512,1024'], 'ERT_NUM_EXPERIMENTS': ['5'], 'ERT_MEMORY_MAX': ['1073741824'], 'ERT_WORKING_SET_MIN': ['128'], 'ERT_TRIALS_MIN': ['1'], 'ERT_GNUPLOT': ['gnuplot'], 'ERT_OPENMP': [False], 'ERT_HIP': [False], 'ERT_OCL': [False], 'ERT_SYCL': [False], 'ERT_WSS_MULT': [1.1]}
 TIMESTAMP_DATA  1710683353.8925161
 TIMESTAMP_DATA  1710683398.2150474
 TIMESTAMP_DATA  1710683455.3048804
 TIMESTAMP_DATA  1710683500.104601
 