fp64
       24576            1           2.146        49152       196608
       24576            2           1.907        98304       393216
       24576            4           2.146       196608       786432
       24576            8           2.861       393216      1572864
       24576           16           3.099       786432      3145728
       24576           32           6.199      1572864      6291456
       24576           64          12.159      3145728     12582912
       24576          128          15.974      6291456     25165824
       24576          256          38.862     12582912     50331648
       24576          512          79.155     25165824    100663296
       24576         1024         108.957     50331648    201326592
       24576         2048         207.901    100663296    402653184
       24576         4096         413.179    201326592    805306368
       24576         8192         834.942    402653184   1610612736
       24576        16384        1643.896    805306368   3221225472
       24576        32768        3263.950   1610612736   6442450944
       26880            1           3.099        53760       215040
       26880            2           1.907       107520       430080
       26880            4           8.106       215040       860160
       26880            8           4.053       430080      1720320
       26880           16           5.960       860160      3440640
       26880           32           9.060      1720320      6881280
       26880           64          15.020      3440640     13762560
       26880          128          28.849      6881280     27525120
       26880          256          56.982     13762560     55050240
       26880          512          77.963     27525120    110100480
       26880         1024         149.012     55050240    220200960
       26880         2048         291.109    110100480    440401920
       26880         4096         594.854    220200960    880803840
       26880         8192        1174.927    440401920   1761607680
       26880        16384        2343.178    880803840   3523215360
       26880        32768        4694.939   1761607680   7046430720
       29568            1           1.907        59136       236544
       29568            2           2.861       118272       473088
       29568            4          13.113       236544       946176
       29568            8           3.815       473088      1892352
       29568           16           7.153       946176      3784704
       29568           32          10.014      1892352      7569408
       29568           64          19.073      3784704     15138816
       29568          128          37.909      7569408     30277632
       29568          256          56.028     15138816     60555264
       29568          512          91.076     30277632    121110528
       29568         1024         175.953     60555264    242221056
       29568         2048         344.992    121110528    484442112
       29568         4096         702.143    242221056    968884224
       29568         8192        1384.974    484442112   1937768448
       29568        16384        2783.060    968884224   3875536896
       29568        32768        5558.968   1937768448   7751073792
       32448            1           3.099        64896       259584
       32448            2          20.981       129792       519168
       32448            4           5.007       259584      1038336
       32448            8           5.007       519168      2076672
       32448           16           7.868      1038336      4153344
       32448           32          12.159      2076672      8306688
       32448           64          20.027      4153344     16613376
       32448          128          38.862      8306688     33226752
       32448          256          61.989     16613376     66453504
       32448          512         124.931     33226752    132907008
       32448         1024         205.040     66453504    265814016
       32448         2048         402.927    132907008    531628032
       32448         4096         818.014    265814016   1063256064
       32448         8192        1636.028    531628032   2126512128
       32448        16384        3252.983   1063256064   4253024256
       32448        32768        6513.834   2126512128   8506048512
       35520            1           3.099        71040       284160
       35520            2          18.835       142080       568320
       35520            4          14.067       284160      1136640
       35520            8           5.007       568320      2273280
       35520           16           7.868      1136640      4546560
       35520           32          12.875      2273280      9093120
       35520           64          24.080      4546560     18186240
       35520          128          51.975      9093120     36372480
       35520          256          62.943     18186240     72744960
       35520          512         120.163     36372480    145489920
       35520         1024         231.981     72744960    290979840
       35520         2048         471.830    145489920    581959680
       35520         4096         931.978    290979840   1163919360
       35520         8192        1869.917    581959680   2327838720
       35520        16384        3715.992   1163919360   4655677440
       38976            1           2.861        77952       311808
       38976            2           4.053       155904       623616
       38976            4           2.861       311808      1247232
       38976            8           2.861       623616      2494464
       38976           16           5.960      1247232      4988928
       38976           32          10.967      2494464      9977856
       38976           64          18.120      4988928     19955712
       38976          128          36.001      9977856     39911424
       38976          256          63.896     19955712     79822848
       38976          512         102.997     39911424    159645696
       38976         1024         215.054     79822848    319291392
       38976         2048         411.987    159645696    638582784
       38976         4096         783.920    319291392   1277165568
       38976         8192        1587.868    638582784   2554331136
       38976        16384        3154.039   1277165568   5108662272
       42816            1           3.815        85632       342528
       42816            2          15.020       171264       685056
       42816            4          13.113       342528      1370112
       42816            8           5.007       685056      2740224
       42816           16           8.106      1370112      5480448
       42816           32          30.994      2740224     10960896
       42816           64          22.888      5480448     21921792
       42816          128          50.068     10960896     43843584
       42816          256          61.989     21921792     87687168
       42816          512         116.825     43843584    175374336
       42816         1024         244.856     87687168    350748672
       42816         2048         468.016    175374336    701497344
       42816         4096         893.116    350748672   1402994688
       42816         8192        1802.921    701497344   2805989376
       42816        16384        3602.028   1402994688   5611978752
       47040            1           4.053        94080       376320
       47040            2           2.861       188160       752640
       47040            4           3.099       376320      1505280
       47040            8           5.007       752640      3010560
       47040           16           9.060      1505280      6021120
       47040           32          15.020      3010560     12042240
       47040           64          26.941      6021120     24084480
       47040          128          56.982     12042240     48168960
       47040          256          72.956     24084480     96337920
       47040          512         136.852     48168960    192675840
       47040         1024         296.831     96337920    385351680
       47040         2048         539.064    192675840    770703360
       47040         4096        1074.076    385351680   1541406720
       47040         8192        2162.933    770703360   3082813440
       47040        16384        4293.919   1541406720   6165626880
       51648            1           3.815       103296       413184
       51648            2           4.053       206592       826368
       51648            4           4.053       413184      1652736
       51648            8           4.053       826368      3305472
       51648           16           7.153      1652736      6610944
       51648           32          12.875      3305472     13221888
       51648           64          21.935      6610944     26443776
       51648          128          44.107     13221888     52887552
       51648          256          72.956     26443776    105775104
       51648          512         144.958     52887552    211550208
       51648         1024         248.909    105775104    423100416
       51648         2048         505.924    211550208    846200832
       51648         4096         994.921    423100416   1692401664
       51648         8192        1989.126    846200832   3384803328
       51648        16384        3973.961   1692401664   6769606656
       56640            1           4.053       113280       453120
       56640            2           2.861       226560       906240
       56640            4           4.053       453120      1812480
       56640            8          13.828       906240      3624960
       56640           16           8.106      1812480      7249920
       56640           32          15.020      3624960     14499840
       56640           64          27.895      7249920     28999680
       56640          128          59.128     14499840     57999360
       56640          256          77.963     28999680    115998720
       56640          512         149.012     57999360    231997440
       56640         1024         289.917    115998720    463994880
       56640         2048         591.993    231997440    927989760
       56640         4096        1172.066    463994880   1855979520
       56640         8192        2339.125    927989760   3711959040
       56640        16384        4689.932   1855979520   7423918080
       62208            1           3.099       124416       497664
       62208            2           5.007       248832       995328
       62208            4           4.053       497664      1990656
       62208            8           4.053       995328      3981312
       62208           16           9.060      1990656      7962624
       62208           32          15.020      3981312     15925248
       62208           64          44.107      7962624     31850496
       62208          128          53.883     15925248     63700992
       62208          256          77.963     31850496    127401984
       62208          512         149.012     63700992    254803968
       62208         1024         293.016    127401984    509607936
       62208         2048         593.185    254803968   1019215872
       62208         4096        1170.874    509607936   2038431744
       62208         8192        2338.171   1019215872   4076863488
       62208        16384        4688.978   2038431744   8153726976
       68352            1           2.861       136704       546816
       68352            2           3.099       273408      1093632
       68352            4          15.020       546816      2187264
       68352            8           6.914      1093632      4374528
       68352           16          10.014      2187264      8749056
       68352           32          15.974      4374528     17498112
       68352           64          31.948      8749056     34996224
       68352          128          56.028     17498112     69992448
       68352          256          89.884     34996224    139984896
       68352          512         192.165     69992448    279969792
       68352         1024         340.939    139984896    559939584
       68352         2048         694.990    279969792   1119879168
       68352         4096        1374.006    559939584   2239758336
       68352         8192        2754.927   1119879168   4479516672
       75072            1           3.099       150144       600576
       75072            2           3.099       300288      1201152
       75072            4           3.099       600576      2402304
       75072            8           3.815      1201152      4804608
       75072           16          10.967      2402304      9609216
       75072           32          17.166      4804608     19218432
       75072           64          32.187      9609216     38436864
       75072          128          61.989     19218432     76873728
       75072          256          89.884     38436864    153747456
       75072          512         195.026     76873728    307494912
       75072         1024         344.038    153747456    614989824
       75072         2048         698.090    307494912   1229979648
       75072         4096        1369.953    614989824   2459959296
       75072         8192        2751.827   1229979648   4919918592
       82560            1           3.815       165120       660480
       82560            2           2.861       330240      1320960
       82560            4           5.007       660480      2641920
       82560            8           5.007      1320960      5283840
       82560           16          10.967      2641920     10567680
       82560           32          17.881      5283840     21135360
       82560           64          36.001     10567680     42270720
       82560          128          66.996     21135360     84541440
       82560          256         106.096     42270720    169082880
       82560          512         235.081     84541440    338165760
       82560         1024         412.941    169082880    676331520
       82560         2048         819.206    338165760   1352663040
       82560         4096        1621.962    676331520   2705326080
       82560         8192        3266.096   1352663040   5410652160
       90816            1           4.053       181632       726528
       90816            2           2.861       363264      1453056
       90816            4           5.960       726528      2906112
       90816            8           6.199      1453056      5812224
       90816           16          11.206      2906112     11624448
       90816           32          18.835      5812224     23248896
       90816           64          37.193     11624448     46497792
       90816          128          66.042     23248896     92995584
       90816          256         112.057     46497792    185991168
       90816          512         228.167     92995584    371982336
       90816         1024         447.035    185991168    743964672
       90816         2048         865.936    371982336   1487929344
       90816         4096        1718.044    743964672   2975858688
       90816         8192        3421.068   1487929344   5951717376
       99840            1           4.053       199680       798720
       99840            2          15.020       399360      1597440
       99840            4          15.020       798720      3194880
       99840            8           6.914      1597440      6389760
       99840           16          11.921      3194880     12779520
       99840           32          20.027      6389760     25559040
       99840           64          43.869     12779520     51118080
       99840          128          61.989     25559040    102236160
       99840          256         133.991     51118080    204472320
       99840          512         223.875    102236160    408944640
       99840         1024         456.095    204472320    817889280
       99840         2048         895.023    408944640   1635778560
       99840         4096        1785.994    817889280   3271557120
       99840         8192        4018.068   1635778560   6543114240
      109824            1           4.053       219648       878592
      109824            2           2.861       439296      1757184
      109824            4           5.007       878592      3514368
      109824            8           5.960      1757184      7028736
      109824           16          12.875      3514368     14057472
      109824           32          23.127      7028736     28114944
      109824           64          46.968     14057472     56229888
      109824          128          75.102     28114944    112459776
      109824          256         165.939     56229888    224919552
      109824          512         277.996    112459776    449839104
      109824         1024         539.064    224919552    899678208
      109824         2048        1096.964    449839104   1799356416
      109824         4096        2153.873    899678208   3598712832
      109824         8192        4292.965   1799356416   7197425664
      120768            1           3.815       241536       966144
      120768            2          16.212       483072      1932288
      120768            4          15.020       966144      3864576
      120768            8           8.106      1932288      7729152
      120768           16          15.020      3864576     15458304
      120768           32          28.133      7729152     30916608
      120768           64          58.889     15458304     61833216
      120768          128          77.963     30916608    123666432
      120768          256         157.118     61833216    247332864
      120768          512         293.970    123666432    494665728
      120768         1024         591.993    247332864    989331456
      120768         2048        1151.085    494665728   1978662912
      120768         4096        2290.964    989331456   3957325824
      120768         8192        4596.949   1978662912   7914651648
      132672            1           5.007       265344      1061376
      132672            2          15.974       530688      2122752
      132672            4          16.928      1061376      4245504
      132672            8          10.014      2122752      8491008
      132672           16          15.020      4245504     16982016
      132672           32          30.041      8491008     33964032
      132672           64          53.883     16982016     67928064
      132672          128          82.970     33964032    135856128
      132672          256         159.025     67928064    271712256
      132672          512         345.945    135856128    543424512
      132672         1024         626.087    271712256   1086849024
      132672         2048        1265.049    543424512   2173698048
      132672         4096        2490.997   1086849024   4347396096
      145920            1           4.053       291840      1167360
      145920            2          17.881       583680      2334720
      145920            4          15.974      1167360      4669440
      145920            8          28.849      2334720      9338880
      145920           16          16.928      4669440     18677760
      145920           32          30.994      9338880     37355520
      145920           64          54.836     18677760     74711040
      145920          128          90.122     37355520    149422080
      145920          256         172.853     74711040    298844160
      145920          512         352.144    149422080    597688320
      145920         1024         689.030    298844160   1195376640
      145920         2048        1347.065    597688320   2390753280
      145920         4096        2703.905   1195376640   4781506560
      160512            1           5.007       321024      1284096
      160512            2           5.007       642048      2568192
      160512            4          17.881      1284096      5136384
      160512            8           9.060      2568192     10272768
      160512           16          17.166      5136384     20545536
      160512           32          31.948     10272768     41091072
      160512           64          82.016     20545536     82182144
      160512          128          92.983     41091072    164364288
      160512          256         186.920     82182144    328728576
      160512          512         355.005    164364288    657457152
      160512         1024         707.150    328728576   1314914304
      160512         2048        1393.080    657457152   2629828608
      160512         4096        2797.842   1314914304   5259657216
      176448            1           4.053       352896      1411584
      176448            2          25.034       705792      2823168
      176448            4           5.960      1411584      5646336
      176448            8          10.014      2823168     11292672
      176448           16          16.928      5646336     22585344
      176448           32          33.140     11292672     45170688
      176448           64          77.963     22585344     90341376
      176448          128         102.043     45170688    180682752
      176448          256         195.026     90341376    361365504
      176448          512         380.993    180682752    722731008
      176448         1024         773.907    361365504   1445462016
      176448         2048        1533.985    722731008   2890924032
      176448         4096        3054.857   1445462016   5781848064
      193920            1           7.153       387840      1551360
      193920            2          15.974       775680      3102720
      193920            4          15.020      1551360      6205440
      193920            8          12.159      3102720     12410880
      193920           16          19.789      6205440     24821760
      193920           32          39.101     12410880     49643520
      193920           64          66.996     24821760     99287040
      193920          128         125.885     49643520    198574080
      193920          256         229.120     99287040    397148160
      193920          512         463.009    198574080    794296320
      193920         1024         889.063    397148160   1588592640
      193920         2048        1765.013    794296320   3177185280
      193920         4096        3518.105   1588592640   6354370560
      213312            1           5.007       426624      1706496
      213312            2          15.974       853248      3412992
      213312            4          17.166      1706496      6825984
      213312            8          12.875      3412992     13651968
      213312           16          20.027      6825984     27303936
      213312           32          57.936     13651968     54607872
      213312           64          66.042     27303936    109215744
      213312          128         132.084     54607872    218431488
      213312          256         236.034    109215744    436862976
      213312          512         463.963    218431488    873725952
      213312         1024         927.925    436862976   1747451904
      213312         2048        1838.207    873725952   3494903808
      213312         4096        3670.931   1747451904   6989807616
      234624            1           5.007       469248      1876992
      234624            2           5.007       938496      3753984
      234624            4           6.914      1876992      7507968
      234624            8          11.921      3753984     15015936
      234624           16          20.981      7507968     30031872
      234624           32          43.154     15015936     60063744
      234624           64          76.056     30031872    120127488
      234624          128         158.787     60063744    240254976
      234624          256         260.830    120127488    480509952
      234624          512         509.024    240254976    961019904
      234624         1024        1013.994    480509952   1922039808
      234624         2048        2015.829    961019904   3844079616
      234624         4096        4015.923   1922039808   7688159232
      258048            1           6.199       516096      2064384
      258048            2          15.974      1032192      4128768
      258048            4          15.020      2064384      8257536
      258048            8          12.159      4128768     16515072
      258048           16          22.888      8257536     33030144
      258048           32          50.068     16515072     66060288
      258048           64          72.002     33030144    132120576
      258048          128         138.998     66060288    264241152
      258048          256         269.890    132120576    528482304
      258048          512         548.124    264241152   1056964608
      258048         1024        1074.076    528482304   2113929216
      258048         2048        2145.052   1056964608   4227858432
      258048         4096        4328.012   2113929216   8455716864
      283776            1           5.960       567552      2270208
      283776            2           6.914      1135104      4540416
      283776            4          19.073      2270208      9080832
      283776            8          15.020      4540416     18161664
      283776           16          25.034      9080832     36323328
      283776           32          49.114     18161664     72646656
      283776           64          95.129     36323328    145293312
      283776          128         155.926     72646656    290586624
      283776          256         307.798    145293312    581173248
      283776          512         624.180    290586624   1162346496
      283776         1024        1217.842    581173248   2324692992
      283776         2048        2431.870   1162346496   4649385984
      312000            1           5.007       624000      2496000
      312000            2          20.027      1248000      4992000
      312000            4           9.060      2496000      9984000
      312000            8          14.067      4992000     19968000
      312000           16          29.087      9984000     39936000
      312000           32          57.936     19968000     79872000
      312000           64          89.884     39936000    159744000
      312000          128         184.059     79872000    319488000
      312000          256         363.827    159744000    638976000
      312000          512         674.009    319488000   1277952000
      312000         1024        1360.893    638976000   2555904000
      312000         2048        2682.924   1277952000   5111808000
      343104            1           8.106       686208      2744832
      343104            2           8.821      1372416      5489664
      343104            4          13.828      2744832     10979328
      343104            8          18.120      5489664     21958656
      343104           16          33.855     10979328     43917312
      343104           32          65.088     21958656     87834624
      343104           64          99.897     43917312    175669248
      343104          128         203.133     87834624    351338496
      343104          256         401.020    175669248    702676992
      343104          512         759.125    351338496   1405353984
      343104         1024        1518.011    702676992   2810707968
      343104         2048        3012.896   1405353984   5621415936
      377280            1           5.960       754560      3018240
      377280            2           6.914      1509120      6036480
      377280            4          17.881      3018240     12072960
      377280            8          19.073      6036480     24145920
      377280           16          36.001     12072960     48291840
      377280           32          65.804     24145920     96583680
      377280           64         125.170     48291840    193167360
      377280          128         206.947     96583680    386334720
      377280          256         406.981    193167360    772669440
      377280          512         823.021    386334720   1545338880
      377280         1024        1634.836    772669440   3090677760
      377280         2048        3252.983   1545338880   6181355520
      414912            1           6.914       829824      3319296
      414912            2          20.027      1659648      6638592
      414912            4          11.921      3319296     13277184
      414912            8          17.881      6638592     26554368
      414912           16          38.147     13277184     53108736
      414912           32          74.148     26554368    106217472
      414912           64         117.064     53108736    212434944
      414912          128         246.048    106217472    424869888
      414912          256         447.989    212434944    849739776
      414912          512         904.083    424869888   1699479552
      414912         1024        1801.968    849739776   3398959104
      414912         2048        3577.948   1699479552   6797918208
      456384            1           7.868       912768      3651072
      456384            2          19.073      1825536      7302144
      456384            4          11.921      3651072     14604288
      456384            8          20.981      7302144     29208576
      456384           16          41.008     14604288     58417152
      456384           32          72.956     29208576    116834304
      456384           64         124.931     58417152    233668608
      456384          128         243.902    116834304    467337216
      456384          256         496.864    233668608    934674432
      456384          512         966.072    467337216   1869348864
      456384         1024        1929.998    934674432   3738697728
      456384         2048        3852.129   1869348864   7477395456
      501888            1           8.821      1003776      4015104
      501888            2          22.173      2007552      8030208
      501888            4          12.875      4015104     16060416
      501888            8          21.935      8030208     32120832
      501888           16          44.107     16060416     64241664
      501888           32          76.056     32120832    128483328
      501888           64         139.952     64241664    256966656
      501888          128         272.036    128483328    513933312
      501888          256         553.846    256966656   1027866624
      501888          512        1079.798    513933312   2055733248
      501888         1024        2153.873   1027866624   4111466496
      501888         2048        4323.006   2055733248   8222932992
      552000            1          10.967      1104000      4416000
      552000            2          20.027      2208000      8832000
      552000            4          11.921      4416000     17664000
      552000            8          22.888      8832000     35328000
      552000           16          46.015     17664000     70656000
      552000           32          82.970     35328000    141312000
      552000           64         153.065     70656000    282624000
      552000          128         313.997    141312000    565248000
      552000          256         611.782    282624000   1130496000
      552000          512        1191.854    565248000   2260992000
      552000         1024        2388.000   1130496000   4521984000
      607104            1           9.060      1214208      4856832
      607104            2          22.173      2428416      9713664
      607104            4          15.020      4856832     19427328
      607104            8          25.988      9713664     38854656
      607104           16          57.936     19427328     77709312
      607104           32          86.069     38854656    155418624
      607104           64         176.907     77709312    310837248
      607104          128         347.137    155418624    621674496
      607104          256         647.068    310837248   1243348992
      607104          512        1303.911    621674496   2486697984
      607104         1024        2566.099   1243348992   4973395968
      667776            1          10.014      1335552      5342208
      667776            2          36.955      2671104     10684416
      667776            4          15.974      5342208     21368832
      667776            8          28.133     10684416     42737664
      667776           16          61.989     21368832     85475328
      667776           32          92.030     42737664    170950656
      667776           64         179.052     85475328    341901312
      667776          128         361.919    170950656    683802624
      667776          256         718.117    341901312   1367605248
      667776          512        1401.901    683802624   2735210496
      667776         1024        2804.995   1367605248   5470420992
      734400            1          12.159      1468800      5875200
      734400            2          29.802      2937600     11750400
      734400            4          18.120      5875200     23500800
      734400            8          30.041     11750400     47001600
      734400           16          66.996     23500800     94003200
      734400           32         102.043     47001600    188006400
      734400           64         197.887     94003200    376012800
      734400          128         405.073    188006400    752025600
      734400          256         790.119    376012800   1504051200
      734400          512        1571.894    752025600   3008102400
      734400         1024        3118.992   1504051200   6016204800
      807744            1          10.967      1615488      6461952
      807744            2          10.014      3230976     12923904
      807744            4          19.073      6461952     25847808
      807744            8          34.094     12923904     51695616
      807744           16          71.049     25847808    103391232
      807744           32         113.010     51695616    206782464
      807744           64         235.796    103391232    413564928
      807744          128         427.008    206782464    827129856
      807744          256         859.976    413564928   1654259712
      807744          512        1719.952    827129856   3308519424
      807744         1024        3404.140   1654259712   6617038848
      888384            1          13.113      1776768      7107072
      888384            2          18.835      3553536     14214144
      888384            4          20.027      7107072     28428288
      888384            8          39.101     14214144     56856576
      888384           16          94.175     28428288    113713152
      888384           32         120.878     56856576    227426304
      888384           64         243.902    113713152    454852608
      888384          128         473.976    227426304    909705216
      888384          256         940.084    454852608   1819410432
      888384          512        1865.864    909705216   3638820864
      888384         1024        3715.992   1819410432   7277641728
      977088            1          14.067      1954176      7816704
      977088            2          21.935      3908352     15633408
      977088            4          21.935      7816704     31266816
      977088            8          42.200     15633408     62533632
      977088           16          81.062     31266816    125067264
      977088           32         152.111     62533632    250134528
      977088           64         274.897    125067264    500269056
      977088          128         519.991    250134528   1000538112
      977088          256        1035.929    500269056   2001076224
      977088          512        2063.990   1000538112   4002152448
      977088         1024        4125.118   2001076224   8004304896
     1074624            1          15.020      2149248      8596992
     1074624            2          23.127      4298496     17193984
     1074624            4          23.842      8596992     34387968
     1074624            8          46.015     17193984     68775936
     1074624           16          85.115     34387968    137551872
     1074624           32         144.958     68775936    275103744
     1074624           64         293.970    137551872    550207488
     1074624          128         590.086    275103744   1100414976
     1074624          256        1132.011    550207488   2200829952
     1074624          512        2248.049   1100414976   4401659904
     1181952            1          15.020      2363904      9455616
     1181952            2          22.888      4727808     18911232
     1181952            4          25.034      9455616     37822464
     1181952            8          47.922     18911232     75644928
     1181952           16          90.122     37822464    151289856
     1181952           32         157.833     75644928    302579712
     1181952           64         324.965    151289856    605159424
     1181952          128         635.147    302579712   1210318848
     1181952          256        1240.015    605159424   2420637696
     1181952          512        2480.984   1210318848   4841275392
     1300032            1          17.881      2600064     10400256
     1300032            2          13.828      5200128     20800512
     1300032            4          27.895     10400256     41601024
     1300032            8          58.174     20800512     83202048
     1300032           16          90.837     41601024    166404096
     1300032           32         194.073     83202048    332808192
     1300032           64         342.131    166404096    665616384
     1300032          128         690.937    332808192   1331232768
     1300032          256        1361.132    665616384   2662465536
     1300032          512        2757.072   1331232768   5324931072
     1430016            1          19.073      2860032     11440128
     1430016            2          15.020      5720064     22880256
     1430016            4          30.994     11440128     45760512
     1430016            8          59.128     22880256     91521024
     1430016           16          97.990     45760512    183042048
     1430016           32         189.066     91521024    366084096
     1430016           64         392.914    183042048    732168192
     1430016          128         751.972    366084096   1464336384
     1430016          256        1483.917    732168192   2928672768
     1430016          512        2983.093   1464336384   5857345536
     1572864            1          33.855      3145728     12582912
     1572864            2          16.928      6291456     25165824
     1572864            4          31.948     12582912     50331648
     1572864            8          63.181     25165824    100663296
     1572864           16         128.984     50331648    201326592
     1572864           32         216.961    100663296    402653184
     1572864           64         416.994    201326592    805306368
     1572864          128         828.981    402653184   1610612736
     1572864          256        1646.042    805306368   3221225472
     1572864          512        3259.182   1610612736   6442450944
     1730112            1          32.187      3460224     13840896
     1730112            2          17.881      6920448     27681792
     1730112            4          34.094     13840896     55363584
     1730112            8          72.002     27681792    110727168
     1730112           16         118.017     55363584    221454336
     1730112           32         267.029    110727168    442908672
     1730112           64         457.048    221454336    885817344
     1730112          128         911.951    442908672   1771634688
     1730112          256        1816.988    885817344   3543269376
     1730112          512        3623.009   1771634688   7086538752
     1903104            1          36.001      3806208     15224832
     1903104            2          23.127      7612416     30449664
     1903104            4          35.048     15224832     60899328
     1903104            8          67.949     30449664    121798656
     1903104           16         130.177     60899328    243597312
     1903104           32         257.969    121798656    487194624
     1903104           64         633.001    243597312    974389248
     1903104          128        1401.901    487194624   1948778496
     1903104          256        2792.835    974389248   3897556992
     1903104          512        5597.830   1948778496   7795113984
     2093376            1          37.909      4186752     16747008
     2093376            2          23.842      8373504     33494016
     2093376            4          49.114     16747008     66988032
     2093376            8          93.937     33494016    133976064
     2093376           16         185.966     66988032    267952128
     2093376           32         382.900    133976064    535904256
     2093376           64         734.091    267952128   1071808512
     2093376          128        1507.044    535904256   2143617024
     2093376          256        3007.889   1071808512   4287234048
     2093376          512        4533.052   2143617024   8574468096
     2302656            1          38.862      4605312     18421248
     2302656            2          23.127      9210624     36842496
     2302656            4          45.776     18421248     73684992
     2302656            8          89.169     36842496    147369984
     2302656           16         154.018     73684992    294739968
     2302656           32         300.884    147369984    589479936
     2302656           64         612.020    294739968   1178959872
     2302656          128        1199.007    589479936   2357919744
     2302656          256        2403.975   1178959872   4715839488
     2532864            1          45.061      5065728     20262912
     2532864            2          25.034     10131456     40525824
     2532864            4          49.114     20262912     81051648
     2532864            8          94.891     40525824    162103296
     2532864           16         167.847     81051648    324206592
     2532864           32         348.091    162103296    648413184
     2532864           64         667.095    324206592   1296826368
     2532864          128        1330.853    648413184   2593652736
     2532864          256        2621.889   1296826368   5187305472
     2786112            1          67.949      5572224     22288896
     2786112            2          27.895     11144448     44577792
     2786112            4          54.121     22288896     89155584
     2786112            8         103.951     44577792    178311168
     2786112           16         185.013     89155584    356622336
     2786112           32         379.086    178311168    713244672
     2786112           64         741.005    356622336   1426489344
     2786112          128        1464.128    713244672   2852978688
     2786112          256        2887.011   1426489344   5705957376
     3064704            1          47.922      6129408     24517632
     3064704            2          30.041     12258816     49035264
     3064704            4          57.936     24517632     98070528
     3064704            8         114.918     49035264    196141056
     3064704           16         203.133     98070528    392282112
     3064704           32         427.961    196141056    784564224
     3064704           64         795.126    392282112   1569128448
     3064704          128        1608.849    784564224   3138256896
     3064704          256        3183.126   1569128448   6276513792
     3371136            1          52.214      6742272     26969088
     3371136            2          31.948     13484544     53938176
     3371136            4          81.062     26969088    107876352
     3371136            8         125.885     53938176    215752704
     3371136           16         220.776    107876352    431505408
     3371136           32         455.141    215752704    863010816
     3371136           64         889.063    431505408   1726021632
     3371136          128        1759.052    863010816   3452043264
     3371136          256        3501.892   1726021632   6904086528
     3708096            1          54.121      7416192     29664768
     3708096            2          36.001     14832384     59329536
     3708096            4          67.949     29664768    118659072
     3708096            8         124.931     59329536    237318144
     3708096           16         242.949    118659072    474636288
     3708096           32         498.056    237318144    949272576
     3708096           64         990.868    474636288   1898545152
     3708096          128        1939.058    949272576   3797090304
     3708096          256        3859.997   1898545152   7594180608
     4078848            1          58.889      8157696     32630784
     4078848            2          40.054     16315392     65261568
     4078848            4          74.148     32630784    130523136
     4078848            8         137.091     65261568    261046272
     4078848           16         267.029    130523136    522092544
     4078848           32         545.979    261046272   1044185088
     4078848           64        1080.990    522092544   2088370176
     4078848          128        3298.044   1044185088   4176740352
     4078848          256        4317.045   2088370176   8353480704
     4486656            1          61.989      8973312     35893248
     4486656            2          43.154     17946624     71786496
     4486656            4          87.976     35893248    143572992
     4486656            8         149.965     71786496    287145984
     4486656           16         326.872    143572992    574291968
     4486656           32         583.887    287145984   1148583936
     4486656           64        1168.966    574291968   2297167872
     4486656          128        2335.787   1148583936   4594335744
     4935168            1          69.857      9870336     39481344
     4935168            2          46.015     19740672     78962688
     4935168            4          92.983     39481344    157925376
     4935168            8         163.078     78962688    315850752
     4935168           16         355.959    157925376    631701504
     4935168           32         645.161    315850752   1263403008
     4935168           64        1298.904    631701504   2526806016
     4935168          128        2555.132   1263403008   5053612032
     5428608            1          72.956     10857216     43428864
     5428608            2          49.114     21714432     86857728
     5428608            4         121.117     43428864    173715456
     5428608            8         180.006     86857728    347430912
     5428608           16         365.019    173715456    694861824
     5428608           32         720.024    347430912   1389723648
     5428608           64        1411.915    694861824   2779447296
     5428608          128        2822.876   1389723648   5558894592
     5971392            1          79.870     11942784     47771136
     5971392            2          53.167     23885568     95542272
     5971392            4         130.892     47771136    191084544
     5971392            8         199.080     95542272    382169088
     5971392           16         386.953    191084544    764338176
     5971392           32         785.112    382169088   1528676352
     5971392           64        1544.952    764338176   3057352704
     5971392          128        3098.965   1528676352   6114705408
     6568512            1          87.976     13137024     52548096
     6568512            2          58.889     26274048    105096192
     6568512            4         113.964     52548096    210192384
     6568512            8         216.007    105096192    420384768
     6568512           16         442.982    210192384    840769536
     6568512           32         859.022    420384768   1681539072
     6568512           64        1694.918    840769536   3363078144
     6568512          128        3422.022   1681539072   6726156288
     7225344            1          92.030     14450688     57802752
     7225344            2          62.943     28901376    115605504
     7225344            4         123.024     57802752    231211008
     7225344            8         236.034    115605504    462422016
     7225344           16         484.943    231211008    924844032
     7225344           32         941.038    462422016   1849688064
     7225344           64        1873.970    924844032   3699376128
     7225344          128        3749.132   1849688064   7398752256
     7947840            1         101.805     15895680     63582720
     7947840            2          70.095     31791360    127165440
     7947840            4         133.991     63582720    254330880
     7947840            8         259.161    127165440    508661760
     7947840           16         529.051    254330880   1017323520
     7947840           32        1036.882    508661760   2034647040
     7947840           64        2065.897   1017323520   4069294080
     7947840          128        4139.185   2034647040   8138588160
     8742528            1         108.004     17485056     69940224
     8742528            2          76.056     34970112    139880448
     8742528            4         165.939     69940224    279760896
     8742528            8         284.910    139880448    559521792
     8742528           16         561.953    279760896   1119043584
     8742528           32        1150.131    559521792   2238087168
     8742528           64        2264.977   1119043584   4476174336
     9616704            1         121.117     19233408     76933632
     9616704            2          83.923     38466816    153867264
     9616704            4         159.979     76933632    307734528
     9616704            8         333.071    153867264    615469056
     9616704           16         620.127    307734528   1230938112
     9616704           32        1263.142    615469056   2461876224
     9616704           64        2486.944   1230938112   4923752448
    10578240            1         134.945     21156480     84625920
    10578240            2         111.103     42312960    169251840
    10578240            4         174.999     84625920    338503680
    10578240            8         343.084    169251840    677007360
    10578240           16         694.990    338503680   1354014720
    10578240           32        1370.907    677007360   2708029440
    10578240           64        2759.933   1354014720   5416058880
    11635968            1         146.151     23271936     93087744
    11635968            2          99.897     46543872    186175488
    11635968            4         211.000     93087744    372350976
    11635968            8         377.178    186175488    744701952
    11635968           16         761.986    372350976   1489403904
    11635968           32        1503.944    744701952   2978807808
    11635968           64        3022.909   1489403904   5957615616
    12799488            1         182.867     25598976    102395904
    12799488            2         114.918     51197952    204791808
    12799488            4         211.000    102395904    409583616
    12799488            8         414.133    204791808    819167232
    12799488           16         848.055    409583616   1638334464
    12799488           32        1670.122    819167232   3276668928
    12799488           64        3323.078   1638334464   6553337856
    14079360            1         170.946     28158720    112634880
    14079360            2         143.051     56317440    225269760
    14079360            4         243.187    112634880    450539520
    14079360            8         463.009    225269760    901079040
    14079360           16         924.826    450539520   1802158080
    14079360           32        1836.061    901079040   3604316160
    14079360           64        3669.024   1802158080   7208632320
    15487296            1         179.052     30974592    123898368
    15487296            2         137.091     61949184    247796736
    15487296            4         263.929    123898368    495593472
    15487296            8         530.005    247796736    991186944
    15487296           16        1014.948    495593472   1982373888
    15487296           32        2017.975    991186944   3964747776
    15487296           64        4030.943   1982373888   7929495552
    17035968            1         208.855     34071936    136287744
    17035968            2         168.085     68143872    272575488
    17035968            4         280.142    136287744    545150976
    17035968            8         562.906    272575488   1090301952
    17035968           16        1138.926    545150976   2180603904
    17035968           32        2236.128   1090301952   4361207808
    18739392            1         221.968     37478784    149915136
    18739392            2         164.032     74957568    299830272
    18739392            4         329.018    149915136    599660544
    18739392            8         612.974    299830272   1199321088
    18739392           16        1258.135    599660544   2398642176
    18739392           32        2483.130   1199321088   4797284352
    20613312            1         237.942     41226624    164906496
    20613312            2         180.006     82453248    329812992
    20613312            4         360.966    164906496    659625984
    20613312            8         697.136    329812992   1319251968
    20613312           16        1372.099    659625984   2638503936
    20613312           32        2756.119   1319251968   5277007872
    22674624            1         240.088     45349248    181396992
    22674624            2         203.133     90698496    362793984
    22674624            4         411.034    181396992    725587968
    22674624            8         749.111    362793984   1451175936
    22674624           16        1531.124    725587968   2902351872
    22674624           32        3041.029   1451175936   5804703744
    24941952            1         240.088     49883904    199535616
    24941952            2         245.094     99767808    399071232
    24941952            4         431.061    199535616    798142464
    24941952            8         847.101    399071232   1596284928
    24941952           16        1687.050    798142464   3192569856
    24941952           32        3345.966   1596284928   6385139712
    27436032            1         196.218     54872064    219488256
    27436032            2         247.002    109744128    438976512
    27436032            4         497.103    219488256    877953024
    27436032            8         941.038    438976512   1755906048
    27436032           16        1890.898    877953024   3511812096
    27436032           32        3751.040   1755906048   7023624192
    30179520            1         195.026     60359040    241436160
    30179520            2         272.989    120718080    482872320
    30179520            4         546.932    241436160    965744640
    30179520            8        1039.982    482872320   1931489280
    30179520           16        2070.904    965744640   3862978560
    30179520           32        4135.847   1931489280   7725957120
    33197376            1         220.060     66394752    265579008
    33197376            2         299.931    132789504    531158016
    33197376            4         582.933    265579008   1062316032
    33197376            8        1186.132    531158016   2124632064
    33197376           16        2326.012   1062316032   4249264128
    33197376           32        4613.876   2124632064   8498528256
    36517056            1         238.895     73034112    292136448
    36517056            2         346.899    146068224    584272896
    36517056            4         648.022    292136448   1168545792
    36517056            8        1271.009    584272896   2337091584
    36517056           16        2551.794   1168545792   4674183168
    40168704            1         262.976     80337408    321349632
    40168704            2         394.106    160674816    642699264
    40168704            4         689.983    321349632   1285398528
    40168704            8        1416.922    642699264   2570797056
    40168704           16        2804.995   1285398528   5141594112
    44185536            1         283.003     88371072    353484288
    44185536            2         414.848    176742144    706968576
    44185536            4         793.934    353484288   1413937152
    44185536            8        1554.012    706968576   2827874304
    44185536           16        3082.037   1413937152   5655748608
    48604032            1         318.050     97208064    388832256
    48604032            2         494.003    194416128    777664512
    48604032            4         880.003    388832256   1555329024
    48604032            8        1728.058    777664512   3110658048
    48604032           16        3503.084   1555329024   6221316096
    53464320            1         358.105    106928640    427714560
    53464320            2         560.045    213857280    855429120
    53464320            4        1027.107    427714560   1710858240
    53464320            8        2042.055    855429120   3421716480
    53464320           16        4093.885   1710858240   6843432960
    58810752            1         423.908    117621504    470486016
    58810752            2         613.928    235243008    940972032
    58810752            4        1168.966    470486016   1881944064
    58810752            8        2407.074    940972032   3763888128
    58810752           16        4720.926   1881944064   7527776256
    64691712            1         439.167    129383424    517533696
    64691712            2         728.130    258766848   1035067392
    64691712            4        1376.867    517533696   2070134784
    64691712            8        2789.974   1035067392   4140269568
    64691712           16        5512.953   2070134784   8280539136
    71160768            1         535.965    142321536    569286144
    71160768            2         885.963    284643072   1138572288
    71160768            4        1605.988    569286144   2277144576
    71160768            8        3190.994   1138572288   4554289152
    78276672            1         638.962    156553344    626213376
    78276672            2        1044.035    313106688   1252426752
    78276672            4        1826.048    626213376   2504853504
    78276672            8        3612.041   1252426752   5009707008
    86104320            1         677.109    172208640    688834560
    86104320            2        1231.194    344417280   1377669120
    86104320            4        2177.000    688834560   2755338240
    86104320            8        4266.024   1377669120   5510676480
    94714752            1         769.138    189429504    757718016
    94714752            2        1405.954    378859008   1515436032
    94714752            4        2619.982    757718016   3030872064
    94714752            8        5213.976   1515436032   6061744128
   104186112            1         915.051    208372224    833488896
   104186112            2        1667.976    416744448   1666977792
   104186112            4        3159.046    833488896   3333955584
   104186112            8        6328.106   1666977792   6667911168
   114604608            1         998.020    229209216    916836864
   114604608            2        1869.917    458418432   1833673728
   114604608            4        3579.855    916836864   3667347456
   114604608            8        7192.135   1833673728   7334694912
   126064896            1        1136.065    252129792   1008519168
   126064896            2        2159.119    504259584   2017038336
   126064896            4        4174.948   1008519168   4034076672
   126064896            8        8522.034   2017038336   8068153344
   138671232            1        1311.064    277342464   1109369856
   138671232            2        2422.094    554684928   2218739712
   138671232            4        4805.803   1109369856   4437479424
   152538240            1        1441.002    305076480   1220305920
   152538240            2        2728.939    610152960   2440611840
   152538240            4        5297.184   1220305920   4881223680
   167792064            1        1582.861    335584128   1342336512
   167792064            2        3040.075    671168256   2684673024
   167792064            4        5948.067   1342336512   5369346048
   184571136            1        1760.006    369142272   1476569088
   184571136            2        3451.109    738284544   2953138176
   184571136            4        6711.960   1476569088   5906276352
   203028096            1        1983.881    406056192   1624224768
   203028096            2        3882.170    812112384   3248449536
   203028096            4        7512.093   1624224768   6496899072
   223330752            1        2210.855    446661504   1786646016
   223330752            2        4321.098    893323008   3573292032
   223330752            4        8551.121   1786646016   7146584064
   245663808            1        2488.852    491327616   1965310464
   245663808            2        4776.001    982655232   3930620928
   245663808            4        9526.968   1965310464   7861241856
   270230016            1        2745.867    540460032   2161840128
   270230016            2        5317.926   1080920064   4323680256
   297252864            1        3018.856    594505728   2378022912
   297252864            2        5897.999   1189011456   4756045824
   326978112            1        3356.934    653956224   2615824896
   326978112            2        6604.195   1307912448   5231649792
   359675904            1        3723.145    719351808   2877407232
   359675904            2        7354.021   1438703616   5754814464
   395643456            1        4084.110    791286912   3165147648
   395643456            2        8030.891   1582573824   6330295296
   435207744            1        4544.020    870415488   3481661952
   435207744            2        9002.924   1740830976   6963323904
   478728384            1        5069.017    957456768   3829827072
   478728384            2        9913.921   1914913536   7659654144
   526601088            1        5555.868   1053202176   4212808704
   526601088            2       11847.973   2106404352   8425617408
   579261120            1        6114.006   1158522240   4634088960
   637187136            1        6748.915   1274374272   5097497088
   700905792            1        7467.985   1401811584   5607246336
   770996352            1        8179.903   1541992704   6167970816
   848095872            1        9109.020   1696191744   6784766976
   932905344            1       10071.039   1865810688   7463242752
  1026195840            1       11205.912   2052391680   8209566720

META_DATA
FLOPS          64
MPI_PROCS      1
OPENMP_THREADS 24
ERT_VERSION  1.1.0
HOSTNAME  ('deepv.deep', [], ['10.2.8.6'])
UNAME  uname_result(system='Linux', node='deepv', release='4.18.0-372.32.1.el8_6.x86_64', version='#1 SMP Thu Oct 27 15:18:36 UTC 2022', machine='x86_64')
TIMESTAMP_DATA  1673470340.1252902
CONFIG  {'ERT_RESULTS': ['Results.cn.deep.fz-juelich.de.01'], 'ERT_DRIVER': ['driver1'], 'ERT_KERNEL': ['kernel1'], 'ERT_MPI': ['True'], 'ERT_MPI_CFLAGS': ['-I', '/p/deep/software/skylake/Stages/2022/software/psmpi/5.5.0-1-intel-compilers-2021.4.0/include'], 'ERT_MPI_LDFLAGS': ['-L', '/p/deep/software/skylake/Stages/2022/software/psmpi/5.5.0-1-intel-compilers-2021.4.0/lib', '-lmpi'], 'ERT_OPENMP': ['True'], 'ERT_OPENMP_CFLAGS': ['-qopenmp'], 'ERT_OPENMP_LDFLAGS': ['-qopenmp'], 'ERT_FLOPS': ['1,2,4,8,16,64,128'], 'ERT_ALIGN': ['64'], 'ERT_CC': ['icpc'], 'ERT_CFLAGS': ['-O3', '-fno-alias', '-fno-fnalias', '-xCore-AVX512', '-qopt-zmm-usage=high', '-DERT_INTEL'], 'ERT_LD': ['icpc'], 'ERT_LDFLAGS': [], 'ERT_LDLIBS': [], 'ERT_PRECISION': ['FP64'], 'ERT_RUN': ['export', 'OMP_NUM_THREADS=ERT_OPENMP_THREADS;', 'export', 'OMP_PLACES="cores";', 'srun', '-p', 'dp-cn', '-n', 'ERT_MPI_PROCS', '-c', '48', '--ntasks-per-node', '1', 'ERT_CODE'], 'ERT_PROCS_THREADS': ['24'], 'ERT_MPI_PROCS': ['1'], 'ERT_OPENMP_THREADS': ['24'], 'ERT_NUM_EXPERIMENTS': ['5'], 'ERT_MEMORY_MAX': ['1073741824'], 'ERT_WORKING_SET_MIN': ['128'], 'ERT_TRIALS_MIN': ['1'], 'ERT_GNUPLOT': ['gnuplot'], 'ERT_GPU': [False], 'ERT_HIP': [False], 'ERT_OCL': [False], 'ERT_SYCL': [False], 'ERT_WSS_MULT': [1.1]}
