fp64
       24576            1           4.053        49152       196608
       24576            2           1.907        98304       393216
       24576            4           2.146       196608       786432
       24576            8           3.099       393216      1572864
       24576           16           2.861       786432      3145728
       24576           32           5.007      1572864      6291456
       24576           64           9.060      3145728     12582912
       24576          128          19.073      6291456     25165824
       24576          256          30.994     12582912     50331648
       24576          512          64.135     25165824    100663296
       24576         1024         117.064     50331648    201326592
       24576         2048         232.935    100663296    402653184
       24576         4096         432.014    201326592    805306368
       24576         8192         811.100    402653184   1610612736
       24576        16384        1646.042    805306368   3221225472
       24576        32768        3263.950   1610612736   6442450944
       26880            1           4.053        53760       215040
       26880            2          12.875       107520       430080
       26880            4           3.099       215040       860160
       26880            8          15.020       430080      1720320
       26880           16           5.007       860160      3440640
       26880           32           9.060      1720320      6881280
       26880           64          14.067      3440640     13762560
       26880          128          27.180      6881280     27525120
       26880          256          50.783     13762560     55050240
       26880          512          79.155     27525120    110100480
       26880         1024         164.986     55050240    220200960
       26880         2048         313.997    110100480    440401920
       26880         4096         577.927    220200960    880803840
       26880         8192        1171.112    440401920   1761607680
       26880        16384        2353.907    880803840   3523215360
       26880        32768        4680.872   1761607680   7046430720
       29568            1           2.861        59136       236544
       29568            2          19.073       118272       473088
       29568            4           4.053       236544       946176
       29568            8           4.053       473088      1892352
       29568           16           5.960       946176      3784704
       29568           32          10.967      1892352      7569408
       29568           64          17.881      3784704     15138816
       29568          128          34.094      7569408     30277632
       29568          256          61.035     15138816     60555264
       29568          512          92.030     30277632    121110528
       29568         1024         191.927     60555264    242221056
       29568         2048         366.926    121110528    484442112
       29568         4096         688.076    242221056    968884224
       29568         8192        1398.087    484442112   1937768448
       29568        16384        2788.067    968884224   3875536896
       29568        32768        5559.921   1937768448   7751073792
       32448            1           3.099        64896       259584
       32448            2           2.146       129792       519168
       32448            4          41.962       259584      1038336
       32448            8           4.053       519168      2076672
       32448           16           5.007      1038336      4153344
       32448           32          10.967      2076672      8306688
       32448           64          18.120      4153344     16613376
       32448          128          37.909      8306688     33226752
       32448          256          68.903     16613376     66453504
       32448          512         105.143     33226752    132907008
       32448         1024         227.928     66453504    265814016
       32448         2048         401.020    132907008    531628032
       32448         4096         816.107    265814016   1063256064
       32448         8192        1625.061    531628032   2126512128
       32448        16384        3236.055   1063256064   4253024256
       32448        32768        6495.953   2126512128   8506048512
       35520            1           2.861        71040       284160
       35520            2           1.907       142080       568320
       35520            4          14.067       284160      1136640
       35520            8           4.053       568320      2273280
       35520           16           7.868      1136640      4546560
       35520           32          13.113      2273280      9093120
       35520           64          22.888      4546560     18186240
       35520          128          39.101      9093120     36372480
       35520          256          69.857     18186240     72744960
       35520          512         136.137     36372480    145489920
       35520         1024         256.062     72744960    290979840
       35520         2048         458.956    145489920    581959680
       35520         4096         927.925    290979840   1163919360
       35520         8192        1853.943    581959680   2327838720
       35520        16384        3705.978   1163919360   4655677440
       38976            1           3.099        77952       311808
       38976            2           2.146       155904       623616
       38976            4          13.828       311808      1247232
       38976            8          15.974       623616      2494464
       38976           16           6.914      1247232      4988928
       38976           32          10.967      2494464      9977856
       38976           64          18.120      4988928     19955712
       38976          128          36.001      9977856     39911424
       38976          256          64.850     19955712     79822848
       38976          512         102.997     39911424    159645696
       38976         1024         243.187     79822848    319291392
       38976         2048         396.967    159645696    638582784
       38976         4096         793.934    319291392   1277165568
       38976         8192        1572.132    638582784   2554331136
       38976        16384        3165.960   1277165568   5108662272
       42816            1           3.099        85632       342528
       42816            2           3.099       171264       685056
       42816            4          15.020       342528      1370112
       42816            8          14.067       685056      2740224
       42816           16           6.914      1370112      5480448
       42816           32          11.921      2740224     10960896
       42816           64          21.935      5480448     21921792
       42816          128          39.101     10960896     43843584
       42816          256          67.949     21921792     87687168
       42816          512         134.945     43843584    175374336
       42816         1024         229.120     87687168    350748672
       42816         2048         469.923    175374336    701497344
       42816         4096         900.030    350748672   1402994688
       42816         8192        1799.107    701497344   2805989376
       42816        16384        3584.146   1402994688   5611978752
       47040            1           2.861        94080       376320
       47040            2          15.020       188160       752640
       47040            4           4.053       376320      1505280
       47040            8          15.974       752640      3010560
       47040           16           9.060      1505280      6021120
       47040           32          15.020      3010560     12042240
       47040           64          25.988      6021120     24084480
       47040          128          48.161     12042240     48168960
       47040          256          74.863     24084480     96337920
       47040          512         151.157     48168960    192675840
       47040         1024         269.890     96337920    385351680
       47040         2048         543.118    192675840    770703360
       47040         4096        1070.023    385351680   1541406720
       47040         8192        2140.045    770703360   3082813440
       47040        16384        4262.924   1541406720   6165626880
       51648            1           4.053       103296       413184
       51648            2          20.981       206592       826368
       51648            4          15.020       413184      1652736
       51648            8           5.007       826368      3305472
       51648           16           8.106      1652736      6610944
       51648           32          12.875      3305472     13221888
       51648           64          23.127      6610944     26443776
       51648          128          41.962     13221888     52887552
       51648          256          71.049     26443776    105775104
       51648          512         140.905     52887552    211550208
       51648         1024         267.982    105775104    423100416
       51648         2048         491.142    211550208    846200832
       51648         4096         993.967    423100416   1692401664
       51648         8192        1986.027    846200832   3384803328
       51648        16384        3962.994   1692401664   6769606656
       56640            1           3.815       113280       453120
       56640            2          15.974       226560       906240
       56640            4          15.020       453120      1812480
       56640            8           5.007       906240      3624960
       56640           16           9.060      1812480      7249920
       56640           32          14.067      3624960     14499840
       56640           64          45.776      7249920     28999680
       56640          128          53.167     14499840     57999360
       56640          256          77.963     28999680    115998720
       56640          512         153.065     57999360    231997440
       56640         1024         293.970    115998720    463994880
       56640         2048         591.993    231997440    927989760
       56640         4096        1166.105    463994880   1855979520
       56640         8192        2329.111    927989760   3711959040
       56640        16384        4671.097   1855979520   7423918080
       62208            1           4.053       124416       497664
       62208            2          17.166       248832       995328
       62208            4          15.020       497664      1990656
       62208            8           4.053       995328      3981312
       62208           16           8.821      1990656      7962624
       62208           32          14.067      3981312     15925248
       62208           64          26.941      7962624     31850496
       62208          128          50.068     15925248     63700992
       62208          256          98.944     31850496    127401984
       62208          512         164.986     63700992    254803968
       62208         1024         297.070    127401984    509607936
       62208         2048         591.993    254803968   1019215872
       62208         4096        1166.105    509607936   2038431744
       62208         8192        2331.018   1019215872   4076863488
       62208        16384        4682.064   2038431744   8153726976
       68352            1           4.053       136704       546816
       68352            2           2.146       273408      1093632
       68352            4           2.861       546816      2187264
       68352            8          15.020      1093632      4374528
       68352           16          10.014      2187264      8749056
       68352           32          15.974      4374528     17498112
       68352           64          30.994      8749056     34996224
       68352          128          57.936     17498112     69992448
       68352          256          91.076     34996224    139984896
       68352          512         211.000     69992448    279969792
       68352         1024         341.892    139984896    559939584
       68352         2048         693.083    279969792   1119879168
       68352         4096        1359.940    559939584   2239758336
       68352         8192        2744.913   1119879168   4479516672
       75072            1           3.815       150144       600576
       75072            2           3.099       300288      1201152
       75072            4           4.053       600576      2402304
       75072            8           5.007      1201152      4804608
       75072           16           7.868      2402304      9609216
       75072           32          15.020      4804608     19218432
       75072           64          26.941      9609216     38436864
       75072          128          50.068     19218432     76873728
       75072          256          94.891     38436864    153747456
       75072          512         212.908     76873728    307494912
       75072         1024         347.853    153747456    614989824
       75072         2048         694.990    307494912   1229979648
       75072         4096        1368.999    614989824   2459959296
       75072         8192        2750.874   1229979648   4919918592
       82560            1           2.861       165120       660480
       82560            2           2.861       330240      1320960
       82560            4           5.960       660480      2641920
       82560            8          16.928      1320960      5283840
       82560           16          10.967      2641920     10567680
       82560           32          18.120      5283840     21135360
       82560           64          36.001     10567680     42270720
       82560          128          64.850     21135360     84541440
       82560          256         106.096     42270720    169082880
       82560          512         247.955     84541440    338165760
       82560         1024         402.927    169082880    676331520
       82560         2048         814.915    338165760   1352663040
       82560         4096        1626.968    676331520   2705326080
       82560         8192        3248.930   1352663040   5410652160
       90816            1           4.053       181632       726528
       90816            2          18.120       363264      1453056
       90816            4          15.020       726528      2906112
       90816            8           7.153      1453056      5812224
       90816           16          11.921      2906112     11624448
       90816           32          19.073      5812224     23248896
       90816           64          36.955     11624448     46497792
       90816          128          67.949     23248896     92995584
       90816          256         144.005     46497792    185991168
       90816          512         219.107     92995584    371982336
       90816         1024         432.014    185991168    743964672
       90816         2048         861.883    371982336   1487929344
       90816         4096        1711.130    743964672   2975858688
       90816         8192        3412.962   1487929344   5951717376
       99840            1           5.007       199680       798720
       99840            2           4.053       399360      1597440
       99840            4           4.053       798720      3194880
       99840            8           7.153      1597440      6389760
       99840           16          10.967      3194880     12779520
       99840           32          19.073      6389760     25559040
       99840           64          36.955     12779520     51118080
       99840          128          66.996     25559040    102236160
       99840          256         124.931     51118080    204472320
       99840          512         231.028    102236160    408944640
       99840         1024         463.009    204472320    817889280
       99840         2048         894.070    408944640   1635778560
       99840         4096        1771.212    817889280   3271557120
       99840         8192        3563.881   1635778560   6543114240
      109824            1           4.053       219648       878592
      109824            2          14.067       439296      1757184
      109824            4           5.007       878592      3514368
      109824            8           5.960      1757184      7028736
      109824           16          14.067      3514368     14057472
      109824           32          21.935      7028736     28114944
      109824           64          48.161     14057472     56229888
      109824          128          78.917     28114944    112459776
      109824          256         174.046     56229888    224919552
      109824          512         272.989    112459776    449839104
      109824         1024         538.111    224919552    899678208
      109824         2048        1086.950    449839104   1799356416
      109824         4096        2143.145    899678208   3598712832
      109824         8192        4287.004   1799356416   7197425664
      120768            1           4.053       241536       966144
      120768            2           5.007       483072      1932288
      120768            4          15.974       966144      3864576
      120768            8           7.868      1932288      7729152
      120768           16          14.067      3864576     15458304
      120768           32          25.988      7729152     30916608
      120768           64          46.968     15458304     61833216
      120768          128          77.963     30916608    123666432
      120768          256         147.820     61833216    247332864
      120768          512         308.990    123666432    494665728
      120768         1024         585.079    247332864    989331456
      120768         2048        1145.124    494665728   1978662912
      120768         4096        2290.010    989331456   3957325824
      120768         8192        4596.949   1978662912   7914651648
      132672            1           4.768       265344      1061376
      132672            2          14.067       530688      2122752
      132672            4           5.007      1061376      4245504
      132672            8          10.014      2122752      8491008
      132672           16          15.020      4245504     16982016
      132672           32          28.849      8491008     33964032
      132672           64          55.075     16982016     67928064
      132672          128          84.162     33964032    135856128
      132672          256         159.979     67928064    271712256
      132672          512         332.117    135856128    543424512
      132672         1024         618.935    271712256   1086849024
      132672         2048        1259.089    543424512   2173698048
      132672         4096        2484.083   1086849024   4347396096
      145920            1           4.053       291840      1167360
      145920            2           4.053       583680      2334720
      145920            4           5.007      1167360      4669440
      145920            8           7.153      2334720      9338880
      145920           16          17.166      4669440     18677760
      145920           32          26.941      9338880     37355520
      145920           64          51.975     18677760     74711040
      145920          128          92.030     37355520    149422080
      145920          256         185.966     74711040    298844160
      145920          512         339.985    149422080    597688320
      145920         1024         682.116    298844160   1195376640
      145920         2048        1345.873    597688320   2390753280
      145920         4096        2704.859   1195376640   4781506560
      160512            1           3.815       321024      1284096
      160512            2           4.053       642048      2568192
      160512            4           5.007      1284096      5136384
      160512            8           6.914      2568192     10272768
      160512           16          36.001      5136384     20545536
      160512           32          26.941     10272768     41091072
      160512           64          51.022     20545536     82182144
      160512          128         106.096     41091072    164364288
      160512          256         185.013     82182144    328728576
      160512          512         355.005    164364288    657457152
      160512         1024         710.964    328728576   1314914304
      160512         2048        1397.133    657457152   2629828608
      160512         4096        2798.080   1314914304   5259657216
      176448            1           5.007       352896      1411584
      176448            2           5.960       705792      2823168
      176448            4          17.881      1411584      5646336
      176448            8          10.967      2823168     11292672
      176448           16          18.120      5646336     22585344
      176448           32          34.094     11292672     45170688
      176448           64          61.989     22585344     90341376
      176448          128         100.851     45170688    180682752
      176448          256         220.060     90341376    361365504
      176448          512         386.953    180682752    722731008
      176448         1024         775.099    361365504   1445462016
      176448         2048        1539.946    722731008   2890924032
      176448         4096        3056.049   1445462016   5781848064
      193920            1           5.960       387840      1551360
      193920            2          15.020       775680      3102720
      193920            4          16.928      1551360      6205440
      193920            8          10.967      3102720     12410880
      193920           16          20.027      6205440     24821760
      193920           32          37.909     12410880     49643520
      193920           64          66.996     24821760     99287040
      193920          128         151.157     49643520    198574080
      193920          256         226.974     99287040    397148160
      193920          512         443.935    198574080    794296320
      193920         1024         886.202    397148160   1588592640
      193920         2048        1767.874    794296320   3177185280
      193920         4096        3510.952   1588592640   6354370560
      213312            1           6.199       426624      1706496
      213312            2          15.020       853248      3412992
      213312            4          17.166      1706496      6825984
      213312            8          12.159      3412992     13651968
      213312           16          19.789      6825984     27303936
      213312           32          39.101     13651968     54607872
      213312           64          68.903     27303936    109215744
      213312          128         132.084     54607872    218431488
      213312          256         236.034    109215744    436862976
      213312          512         480.890    218431488    873725952
      213312         1024         924.110    436862976   1747451904
      213312         2048        1835.108    873725952   3494903808
      213312         4096        3650.904   1747451904   6989807616
      234624            1           6.199       469248      1876992
      234624            2          15.974       938496      3753984
      234624            4          17.166      1876992      7507968
      234624            8          13.113      3753984     15015936
      234624           16          20.981      7507968     30031872
      234624           32          40.054     15015936     60063744
      234624           64          73.910     30031872    120127488
      234624          128         140.190     60063744    240254976
      234624          256         257.015    120127488    480509952
      234624          512         515.938    240254976    961019904
      234624         1024        1007.080    480509952   1922039808
      234624         2048        2007.008    961019904   3844079616
      234624         4096        4022.121   1922039808   7688159232
      258048            1           5.007       516096      2064384
      258048            2          16.928      1032192      4128768
      258048            4           7.153      2064384      8257536
      258048            8          11.206      4128768     16515072
      258048           16          21.935      8257536     33030144
      258048           32          46.015     16515072     66060288
      258048           64          78.917     33030144    132120576
      258048          128         169.039     66060288    264241152
      258048          256         275.135    132120576    528482304
      258048          512         535.011    264241152   1056964608
      258048         1024        1078.844    528482304   2113929216
      258048         2048        2156.973   1056964608   4227858432
      258048         4096        4280.090   2113929216   8455716864
      283776            1           5.960       567552      2270208
      283776            2          16.928      1135104      4540416
      283776            4          18.120      2270208      9080832
      283776            8          14.067      4540416     18161664
      283776           16          24.080      9080832     36323328
      283776           32          46.015     18161664     72646656
      283776           64         104.904     36323328    145293312
      283776          128         159.979     72646656    290586624
      283776          256         308.990    145293312    581173248
      283776          512         617.981    290586624   1162346496
      283776         1024        1214.027    581173248   2324692992
      283776         2048        2410.889   1162346496   4649385984
      312000            1           7.153       624000      2496000
      312000            2          18.120      1248000      4992000
      312000            4           8.106      2496000      9984000
      312000            8          15.020      4992000     19968000
      312000           16          26.941      9984000     39936000
      312000           32          49.114     19968000     79872000
      312000           64          92.983     39936000    159744000
      312000          128         185.966     79872000    319488000
      312000          256         344.038    159744000    638976000
      312000          512         686.884    319488000   1277952000
      312000         1024        1346.111    638976000   2555904000
      312000         2048        2695.084   1277952000   5111808000
      343104            1           5.960       686208      2744832
      343104            2          39.101      1372416      5489664
      343104            4          10.014      2744832     10979328
      343104            8          16.928      5489664     21958656
      343104           16          34.094     10979328     43917312
      343104           32          61.035     21958656     87834624
      343104           64          98.944     43917312    175669248
      343104          128         204.086     87834624    351338496
      343104          256         380.039    175669248    702676992
      343104          512         759.840    351338496   1405353984
      343104         1024        1523.018    702676992   2810707968
      343104         2048        3011.942   1405353984   5621415936
      377280            1           6.914       754560      3018240
      377280            2          17.881      1509120      6036480
      377280            4           9.060      3018240     12072960
      377280            8          15.974      6036480     24145920
      377280           16          33.855     12072960     48291840
      377280           32          61.989     24145920     96583680
      377280           64         107.050     48291840    193167360
      377280          128         229.120     96583680    386334720
      377280          256         406.981    193167360    772669440
      377280          512         823.021    386334720   1545338880
      377280         1024        1621.962    772669440   3090677760
      377280         2048        3288.984   1545338880   6181355520
      414912            1           8.106       829824      3319296
      414912            2          15.974      1659648      6638592
      414912            4          10.014      3319296     13277184
      414912            8          17.881      6638592     26554368
      414912           16          33.855     13277184     53108736
      414912           32          69.141     26554368    106217472
      414912           64         118.017     53108736    212434944
      414912          128         267.029    106217472    424869888
      414912          256         448.942    212434944    849739776
      414912          512         905.037    424869888   1699479552
      414912         1024        1809.835    849739776   3398959104
      414912         2048        3583.193   1699479552   6797918208
      456384            1           6.914       912768      3651072
      456384            2          19.073      1825536      7302144
      456384            4          10.967      3651072     14604288
      456384            8          21.219      7302144     29208576
      456384           16          39.816     14604288     58417152
      456384           32          72.002     29208576    116834304
      456384           64         138.998     58417152    233668608
      456384          128         248.194    116834304    467337216
      456384          256         498.056    233668608    934674432
      456384          512         972.033    467337216   1869348864
      456384         1024        1932.859    934674432   3738697728
      456384         2048        3859.043   1869348864   7477395456
      501888            1           9.060      1003776      4015104
      501888            2          20.027      2007552      8030208
      501888            4          11.921      4015104     16060416
      501888            8          23.127      8030208     32120832
      501888           16          46.015     16060416     64241664
      501888           32          78.917     32120832    128483328
      501888           64         155.926     64241664    256966656
      501888          128         298.023    128483328    513933312
      501888          256         545.979    256966656   1027866624
      501888          512        1082.897    513933312   2055733248
      501888         1024        2165.079   1027866624   4111466496
      501888         2048        4317.999   2055733248   8222932992
      552000            1           9.060      1104000      4416000
      552000            2          20.027      2208000      8832000
      552000            4          12.875      4416000     17664000
      552000            8          24.080      8832000     35328000
      552000           16          48.876     17664000     70656000
      552000           32          84.162     35328000    141312000
      552000           64         165.939     70656000    282624000
      552000          128         303.984    141312000    565248000
      552000          256         595.808    282624000   1130496000
      552000          512        1206.160    565248000   2260992000
      552000         1024        2371.073   1130496000   4521984000
      607104            1           9.060      1214208      4856832
      607104            2          20.027      2428416      9713664
      607104            4          15.974      4856832     19427328
      607104            8          25.988      9713664     38854656
      607104           16          71.049     19427328     77709312
      607104           32          88.930     38854656    155418624
      607104           64         165.224     77709312    310837248
      607104          128         323.057    155418624    621674496
      607104          256         652.075    310837248   1243348992
      607104          512        1285.076    621674496   2486697984
      607104         1024        2573.967   1243348992   4973395968
      667776            1          11.206      1335552      5342208
      667776            2          18.120      2671104     10684416
      667776            4          14.067      5342208     21368832
      667776            8          25.988     10684416     42737664
      667776           16          51.975     21368832     85475328
      667776           32          97.990     42737664    170950656
      667776           64         179.052     85475328    341901312
      667776          128         370.026    170950656    683802624
      667776          256         710.964    341901312   1367605248
      667776          512        1399.040    683802624   2735210496
      667776         1024        2803.087   1367605248   5470420992
      734400            1          10.967      1468800      5875200
      734400            2          23.127      2937600     11750400
      734400            4          15.974      5875200     23500800
      734400            8          29.087     11750400     47001600
      734400           16          56.028     23500800     94003200
      734400           32         103.951     47001600    188006400
      734400           64         244.141     94003200    376012800
      734400          128         396.967    188006400    752025600
      734400          256         792.980    376012800   1504051200
      734400          512        1559.019    752025600   3008102400
      734400         1024        3144.026   1504051200   6016204800
      807744            1          13.113      1615488      6461952
      807744            2          21.935      3230976     12923904
      807744            4          17.166      6461952     25847808
      807744            8          33.855     12923904     51695616
      807744           16          61.989     25847808    103391232
      807744           32         118.017     51695616    206782464
      807744           64         220.060    103391232    413564928
      807744          128         445.127    206782464    827129856
      807744          256         860.929    413564928   1654259712
      807744          512        1698.017    827129856   3308519424
      807744         1024        3420.830   1654259712   6617038848
      888384            1          13.828      1776768      7107072
      888384            2          10.014      3553536     14214144
      888384            4          19.073      7107072     28428288
      888384            8          37.909     14214144     56856576
      888384           16          70.095     28428288    113713152
      888384           32         143.051     56856576    227426304
      888384           64         234.842    113713152    454852608
      888384          128         463.963    227426304    909705216
      888384          256         934.839    454852608   1819410432
      888384          512        1860.857    909705216   3638820864
      888384         1024        3720.999   1819410432   7277641728
      977088            1          15.020      1954176      7816704
      977088            2          20.981      3908352     15633408
      977088            4          22.888      7816704     31266816
      977088            8          41.962     15633408     62533632
      977088           16          76.056     31266816    125067264
      977088           32         133.038     62533632    250134528
      977088           64         279.903    125067264    500269056
      977088          128         512.838    250134528   1000538112
      977088          256        1032.114    500269056   2001076224
      977088          512        2057.076   1000538112   4002152448
      977088         1024        4108.906   2001076224   8004304896
     1074624            1          15.974      2149248      8596992
     1074624            2          23.127      4298496     17193984
     1074624            4          23.842      8596992     34387968
     1074624            8          45.061     17193984     68775936
     1074624           16          81.062     34387968    137551872
     1074624           32         144.005     68775936    275103744
     1074624           64         283.957    137551872    550207488
     1074624          128         576.973    275103744   1100414976
     1074624          256        1125.813    550207488   2200829952
     1074624          512        2247.095   1100414976   4401659904
     1181952            1          15.974      2363904      9455616
     1181952            2          27.895      4727808     18911232
     1181952            4          25.034      9455616     37822464
     1181952            8          47.922     18911232     75644928
     1181952           16          87.023     37822464    151289856
     1181952           32         159.025     75644928    302579712
     1181952           64         310.183    151289856    605159424
     1181952          128         630.856    302579712   1210318848
     1181952          256        1235.008    605159424   2420637696
     1181952          512        2473.116   1210318848   4841275392
     1300032            1          17.881      2600064     10400256
     1300032            2          28.849      5200128     20800512
     1300032            4          27.895     10400256     41601024
     1300032            8          53.167     20800512     83202048
     1300032           16          94.891     41601024    166404096
     1300032           32         195.980     83202048    332808192
     1300032           64         341.892    166404096    665616384
     1300032          128         692.129    332808192   1331232768
     1300032          256        1361.847    665616384   2662465536
     1300032          512        2729.893   1331232768   5324931072
     1430016            1          35.048      2860032     11440128
     1430016            2          15.020      5720064     22880256
     1430016            4          30.041     11440128     45760512
     1430016            8          58.174     22880256     91521024
     1430016           16         105.143     45760512    183042048
     1430016           32         212.908     91521024    366084096
     1430016           64         372.171    183042048    732168192
     1430016          128         752.926    366084096   1464336384
     1430016          256        1484.156    732168192   2928672768
     1430016          512        2975.941   1464336384   5857345536
     1572864            1          33.855      3145728     12582912
     1572864            2          20.981      6291456     25165824
     1572864            4          37.193     12582912     50331648
     1572864            8          72.956     25165824    100663296
     1572864           16         145.912     50331648    201326592
     1572864           32         282.049    100663296    402653184
     1572864           64         580.072    201326592    805306368
     1572864          128        1145.840    402653184   1610612736
     1572864          256        2322.197    805306368   3221225472
     1572864          512        4586.935   1610612736   6442450944
     1730112            1          36.001      3460224     13840896
     1730112            2          21.935      6920448     27681792
     1730112            4          41.008     13840896     55363584
     1730112            8          80.824     27681792    110727168
     1730112           16         157.118     55363584    221454336
     1730112           32         324.965    110727168    442908672
     1730112           64         622.034    221454336    885817344
     1730112          128        1245.975    442908672   1771634688
     1730112          256        2506.971    885817344   3543269376
     1730112          512        3772.020   1771634688   7086538752
     1903104            1          36.001      3806208     15224832
     1903104            2          20.027      7612416     30449664
     1903104            4          38.147     15224832     60899328
     1903104            8          73.910     30449664    121798656
     1903104           16         150.919     60899328    243597312
     1903104           32         252.008    121798656    487194624
     1903104           64         494.003    243597312    974389248
     1903104          128         998.020    487194624   1948778496
     1903104          256        1989.126    974389248   3897556992
     1903104          512        3981.113   1948778496   7795113984
     2093376            1          36.001      4186752     16747008
     2093376            2          20.981      8373504     33494016
     2093376            4          39.816     16747008     66988032
     2093376            8          77.963     33494016    133976064
     2093376           16         140.905     66988032    267952128
     2093376           32         274.181    133976064    535904256
     2093376           64         556.946    267952128   1071808512
     2093376          128        1091.003    535904256   2143617024
     2093376          256        2175.093   1071808512   4287234048
     2093376          512        4353.046   2143617024   8574468096
     2302656            1          38.147      4605312     18421248
     2302656            2          23.842      9210624     36842496
     2302656            4          45.061     18421248     73684992
     2302656            8          83.923     36842496    147369984
     2302656           16         154.018     73684992    294739968
     2302656           32         303.030    147369984    589479936
     2302656           64         613.928    294739968   1178959872
     2302656          128        1198.769    589479936   2357919744
     2302656          256        2404.928   1178959872   4715839488
     2532864            1          51.022      5065728     20262912
     2532864            2          25.034     10131456     40525824
     2532864            4          48.161     20262912     81051648
     2532864            8          91.076     40525824    162103296
     2532864           16         167.847     81051648    324206592
     2532864           32         351.191    162103296    648413184
     2532864           64         653.028    324206592   1296826368
     2532864          128        1327.991    648413184   2593652736
     2532864          256        2621.889   1296826368   5187305472
     2786112            1          52.929      5572224     22288896
     2786112            2          28.133     11144448     44577792
     2786112            4          54.836     22288896     89155584
     2786112            8          99.182     44577792    178311168
     2786112           16         185.013     89155584    356622336
     2786112           32         378.847    178311168    713244672
     2786112           64         719.070    356622336   1426489344
     2786112          128        1472.950    713244672   2852978688
     2786112          256        2919.912   1426489344   5705957376
     3064704            1          51.022      6129408     24517632
     3064704            2          30.041     12258816     49035264
     3064704            4          59.128     24517632     98070528
     3064704            8         107.050     49035264    196141056
     3064704           16         202.894     98070528    392282112
     3064704           32         421.047    196141056    784564224
     3064704           64         803.947    392282112   1569128448
     3064704          128        1586.199    784564224   3138256896
     3064704          256        3181.934   1569128448   6276513792
     3371136            1          55.075      6742272     26969088
     3371136            2          31.948     13484544     53938176
     3371136            4          64.135     26969088    107876352
     3371136            8         116.825     53938176    215752704
     3371136           16         221.014    107876352    431505408
     3371136           32         454.903    215752704    863010816
     3371136           64         883.102    431505408   1726021632
     3371136          128        1741.171    863010816   3452043264
     3371136          256        3502.846   1726021632   6904086528
     3708096            1          56.028      7416192     29664768
     3708096            2          37.193     14832384     59329536
     3708096            4          67.949     29664768    118659072
     3708096            8         155.926     59329536    237318144
     3708096           16         246.048    118659072    474636288
     3708096           32         481.129    237318144    949272576
     3708096           64         968.933    474636288   1898545152
     3708096          128        1931.906    949272576   3797090304
     3708096          256        3855.944   1898545152   7594180608
     4078848            1         128.984      8157696     32630784
     4078848            2          40.054     16315392     65261568
     4078848            4          73.195     32630784    130523136
     4078848            8         136.852     65261568    261046272
     4078848           16         269.175    130523136    522092544
     4078848           32         545.979    261046272   1044185088
     4078848           64        1065.016    522092544   2088370176
     4078848          128        2120.018   1044185088   4176740352
     4078848          256        4234.076   2088370176   8353480704
     4486656            1          64.135      8973312     35893248
     4486656            2          41.962     17946624     71786496
     4486656            4          80.109     35893248    143572992
     4486656            8         149.965     71786496    287145984
     4486656           16         309.944    143572992    574291968
     4486656           32         578.165    287145984   1148583936
     4486656           64        1163.960    574291968   2297167872
     4486656          128        2336.025   1148583936   4594335744
     4935168            1          69.141      9870336     39481344
     4935168            2          46.015     19740672     78962688
     4935168            4          87.976     39481344    157925376
     4935168            8         164.986     78962688    315850752
     4935168           16         344.038    157925376    631701504
     4935168           32         636.101    315850752   1263403008
     4935168           64        1292.944    631701504   2526806016
     4935168          128        2552.986   1263403008   5053612032
     5428608            1          96.083     10857216     43428864
     5428608            2          51.022     21714432     86857728
     5428608            4          95.129     43428864    173715456
     5428608            8         180.006     86857728    347430912
     5428608           16         353.098    173715456    694861824
     5428608           32         712.872    347430912   1389723648
     5428608           64        1405.001    694861824   2779447296
     5428608          128        2817.869   1389723648   5558894592
     5971392            1         102.997     11942784     47771136
     5971392            2          55.075     23885568     95542272
     5971392            4         103.951     47771136    191084544
     5971392            8         196.934     95542272    382169088
     5971392           16         387.192    191084544    764338176
     5971392           32         782.013    382169088   1528676352
     5971392           64        1559.973    764338176   3057352704
     5971392          128        3097.057   1528676352   6114705408
     6568512            1          87.023     13137024     52548096
     6568512            2          58.174     26274048    105096192
     6568512            4         113.964     52548096    210192384
     6568512            8         236.988    105096192    420384768
     6568512           16         425.100    210192384    840769536
     6568512           32         858.068    420384768   1681539072
     6568512           64        1709.938    840769536   3363078144
     6568512          128        3399.134   1681539072   6726156288
     7225344            1          94.891     14450688     57802752
     7225344            2          65.088     28901376    115605504
     7225344            4         123.978     57802752    231211008
     7225344            8         236.034    115605504    462422016
     7225344           16         466.108    231211008    924844032
     7225344           32         941.038    462422016   1849688064
     7225344           64        1876.831    924844032   3699376128
     7225344          128        3751.993   1849688064   7398752256
     7947840            1         100.851     15895680     63582720
     7947840            2          70.095     31791360    127165440
     7947840            4         134.945     63582720    254330880
     7947840            8         281.096    127165440    508661760
     7947840           16         514.030    254330880   1017323520
     7947840           32        1033.068    508661760   2034647040
     7947840           64        2065.897   1017323520   4069294080
     7947840          128        4124.880   2034647040   8138588160
     8742528            1         108.004     17485056     69940224
     8742528            2          77.009     34970112    139880448
     8742528            4         146.866     69940224    279760896
     8742528            8         284.910    139880448    559521792
     8742528           16         580.072    279760896   1119043584
     8742528           32        1135.111    559521792   2238087168
     8742528           64        2269.983   1119043584   4476174336
     9616704            1         118.017     19233408     76933632
     9616704            2          83.923     38466816    153867264
     9616704            4         160.933     76933632    307734528
     9616704            8         312.090    153867264    615469056
     9616704           16         635.147    307734528   1230938112
     9616704           32        1245.975    615469056   2461876224
     9616704           64        2506.018   1230938112   4923752448
    10578240            1         131.845     21156480     84625920
    10578240            2          91.076     42312960    169251840
    10578240            4         178.099     84625920    338503680
    10578240            8         363.827    169251840    677007360
    10578240           16         679.970    338503680   1354014720
    10578240           32        1385.927    677007360   2708029440
    10578240           64        2754.211   1354014720   5416058880
    11635968            1         142.097     23271936     93087744
    11635968            2          99.897     46543872    186175488
    11635968            4         192.881     93087744    372350976
    11635968            8         394.821    186175488    744701952
    11635968           16         749.111    372350976   1489403904
    11635968           32        1526.117    744701952   2978807808
    11635968           64        3031.969   1489403904   5957615616
    12799488            1         159.979     25598976    102395904
    12799488            2         108.957     51197952    204791808
    12799488            4         231.981    102395904    409583616
    12799488            8         414.848    204791808    819167232
    12799488           16         837.088    409583616   1638334464
    12799488           32        1671.076    819167232   3276668928
    12799488           64        3324.032   1638334464   6553337856
    14079360            1         173.092     28158720    112634880
    14079360            2         118.971     56317440    225269760
    14079360            4         251.055    112634880    450539520
    14079360            8         453.949    225269760    901079040
    14079360           16         920.057    450539520   1802158080
    14079360           32        1834.869    901079040   3604316160
    14079360           64        3667.116   1802158080   7208632320
    15487296            1         185.013     30974592    123898368
    15487296            2         129.938     61949184    247796736
    15487296            4         253.201    123898368    495593472
    15487296            8         519.991    247796736    991186944
    15487296           16        1009.941    495593472   1982373888
    15487296           32        2014.875    991186944   3964747776
    15487296           64        4025.936   1982373888   7929495552
    17035968            1         206.947     34071936    136287744
    17035968            2         166.893     68143872    272575488
    17035968            4         278.950    136287744    545150976
    17035968            8         550.985    272575488   1090301952
    17035968           16        1137.018    545150976   2180603904
    17035968           32        2224.922   1090301952   4361207808
    18739392            1         227.928     37478784    149915136
    18739392            2         159.979     74957568    299830272
    18739392            4         327.110    149915136    599660544
    18739392            8         607.014    299830272   1199321088
    18739392           16        1245.975    599660544   2398642176
    18739392           32        2449.036   1199321088   4797284352
    20613312            1         252.008     41226624    164906496
    20613312            2         198.841     82453248    329812992
    20613312            4         340.939    164906496    659625984
    20613312            8         691.175    329812992   1319251968
    20613312           16        1357.079    659625984   2638503936
    20613312           32        2722.979   1319251968   5277007872
    22674624            1         251.055     45349248    181396992
    22674624            2         199.080     90698496    362793984
    22674624            4         396.013    181396992    725587968
    22674624            8         742.197    362793984   1451175936
    22674624           16        1523.972    725587968   2902351872
    22674624           32        3021.955   1451175936   5804703744
    24941952            1         238.895     49883904    199535616
    24941952            2         243.902     99767808    399071232
    24941952            4         415.087    199535616    798142464
    24941952            8         844.002    399071232   1596284928
    24941952           16        1679.897    798142464   3192569856
    24941952           32        3340.960   1596284928   6385139712
    27436032            1         205.040     54872064    219488256
    27436032            2         263.214    109744128    438976512
    27436032            4         463.009    219488256    877953024
    27436032            8         939.131    438976512   1755906048
    27436032           16        1873.016    877953024   3511812096
    27436032           32        3731.966   1755906048   7023624192
    30179520            1         217.915     60359040    241436160
    30179520            2         273.943    120718080    482872320
    30179520            4         514.030    241436160    965744640
    30179520            8        1039.982    482872320   1931489280
    30179520           16        2074.003    965744640   3862978560
    30179520           32        4143.953   1931489280   7725957120
    33197376            1         218.868     66394752    265579008
    33197376            2         302.792    132789504    531158016
    33197376            4         592.947    265579008   1062316032
    33197376            8        1155.853    531158016   2124632064
    33197376           16        2312.899   1062316032   4249264128
    33197376           32        4626.036   2124632064   8498528256
    36517056            1         242.949     73034112    292136448
    36517056            2         351.906    146068224    584272896
    36517056            4         629.902    292136448   1168545792
    36517056            8        1296.997    584272896   2337091584
    36517056           16        2557.993   1168545792   4674183168
    40168704            1         280.857     80337408    321349632
    40168704            2         370.979    160674816    642699264
    40168704            4         710.964    321349632   1285398528
    40168704            8        1403.093    642699264   2570797056
    40168704           16        2820.015   1285398528   5141594112
    44185536            1         316.858     88371072    353484288
    44185536            2         420.094    176742144    706968576
    44185536            4         792.980    353484288   1413937152
    44185536            8        1558.781    706968576   2827874304
    44185536           16        3164.053   1413937152   5655748608
    48604032            1         319.004     97208064    388832256
    48604032            2         498.056    194416128    777664512
    48604032            4         891.924    388832256   1555329024
    48604032            8        1762.152    777664512   3110658048
    48604032           16        3581.047   1555329024   6221316096
    53464320            1         367.165    106928640    427714560
    53464320            2         560.999    213857280    855429120
    53464320            4        1033.068    427714560   1710858240
    53464320            8        2055.883    855429120   3421716480
    53464320           16        4114.151   1710858240   6843432960
    58810752            1         411.034    117621504    470486016
    58810752            2         645.876    235243008    940972032
    58810752            4        1186.132    470486016   1881944064
    58810752            8        2414.942    940972032   3763888128
    58810752           16        4836.082   1881944064   7527776256
    64691712            1         483.990    129383424    517533696
    64691712            2         751.019    258766848   1035067392
    64691712            4        1389.027    517533696   2070134784
    64691712            8        2803.087   1035067392   4140269568
    64691712           16        5604.982   2070134784   8280539136
    71160768            1         530.005    142321536    569286144
    71160768            2         874.996    284643072   1138572288
    71160768            4        1598.120    569286144   2277144576
    71160768            8        3201.008   1138572288   4554289152
    78276672            1         627.995    156553344    626213376
    78276672            2        1021.862    313106688   1252426752
    78276672            4        1808.882    626213376   2504853504
    78276672            8        3613.949   1252426752   5009707008
    86104320            1         683.069    172208640    688834560
    86104320            2        1251.936    344417280   1377669120
    86104320            4        2160.072    688834560   2755338240
    86104320            8        4240.036   1377669120   5510676480
    94714752            1         792.027    189429504    757718016
    94714752            2        1438.856    378859008   1515436032
    94714752            4        2567.053    757718016   3030872064
    94714752            8        5136.013   1515436032   6061744128
   104186112            1         862.122    208372224    833488896
   104186112            2        1621.962    416744448   1666977792
   104186112            4        3085.852    833488896   3333955584
   104186112            8        6173.134   1666977792   6667911168
   114604608            1        1038.074    229209216    916836864
   114604608            2        1937.151    458418432   1833673728
   114604608            4        3600.836    916836864   3667347456
   114604608            8        7296.085   1833673728   7334694912
   126064896            1        1147.032    252129792   1008519168
   126064896            2        2149.820    504259584   2017038336
   126064896            4        4122.019   1008519168   4034076672
   126064896            8        8249.998   2017038336   8068153344
   138671232            1        1295.090    277342464   1109369856
   138671232            2        2464.771    554684928   2218739712
   138671232            4        4776.955   1109369856   4437479424
   152538240            1        1450.062    305076480   1220305920
   152538240            2        2783.060    610152960   2440611840
   152538240            4        5295.992   1220305920   4881223680
   167792064            1        1591.921    335584128   1342336512
   167792064            2        3057.003    671168256   2684673024
   167792064            4        5964.041   1342336512   5369346048
   184571136            1        1781.940    369142272   1476569088
   184571136            2        3473.043    738284544   2953138176
   184571136            4        6894.112   1476569088   5906276352
   203028096            1        1971.960    406056192   1624224768
   203028096            2        3841.877    812112384   3248449536
   203028096            4        7608.891   1624224768   6496899072
   223330752            1        2229.929    446661504   1786646016
   223330752            2        4367.828    893323008   3573292032
   223330752            4        8492.947   1786646016   7146584064
   245663808            1        2470.016    491327616   1965310464
   245663808            2        4840.136    982655232   3930620928
   245663808            4        9422.064   1965310464   7861241856
   270230016            1        2763.033    540460032   2161840128
   270230016            2        5454.063   1080920064   4323680256
   297252864            1        3064.156    594505728   2378022912
   297252864            2        5947.113   1189011456   4756045824
   326978112            1        3454.924    653956224   2615824896
   326978112            2        6724.834   1307912448   5231649792
   359675904            1        3775.120    719351808   2877407232
   359675904            2        7473.946   1438703616   5754814464
   395643456            1        4171.848    791286912   3165147648
   395643456            2        8194.923   1582573824   6330295296
   435207744            1        4571.915    870415488   3481661952
   435207744            2        9075.880   1740830976   6963323904
   478728384            1        5052.805    957456768   3829827072
   478728384            2       10053.873   1914913536   7659654144
   526601088            1        5653.143   1053202176   4212808704
   526601088            2       11212.826   2106404352   8425617408
   579261120            1        6247.044   1158522240   4634088960
   637187136            1        6809.950   1274374272   5097497088
   700905792            1        7470.846   1401811584   5607246336
   770996352            1        8325.100   1541992704   6167970816
   848095872            1        9298.086   1696191744   6784766976
   932905344            1       10165.215   1865810688   7463242752
  1026195840            1       11032.820   2052391680   8209566720

META_DATA
FLOPS          64
MPI_PROCS      1
OPENMP_THREADS 24
ERT_VERSION  1.1.0
HOSTNAME  ('deepv.deep', [], ['10.2.8.6'])
UNAME  uname_result(system='Linux', node='deepv', release='4.18.0-372.32.1.el8_6.x86_64', version='#1 SMP Thu Oct 27 15:18:36 UTC 2022', machine='x86_64')
TIMESTAMP_DATA  1673470372.7666771
CONFIG  {'ERT_RESULTS': ['Results.cn.deep.fz-juelich.de.01'], 'ERT_DRIVER': ['driver1'], 'ERT_KERNEL': ['kernel1'], 'ERT_MPI': ['True'], 'ERT_MPI_CFLAGS': ['-I', '/p/deep/software/skylake/Stages/2022/software/psmpi/5.5.0-1-intel-compilers-2021.4.0/include'], 'ERT_MPI_LDFLAGS': ['-L', '/p/deep/software/skylake/Stages/2022/software/psmpi/5.5.0-1-intel-compilers-2021.4.0/lib', '-lmpi'], 'ERT_OPENMP': ['True'], 'ERT_OPENMP_CFLAGS': ['-qopenmp'], 'ERT_OPENMP_LDFLAGS': ['-qopenmp'], 'ERT_FLOPS': ['1,2,4,8,16,64,128'], 'ERT_ALIGN': ['64'], 'ERT_CC': ['icpc'], 'ERT_CFLAGS': ['-O3', '-fno-alias', '-fno-fnalias', '-xCore-AVX512', '-qopt-zmm-usage=high', '-DERT_INTEL'], 'ERT_LD': ['icpc'], 'ERT_LDFLAGS': [], 'ERT_LDLIBS': [], 'ERT_PRECISION': ['FP64'], 'ERT_RUN': ['export', 'OMP_NUM_THREADS=ERT_OPENMP_THREADS;', 'export', 'OMP_PLACES="cores";', 'srun', '-p', 'dp-cn', '-n', 'ERT_MPI_PROCS', '-c', '48', '--ntasks-per-node', '1', 'ERT_CODE'], 'ERT_PROCS_THREADS': ['24'], 'ERT_MPI_PROCS': ['1'], 'ERT_OPENMP_THREADS': ['24'], 'ERT_NUM_EXPERIMENTS': ['5'], 'ERT_MEMORY_MAX': ['1073741824'], 'ERT_WORKING_SET_MIN': ['128'], 'ERT_TRIALS_MIN': ['1'], 'ERT_GNUPLOT': ['gnuplot'], 'ERT_GPU': [False], 'ERT_HIP': [False], 'ERT_OCL': [False], 'ERT_SYCL': [False], 'ERT_WSS_MULT': [1.1]}
