fp64
       24576            1           3.099        49152       196608
       24576            2          12.875        98304       393216
       24576            4           1.907       196608       786432
       24576            8           1.907       393216      1572864
       24576           16           5.007       786432      3145728
       24576           32           5.007      1572864      6291456
       24576           64          12.159      3145728     12582912
       24576          128          38.862      6291456     25165824
       24576          256          35.048     12582912     50331648
       24576          512          68.903     25165824    100663296
       24576         1024         109.196     50331648    201326592
       24576         2048         226.974    100663296    402653184
       24576         4096         414.848    201326592    805306368
       24576         8192         828.028    402653184   1610612736
       24576        16384        1641.989    805306368   3221225472
       24576        32768        3262.043   1610612736   6442450944
       26880            1           1.907        53760       215040
       26880            2           1.907       107520       430080
       26880            4           4.053       215040       860160
       26880            8          10.967       430080      1720320
       26880           16           5.007       860160      3440640
       26880           32           8.821      1720320      6881280
       26880           64          17.166      3440640     13762560
       26880          128          27.895      6881280     27525120
       26880          256          66.996     13762560     55050240
       26880          512          79.870     27525120    110100480
       26880         1024         149.965     55050240    220200960
       26880         2048         293.970    110100480    440401920
       26880         4096         603.914    220200960    880803840
       26880         8192        1177.788    440401920   1761607680
       26880        16384        2345.085    880803840   3523215360
       26880        32768        4684.925   1761607680   7046430720
       29568            1           3.099        59136       236544
       29568            2          12.875       118272       473088
       29568            4           3.099       236544       946176
       29568            8          12.875       473088      1892352
       29568           16           5.960       946176      3784704
       29568           32          10.014      1892352      7569408
       29568           64          16.928      3784704     15138816
       29568          128          35.048      7569408     30277632
       29568          256          78.917     15138816     60555264
       29568          512          92.983     30277632    121110528
       29568         1024         178.814     60555264    242221056
       29568         2048         347.853    121110528    484442112
       29568         4096         706.911    242221056    968884224
       29568         8192        1394.033    484442112   1937768448
       29568        16384        2776.146    968884224   3875536896
       29568        32768        5561.113   1937768448   7751073792
       32448            1           3.099        64896       259584
       32448            2          14.067       129792       519168
       32448            4          12.875       259584      1038336
       32448            8           4.053       519168      2076672
       32448           16           7.153      1038336      4153344
       32448           32          12.159      2076672      8306688
       32448           64          18.835      4153344     16613376
       32448          128          42.915      8306688     33226752
       32448          256          63.896     16613376     66453504
       32448          512         107.050     33226752    132907008
       32448         1024         207.186     66453504    265814016
       32448         2048         434.875    132907008    531628032
       32448         4096         829.935    265814016   1063256064
       32448         8192        1624.107    531628032   2126512128
       32448        16384        3265.142   1063256064   4253024256
       32448        32768        6488.085   2126512128   8506048512
       35520            1           3.099        71040       284160
       35520            2          15.974       142080       568320
       35520            4          12.875       284160      1136640
       35520            8           4.053       568320      2273280
       35520           16           7.868      1136640      4546560
       35520           32          13.113      2273280      9093120
       35520           64          24.080      4546560     18186240
       35520          128          50.068      9093120     36372480
       35520          256          67.949     18186240     72744960
       35520          512         152.826     36372480    145489920
       35520         1024         241.995     72744960    290979840
       35520         2048         468.016    145489920    581959680
       35520         4096         941.992    290979840   1163919360
       35520         8192        1864.195    581959680   2327838720
       35520        16384        3731.966   1163919360   4655677440
       38976            1           1.907        77952       311808
       38976            2           1.907       155904       623616
       38976            4           4.053       311808      1247232
       38976            8           4.053       623616      2494464
       38976           16           5.960      1247232      4988928
       38976           32          10.014      2494464      9977856
       38976           64          17.881      4988928     19955712
       38976          128          39.816      9977856     39911424
       38976          256          61.989     19955712     79822848
       38976          512         118.017     39911424    159645696
       38976         1024         226.974     79822848    319291392
       38976         2048         401.974    159645696    638582784
       38976         4096         805.855    319291392   1277165568
       38976         8192        1588.106    638582784   2554331136
       38976        16384        3173.113   1277165568   5108662272
       42816            1           3.099        85632       342528
       42816            2           1.907       171264       685056
       42816            4           4.053       342528      1370112
       42816            8           3.815       685056      2740224
       42816           16           5.960      1370112      5480448
       42816           32          10.967      2740224     10960896
       42816           64          20.027      5480448     21921792
       42816          128          41.008     10960896     43843584
       42816          256          62.943     21921792     87687168
       42816          512         117.064     43843584    175374336
       42816         1024         227.928     87687168    350748672
       42816         2048         465.870    175374336    701497344
       42816         4096         901.937    350748672   1402994688
       42816         8192        1801.968    701497344   2805989376
       42816        16384        3585.815   1402994688   5611978752
       47040            1           2.861        94080       376320
       47040            2          13.113       188160       752640
       47040            4           4.053       376320      1505280
       47040            8           5.007       752640      3010560
       47040           16           9.060      1505280      6021120
       47040           32          15.020      3010560     12042240
       47040           64          49.114      6021120     24084480
       47040          128          50.068     12042240     48168960
       47040          256          72.956     24084480     96337920
       47040          512         138.998     48168960    192675840
       47040         1024         270.128     96337920    385351680
       47040         2048         564.098    192675840    770703360
       47040         4096        1085.997    385351680   1541406720
       47040         8192        2156.019    770703360   3082813440
       47040        16384        4296.064   1541406720   6165626880
       51648            1           3.099       103296       413184
       51648            2          13.113       206592       826368
       51648            4           2.861       413184      1652736
       51648            8           4.053       826368      3305472
       51648           16           8.106      1652736      6610944
       51648           32          12.875      3305472     13221888
       51648           64          24.080      6610944     26443776
       51648          128          66.996     13221888     52887552
       51648          256          72.002     26443776    105775104
       51648          512         139.952     52887552    211550208
       51648         1024         261.068    105775104    423100416
       51648         2048         517.130    211550208    846200832
       51648         4096        1005.173    423100416   1692401664
       51648         8192        1992.941    846200832   3384803328
       51648        16384        3977.060   1692401664   6769606656
       56640            1           2.861       113280       453120
       56640            2          19.073       226560       906240
       56640            4           3.815       453120      1812480
       56640            8           5.007       906240      3624960
       56640           16           8.106      1812480      7249920
       56640           32          15.974      3624960     14499840
       56640           64          36.001      7249920     28999680
       56640          128          51.022     14499840     57999360
       56640          256          77.963     28999680    115998720
       56640          512         149.012     57999360    231997440
       56640         1024         312.090    115998720    463994880
       56640         2048         605.106    231997440    927989760
       56640         4096        1173.973    463994880   1855979520
       56640         8192        2354.860    927989760   3711959040
       56640        16384        4683.018   1855979520   7423918080
       62208            1           4.053       124416       497664
       62208            2           3.099       248832       995328
       62208            4           4.053       497664      1990656
       62208            8           5.007       995328      3981312
       62208           16           9.060      1990656      7962624
       62208           32          14.067      3981312     15925248
       62208           64          31.948      7962624     31850496
       62208          128          48.161     15925248     63700992
       62208          256          80.109     31850496    127401984
       62208          512         149.965     63700992    254803968
       62208         1024         310.183    127401984    509607936
       62208         2048         605.106    254803968   1019215872
       62208         4096        1178.980    509607936   2038431744
       62208         8192        2342.939   1019215872   4076863488
       62208        16384        5167.961   2038431744   8153726976
       68352            1           1.907       136704       546816
       68352            2          15.020       273408      1093632
       68352            4           3.815       546816      2187264
       68352            8           5.960      1093632      4374528
       68352           16          10.014      2187264      8749056
       68352           32          17.166      4374528     17498112
       68352           64          36.955      8749056     34996224
       68352          128          51.975     17498112     69992448
       68352          256          91.076     34996224    139984896
       68352          512         174.999     69992448    279969792
       68352         1024         363.827    139984896    559939584
       68352         2048         679.970    279969792   1119879168
       68352         4096        1386.166    559939584   2239758336
       68352         8192        2733.946   1119879168   4479516672
       75072            1           2.861       150144       600576
       75072            2          12.875       300288      1201152
       75072            4           4.053       600576      2402304
       75072            8           5.007      1201152      4804608
       75072           16          10.014      2402304      9609216
       75072           32          15.974      4804608     19218432
       75072           64          37.193      9609216     38436864
       75072          128          54.836     19218432     76873728
       75072          256          90.837     38436864    153747456
       75072          512         174.046     76873728    307494912
       75072         1024         344.992    153747456    614989824
       75072         2048         692.129    307494912   1229979648
       75072         4096        1379.013    614989824   2459959296
       75072         8192        2763.987   1229979648   4919918592
       82560            1           5.007       165120       660480
       82560            2          12.159       330240      1320960
       82560            4           5.007       660480      2641920
       82560            8           6.914      1320960      5283840
       82560           16          10.967      2641920     10567680
       82560           32          19.073      5283840     21135360
       82560           64          46.968     10567680     42270720
       82560          128          75.102     21135360     84541440
       82560          256         107.050     42270720    169082880
       82560          512         216.961     84541440    338165760
       82560         1024         414.133    169082880    676331520
       82560         2048         828.028    338165760   1352663040
       82560         4096        1639.128    676331520   2705326080
       82560         8192        3252.983   1352663040   5410652160
       90816            1           3.099       181632       726528
       90816            2           3.099       363264      1453056
       90816            4           4.053       726528      2906112
       90816            8           6.914      1453056      5812224
       90816           16          10.967      2906112     11624448
       90816           32          20.027      5812224     23248896
       90816           64          46.015     11624448     46497792
       90816          128          61.989     23248896     92995584
       90816          256         129.938     46497792    185991168
       90816          512         234.127     92995584    371982336
       90816         1024         435.114    185991168    743964672
       90816         2048         868.082    371982336   1487929344
       90816         4096        1724.005    743964672   2975858688
       90816         8192        3416.061   1487929344   5951717376
       99840            1           3.099       199680       798720
       99840            2          12.875       399360      1597440
       99840            4          16.212       798720      3194880
       99840            8           5.960      1597440      6389760
       99840           16          12.159      3194880     12779520
       99840           32          38.862      6389760     25559040
       99840           64          40.770     12779520     51118080
       99840          128          65.088     25559040    102236160
       99840          256         116.110     51118080    204472320
       99840          512         226.021    102236160    408944640
       99840         1024         442.982    204472320    817889280
       99840         2048         895.023    408944640   1635778560
       99840         4096        1793.861    817889280   3271557120
       99840         8192        3572.941   1635778560   6543114240
      109824            1           4.053       219648       878592
      109824            2          14.067       439296      1757184
      109824            4           4.053       878592      3514368
      109824            8           5.960      1757184      7028736
      109824           16          13.113      3514368     14057472
      109824           32          22.888      7028736     28114944
      109824           64          53.883     14057472     56229888
      109824          128          73.195     28114944    112459776
      109824          256         138.998     56229888    224919552
      109824          512         292.063    112459776    449839104
      109824         1024         536.203    224919552    899678208
      109824         2048        1075.029    449839104   1799356416
      109824         4096        2148.151    899678208   3598712832
      109824         8192        4307.985   1799356416   7197425664
      120768            1           5.007       241536       966144
      120768            2           3.099       483072      1932288
      120768            4           5.007       966144      3864576
      120768            8           9.060      1932288      7729152
      120768           16          15.020      3864576     15458304
      120768           32          29.087      7729152     30916608
      120768           64          56.982     15458304     61833216
      120768          128          77.009     30916608    123666432
      120768          256         149.012     61833216    247332864
      120768          512         306.845    123666432    494665728
      120768         1024         571.012    247332864    989331456
      120768         2048        1147.032    494665728   1978662912
      120768         4096        2306.938    989331456   3957325824
      120768         8192        4578.829   1978662912   7914651648
      132672            1           3.815       265344      1061376
      132672            2           3.099       530688      2122752
      132672            4          17.166      1061376      4245504
      132672            8          10.014      2122752      8491008
      132672           16          15.020      4245504     16982016
      132672           32          53.167      8491008     33964032
      132672           64          51.022     16982016     67928064
      132672          128          82.970     33964032    135856128
      132672          256         170.946     67928064    271712256
      132672          512         314.951    135856128    543424512
      132672         1024         644.922    271712256   1086849024
      132672         2048        1257.896    543424512   2173698048
      132672         4096        2511.024   1086849024   4347396096
      145920            1           5.007       291840      1167360
      145920            2          20.981       583680      2334720
      145920            4           9.060      1167360      4669440
      145920            8           7.868      2334720      9338880
      145920           16          17.166      4669440     18677760
      145920           32          30.994      9338880     37355520
      145920           64          53.883     18677760     74711040
      145920          128          89.884     37355520    149422080
      145920          256         185.966     74711040    298844160
      145920          512         365.019    149422080    597688320
      145920         1024         686.169    298844160   1195376640
      145920         2048        1370.907    597688320   2390753280
      145920         4096        2699.852   1195376640   4781506560
      160512            1           5.007       321024      1284096
      160512            2           6.199       642048      2568192
      160512            4           5.007      1284096      5136384
      160512            8           9.060      2568192     10272768
      160512           16          15.974      5136384     20545536
      160512           32          32.187     10272768     41091072
      160512           64          56.028     20545536     82182144
      160512          128          92.030     41091072    164364288
      160512          256         189.066     82182144    328728576
      160512          512         360.012    164364288    657457152
      160512         1024         716.925    328728576   1314914304
      160512         2048        1403.809    657457152   2629828608
      160512         4096        2794.027   1314914304   5259657216
      176448            1           4.053       352896      1411584
      176448            2           3.815       705792      2823168
      176448            4           5.960      1411584      5646336
      176448            8          28.849      2823168     11292672
      176448           16          18.835      5646336     22585344
      176448           32          37.909     11292672     45170688
      176448           64          56.982     22585344     90341376
      176448          128          99.897     45170688    180682752
      176448          256         193.834     90341376    361365504
      176448          512         397.921    180682752    722731008
      176448         1024         782.013    361365504   1445462016
      176448         2048        1544.952    722731008   2890924032
      176448         4096        3062.010   1445462016   5781848064
      193920            1           4.768       387840      1551360
      193920            2           5.007       775680      3102720
      193920            4           7.868      1551360      6205440
      193920            8          10.014      3102720     12410880
      193920           16          20.027      6205440     24821760
      193920           32          40.054     12410880     49643520
      193920           64          68.188     24821760     99287040
      193920          128         113.964     49643520    198574080
      193920          256         257.969     99287040    397148160
      193920          512         444.889    198574080    794296320
      193920         1024         884.056    397148160   1588592640
      193920         2048        1775.026    794296320   3177185280
      193920         4096        3511.906   1588592640   6354370560
      213312            1           5.007       426624      1706496
      213312            2          18.120       853248      3412992
      213312            4           7.153      1706496      6825984
      213312            8          11.921      3412992     13651968
      213312           16          21.935      6825984     27303936
      213312           32          62.943     13651968     54607872
      213312           64          63.896     27303936    109215744
      213312          128         119.925     54607872    218431488
      213312          256         231.981    109215744    436862976
      213312          512         457.048    218431488    873725952
      213312         1024         921.965    436862976   1747451904
      213312         2048        1856.089    873725952   3494903808
      213312         4096        3676.891   1747451904   6989807616
      234624            1           5.007       469248      1876992
      234624            2           7.153       938496      3753984
      234624            4          19.073      1876992      7507968
      234624            8          12.159      3753984     15015936
      234624           16          21.935      7507968     30031872
      234624           32          43.869     15015936     60063744
      234624           64          74.863     30031872    120127488
      234624          128         130.892     60063744    240254976
      234624          256         293.016    120127488    480509952
      234624          512         507.116    240254976    961019904
      234624         1024        1014.948    480509952   1922039808
      234624         2048        2017.021    961019904   3844079616
      234624         4096        4060.030   1922039808   7688159232
      258048            1           5.007       516096      2064384
      258048            2           5.960      1032192      4128768
      258048            4           5.960      2064384      8257536
      258048            8          14.782      4128768     16515072
      258048           16          21.935      8257536     33030144
      258048           32          41.008     16515072     66060288
      258048           64          72.956     33030144    132120576
      258048          128         138.044     66060288    264241152
      258048          256         283.003    132120576    528482304
      258048          512         548.840    264241152   1056964608
      258048         1024        1075.029    528482304   2113929216
      258048         2048        2143.145   1056964608   4227858432
      258048         4096        4276.991   2113929216   8455716864
      283776            1           5.007       567552      2270208
      283776            2          33.855      1135104      4540416
      283776            4           7.153      2270208      9080832
      283776            8          13.113      4540416     18161664
      283776           16          27.895      9080832     36323328
      283776           32          48.876     18161664     72646656
      283776           64          82.016     36323328    145293312
      283776          128         155.926     72646656    290586624
      283776          256         313.997    145293312    581173248
      283776          512         614.882    290586624   1162346496
      283776         1024        1209.974    581173248   2324692992
      283776         2048        2413.988   1162346496   4649385984
      312000            1           5.960       624000      2496000
      312000            2          18.120      1248000      4992000
      312000            4          17.881      2496000      9984000
      312000            8          15.020      4992000     19968000
      312000           16          31.948      9984000     39936000
      312000           32          55.790     19968000     79872000
      312000           64          88.930     39936000    159744000
      312000          128         172.138     79872000    319488000
      312000          256         338.078    159744000    638976000
      312000          512         684.023    319488000   1277952000
      312000         1024        1346.827    638976000   2555904000
      312000         2048        2691.984   1277952000   5111808000
      343104            1           7.153       686208      2744832
      343104            2          17.881      1372416      5489664
      343104            4           8.106      2744832     10979328
      343104            8          16.928      5489664     21958656
      343104           16          33.140     10979328     43917312
      343104           32          77.009     21958656     87834624
      343104           64          99.897     43917312    175669248
      343104          128         191.927     87834624    351338496
      343104          256         376.940    175669248    702676992
      343104          512         761.986    351338496   1405353984
      343104         1024        1515.865    702676992   2810707968
      343104         2048        3012.896   1405353984   5621415936
      377280            1           6.914       754560      3018240
      377280            2          19.073      1509120      6036480
      377280            4           9.060      3018240     12072960
      377280            8          17.881      6036480     24145920
      377280           16          36.001     12072960     48291840
      377280           32          62.943     24145920     96583680
      377280           64         107.050     48291840    193167360
      377280          128         210.047     96583680    386334720
      377280          256         423.908    193167360    772669440
      377280          512         811.100    386334720   1545338880
      377280         1024        1636.982    772669440   3090677760
      377280         2048        3255.844   1545338880   6181355520
      414912            1           6.914       829824      3319296
      414912            2          20.027      1659648      6638592
      414912            4          10.967      3319296     13277184
      414912            8          19.073      6638592     26554368
      414912           16          39.101     13277184     53108736
      414912           32          69.141     26554368    106217472
      414912           64         118.017     53108736    212434944
      414912          128         236.988    106217472    424869888
      414912          256         463.963    212434944    849739776
      414912          512         904.083    424869888   1699479552
      414912         1024        1788.139    849739776   3398959104
      414912         2048        3592.014   1699479552   6797918208
      456384            1           8.106       912768      3651072
      456384            2          27.895      1825536      7302144
      456384            4          14.067      3651072     14604288
      456384            8          21.935      7302144     29208576
      456384           16          37.909     14604288     58417152
      456384           32          69.857     29208576    116834304
      456384           64         124.931     58417152    233668608
      456384          128         275.135    116834304    467337216
      456384          256         482.082    233668608    934674432
      456384          512         972.033    467337216   1869348864
      456384         1024        1929.998    934674432   3738697728
      456384         2048        3855.944   1869348864   7477395456
      501888            1           8.106      1003776      4015104
      501888            2           9.060      2007552      8030208
      501888            4          13.113      4015104     16060416
      501888            8          22.173      8030208     32120832
      501888           16          44.107     16060416     64241664
      501888           32          76.056     32120832    128483328
      501888           64         139.952     64241664    256966656
      501888          128         295.877    128483328    513933312
      501888          256         538.826    256966656   1027866624
      501888          512        1079.798    513933312   2055733248
      501888         1024        2151.966   1027866624   4111466496
      501888         2048        4309.893   2055733248   8222932992
      552000            1           8.821      1104000      4416000
      552000            2          10.014      2208000      8832000
      552000            4          11.921      4416000     17664000
      552000            8          22.888      8832000     35328000
      552000           16          44.823     17664000     70656000
      552000           32          80.824     35328000    141312000
      552000           64         151.873     70656000    282624000
      552000          128         319.004    141312000    565248000
      552000          256         596.046    282624000   1130496000
      552000          512        1188.040    565248000   2260992000
      552000         1024        2379.894   1130496000   4521984000
      607104            1          10.014      1214208      4856832
      607104            2          20.981      2428416      9713664
      607104            4          15.020      4856832     19427328
      607104            8          26.941      9713664     38854656
      607104           16          51.022     19427328     77709312
      607104           32          85.831     38854656    155418624
      607104           64         164.986     77709312    310837248
      607104          128         342.131    155418624    621674496
      607104          256         638.008    310837248   1243348992
      607104          512        1296.043    621674496   2486697984
      607104         1024        2564.192   1243348992   4973395968
      667776            1          10.014      1335552      5342208
      667776            2          20.981      2671104     10684416
      667776            4          16.928      5342208     21368832
      667776            8          48.876     10684416     42737664
      667776           16          56.028     21368832     85475328
      667776           32          92.983     42737664    170950656
      667776           64         178.814     85475328    341901312
      667776          128         363.827    170950656    683802624
      667776          256         711.918    341901312   1367605248
      667776          512        1399.994    683802624   2735210496
      667776         1024        2809.048   1367605248   5470420992
      734400            1          10.967      1468800      5875200
      734400            2           8.106      2937600     11750400
      734400            4          16.928      5875200     23500800
      734400            8          31.233     11750400     47001600
      734400           16          80.109     23500800     94003200
      734400           32         102.997     47001600    188006400
      734400           64         199.795     94003200    376012800
      734400          128         396.967    188006400    752025600
      734400          256         790.119    376012800   1504051200
      734400          512        1575.947    752025600   3008102400
      734400         1024        3122.091   1504051200   6016204800
      807744            1          11.921      1615488      6461952
      807744            2          23.127      3230976     12923904
      807744            4          19.789      6461952     25847808
      807744            8          36.001     12923904     51695616
      807744           16          64.850     25847808    103391232
      807744           32         111.818     51695616    206782464
      807744           64         229.836    103391232    413564928
      807744          128         448.942    206782464    827129856
      807744          256         862.122    413564928   1654259712
      807744          512        1702.070    827129856   3308519424
      807744         1024        3422.022   1654259712   6617038848
      888384            1          15.974      1776768      7107072
      888384            2          18.835      3553536     14214144
      888384            4          20.981      7107072     28428288
      888384            8          39.816     14214144     56856576
      888384           16          71.049     28428288    113713152
      888384           32         122.070     56856576    227426304
      888384           64         275.135    113713152    454852608
      888384          128         468.969    227426304    909705216
      888384          256         940.084    454852608   1819410432
      888384          512        1866.102    909705216   3638820864
      888384         1024        3725.052   1819410432   7277641728
      977088            1          12.875      1954176      7816704
      977088            2          21.935      3908352     15633408
      977088            4          21.935      7816704     31266816
      977088            8          42.915     15633408     62533632
      977088           16          77.009     31266816    125067264
      977088           32         132.799     62533632    250134528
      977088           64         261.068    125067264    500269056
      977088          128         530.005    250134528   1000538112
      977088          256        1034.975    500269056   2001076224
      977088          512        2058.983   1000538112   4002152448
      977088         1024        4112.005   2001076224   8004304896
     1074624            1          13.828      2149248      8596992
     1074624            2          11.921      4298496     17193984
     1074624            4          24.080      8596992     34387968
     1074624            8          46.015     17193984     68775936
     1074624           16          81.778     34387968    137551872
     1074624           32         146.151     68775936    275103744
     1074624           64         283.003    137551872    550207488
     1074624          128         576.019    275103744   1100414976
     1074624          256        1127.958    550207488   2200829952
     1074624          512        2248.049   1100414976   4401659904
     1181952            1          15.020      2363904      9455616
     1181952            2          23.127      4727808     18911232
     1181952            4          24.080      9455616     37822464
     1181952            8          44.823     18911232     75644928
     1181952           16          83.923     37822464    151289856
     1181952           32         159.025     75644928    302579712
     1181952           64         329.018    151289856    605159424
     1181952          128         613.928    302579712   1210318848
     1181952          256        1250.982    605159424   2420637696
     1181952          512        2462.149   1210318848   4841275392
     1300032            1          17.166      2600064     10400256
     1300032            2          27.895      5200128     20800512
     1300032            4          26.941     10400256     41601024
     1300032            8          51.975     20800512     83202048
     1300032           16         111.103     41601024    166404096
     1300032           32         174.999     83202048    332808192
     1300032           64         343.800    166404096    665616384
     1300032          128         692.844    332808192   1331232768
     1300032          256        1363.993    665616384   2662465536
     1300032          512        2737.045   1331232768   5324931072
     1430016            1          29.087      2860032     11440128
     1430016            2          15.020      5720064     22880256
     1430016            4          30.041     11440128     45760512
     1430016            8          56.982     22880256     91521024
     1430016           16          98.944     45760512    183042048
     1430016           32         190.020     91521024    366084096
     1430016           64         391.960    183042048    732168192
     1430016          128         755.072    366084096   1464336384
     1430016          256        1488.924    732168192   2928672768
     1430016          512        2981.901   1464336384   5857345536
     1572864            1          29.087      3145728     12582912
     1572864            2          15.974      6291456     25165824
     1572864            4          31.948     12582912     50331648
     1572864            8          61.989     25165824    100663296
     1572864           16         127.077     50331648    201326592
     1572864           32         213.146    100663296    402653184
     1572864           64         407.934    201326592    805306368
     1572864          128         825.167    402653184   1610612736
     1572864          256        1641.035    805306368   3221225472
     1572864          512        3257.990   1610612736   6442450944
     1730112            1          33.140      3460224     13840896
     1730112            2          18.835      6920448     27681792
     1730112            4          35.048     13840896     55363584
     1730112            8          66.996     27681792    110727168
     1730112           16         118.971     55363584    221454336
     1730112           32         248.909    110727168    442908672
     1730112           64         450.850    221454336    885817344
     1730112          128         911.951    442908672   1771634688
     1730112          256        1816.034    885817344   3543269376
     1730112          512        3842.115   1771634688   7086538752
     1903104            1          37.909      3806208     15224832
     1903104            2          25.988      7612416     30449664
     1903104            4          46.015     15224832     60899328
     1903104            8          89.169     30449664    121798656
     1903104           16         176.191     60899328    243597312
     1903104           32         364.065    121798656    487194624
     1903104           64         694.036    243597312    974389248
     1903104          128        1413.822    487194624   1948778496
     1903104          256        2799.988    974389248   3897556992
     1903104          512        5566.835   1948778496   7795113984
     2093376            1          36.001      4186752     16747008
     2093376            2          25.988      8373504     33494016
     2093376            4          41.962     16747008     66988032
     2093376            8          72.956     33494016    133976064
     2093376           16         160.217     66988032    267952128
     2093376           32         275.135    133976064    535904256
     2093376           64         541.925    267952128   1071808512
     2093376          128        1110.792    535904256   2143617024
     2093376          256        2179.146   1071808512   4287234048
     2093376          512        4343.987   2143617024   8574468096
     2302656            1          38.862      4605312     18421248
     2302656            2          24.080      9210624     36842496
     2302656            4          46.015     18421248     73684992
     2302656            8          82.970     36842496    147369984
     2302656           16         173.092     73684992    294739968
     2302656           32         303.984    147369984    589479936
     2302656           64         617.981    294739968   1178959872
     2302656          128        1202.106    589479936   2357919744
     2302656          256        2393.007   1178959872   4715839488
     2532864            1          51.975      5065728     20262912
     2532864            2          25.034     10131456     40525824
     2532864            4          51.022     20262912     81051648
     2532864            8         108.957     40525824    162103296
     2532864           16         183.105     81051648    324206592
     2532864           32         334.024    162103296    648413184
     2532864           64         668.049    324206592   1296826368
     2532864          128        1314.878    648413184   2593652736
     2532864          256        2635.956   1296826368   5187305472
     2786112            1          49.114      5572224     22288896
     2786112            2          26.941     11144448     44577792
     2786112            4          54.121     22288896     89155584
     2786112            8          98.944     44577792    178311168
     2786112           16         185.013     89155584    356622336
     2786112           32         381.947    178311168    713244672
     2786112           64         720.024    356622336   1426489344
     2786112          128        1462.936    713244672   2852978688
     2786112          256        2901.077   1426489344   5705957376
     3064704            1          47.922      6129408     24517632
     3064704            2          30.041     12258816     49035264
     3064704            4          56.982     24517632     98070528
     3064704            8         103.951     49035264    196141056
     3064704           16         202.894     98070528    392282112
     3064704           32         417.948    196141056    784564224
     3064704           64         805.140    392282112   1569128448
     3064704          128        1588.106    784564224   3138256896
     3064704          256        3185.987   1569128448   6276513792
     3371136            1          70.810      6742272     26969088
     3371136            2          33.140     13484544     53938176
     3371136            4          62.227     26969088    107876352
     3371136            8         116.825     53938176    215752704
     3371136           16         221.968    107876352    431505408
     3371136           32         436.783    215752704    863010816
     3371136           64         881.195    431505408   1726021632
     3371136          128        1758.099    863010816   3452043264
     3371136          256        3509.998   1726021632   6904086528
     3708096            1          53.883      7416192     29664768
     3708096            2          36.001     14832384     59329536
     3708096            4          67.949     29664768    118659072
     3708096            8         124.931     59329536    237318144
     3708096           16         246.048    118659072    474636288
     3708096           32         499.010    237318144    949272576
     3708096           64         971.079    474636288   1898545152
     3708096          128        1934.052    949272576   3797090304
     3708096          256        3859.043   1898545152   7594180608
     4078848            1          57.936      8157696     32630784
     4078848            2          39.101     16315392     65261568
     4078848            4          74.863     32630784    130523136
     4078848            8         137.091     65261568    261046272
     4078848           16         267.982    130523136    522092544
     4078848           32         545.979    261046272   1044185088
     4078848           64        1065.969    522092544   2088370176
     4078848          128        2121.925   1044185088   4176740352
     4078848          256        5411.148   2088370176   8353480704
     4486656            1          60.081      8973312     35893248
     4486656            2          41.962     17946624     71786496
     4486656            4          82.970     35893248    143572992
     4486656            8         150.204     71786496    287145984
     4486656           16         310.183    143572992    574291968
     4486656           32         578.880    287145984   1148583936
     4486656           64        1166.105    574291968   2297167872
     4486656          128        2336.979   1148583936   4594335744
     4935168            1          68.188      9870336     39481344
     4935168            2          44.823     19740672     78962688
     4935168            4          88.215     39481344    157925376
     4935168            8         164.032     78962688    315850752
     4935168           16         342.846    157925376    631701504
     4935168           32         635.862    315850752   1263403008
     4935168           64        1299.143    631701504   2526806016
     4935168          128        2553.940   1263403008   5053612032
     5428608            1          68.188     10857216     43428864
     5428608            2          49.829     21714432     86857728
     5428608            4          97.036     43428864    173715456
     5428608            8         200.033     86857728    347430912
     5428608           16         353.098    173715456    694861824
     5428608           32         715.017    347430912   1389723648
     5428608           64        1409.054    694861824   2779447296
     5428608          128        2824.068   1389723648   5558894592
     5971392            1          78.201     11942784     47771136
     5971392            2          55.790     23885568     95542272
     5971392            4         103.951     47771136    191084544
     5971392            8         216.961     95542272    382169088
     5971392           16         388.145    191084544    764338176
     5971392           32         783.920    382169088   1528676352
     5971392           64        1546.144    764338176   3057352704
     5971392          128        3099.918   1528676352   6114705408
     6568512            1         102.997     13137024     52548096
     6568512            2          59.843     26274048    105096192
     6568512            4         114.202     52548096    210192384
     6568512            8         216.961    105096192    420384768
     6568512           16         425.100    210192384    840769536
     6568512           32         860.929    420384768   1681539072
     6568512           64        1713.991    840769536   3363078144
     6568512          128        3422.022   1681539072   6726156288
     7225344            1         112.057     14450688     57802752
     7225344            2          65.088     28901376    115605504
     7225344            4         123.024     57802752    231211008
     7225344            8         236.988    115605504    462422016
     7225344           16         488.997    231211008    924844032
     7225344           32         926.971    462422016   1849688064
     7225344           64        1880.169    924844032   3699376128
     7225344          128        3746.033   1849688064   7398752256
     7947840            1          98.944     15895680     63582720
     7947840            2          70.095     31791360    127165440
     7947840            4         133.991     63582720    254330880
     7947840            8         288.963    127165440    508661760
     7947840           16         513.077    254330880   1017323520
     7947840           32        1035.929    508661760   2034647040
     7947840           64        2063.036   1017323520   4069294080
     7947840          128        4138.947   2034647040   8138588160
     8742528            1         100.851     17485056     69940224
     8742528            2          77.963     34970112    139880448
     8742528            4         146.151     69940224    279760896
     8742528            8         285.864    139880448    559521792
     8742528           16         579.119    279760896   1119043584
     8742528           32        1145.124    559521792   2238087168
     8742528           64        2265.930   1119043584   4476174336
     9616704            1         114.918     19233408     76933632
     9616704            2         102.997     38466816    153867264
     9616704            4         160.933     76933632    307734528
     9616704            8         322.104    153867264    615469056
     9616704           16         636.101    307734528   1230938112
     9616704           32        1247.883    615469056   2461876224
     9616704           64        2490.044   1230938112   4923752448
    10578240            1         144.958     21156480     84625920
    10578240            2          91.076     42312960    169251840
    10578240            4         174.999     84625920    338503680
    10578240            8         356.913    169251840    677007360
    10578240           16         698.090    338503680   1354014720
    10578240           32        1369.953    677007360   2708029440
    10578240           64        2748.013   1354014720   5416058880
    11635968            1         139.952     23271936     93087744
    11635968            2         100.136     46543872    186175488
    11635968            4         221.014     93087744    372350976
    11635968            8         385.046    186175488    744701952
    11635968           16         763.893    372350976   1489403904
    11635968           32        1504.898    744701952   2978807808
    11635968           64        3019.094   1489403904   5957615616
    12799488            1         168.800     25598976    102395904
    12799488            2         110.149     51197952    204791808
    12799488            4         211.000    102395904    409583616
    12799488            8         416.040    204791808    819167232
    12799488           16         838.041    409583616   1638334464
    12799488           32        1668.930    819167232   3276668928
    12799488           64        3315.210   1638334464   6553337856
    14079360            1         164.032     28158720    112634880
    14079360            2         119.925     56317440    225269760
    14079360            4         252.008    112634880    450539520
    14079360            8         455.141    225269760    901079040
    14079360           16         917.912    450539520   1802158080
    14079360           32        1844.883    901079040   3604316160
    14079360           64        3676.891   1802158080   7208632320
    15487296            1         170.946     30974592    123898368
    15487296            2         129.938     61949184    247796736
    15487296            4         252.962    123898368    495593472
    15487296            8         517.845    247796736    991186944
    15487296           16        1011.848    495593472   1982373888
    15487296           32        2012.014    991186944   3964747776
    15487296           64        4023.075   1982373888   7929495552
    17035968            1         191.927     34071936    136287744
    17035968            2         147.104     68143872    272575488
    17035968            4         277.996    136287744    545150976
    17035968            8         574.112    272575488   1090301952
    17035968           16        1110.077    545150976   2180603904
    17035968           32        2216.101   1090301952   4361207808
    18739392            1         235.081     37478784    149915136
    18739392            2         185.013     74957568    299830272
    18739392            4         309.229    149915136    599660544
    18739392            8         629.902    299830272   1199321088
    18739392           16        1226.902    599660544   2398642176
    18739392           32        2439.022   1199321088   4797284352
    20613312            1         245.810     41226624    164906496
    20613312            2         182.867     82453248    329812992
    20613312            4         340.939    164906496    659625984
    20613312            8         691.891    329812992   1319251968
    20613312           16        1363.039    659625984   2638503936
    20613312           32        2739.906   1319251968   5277007872
    22674624            1         228.882     45349248    181396992
    22674624            2         197.887     90698496    362793984
    22674624            4         396.013    181396992    725587968
    22674624            8         756.979    362793984   1451175936
    22674624           16        1498.938    725587968   2902351872
    22674624           32        3014.088   1451175936   5804703744
    24941952            1         226.021     49883904    199535616
    24941952            2         240.088     99767808    399071232
    24941952            4         418.901    199535616    798142464
    24941952            8         850.916    399071232   1596284928
    24941952           16        1686.811    798142464   3192569856
    24941952           32        3360.033   1596284928   6385139712
    27436032            1         196.934     54872064    219488256
    27436032            2         244.141    109744128    438976512
    27436032            4         489.950    219488256    877953024
    27436032            8         936.985    438976512   1755906048
    27436032           16        1870.155    877953024   3511812096
    27436032           32        3713.131   1755906048   7023624192
    30179520            1         196.934     60359040    241436160
    30179520            2         271.082    120718080    482872320
    30179520            4         528.097    241436160    965744640
    30179520            8        1031.160    482872320   1931489280
    30179520           16        2050.877    965744640   3862978560
    30179520           32        4102.945   1931489280   7725957120
    33197376            1         222.921     66394752    265579008
    33197376            2         303.984    132789504    531158016
    33197376            4         589.132    265579008   1062316032
    33197376            8        1157.045    531158016   2124632064
    33197376           16        2310.038   1062316032   4249264128
    33197376           32        4637.003   2124632064   8498528256
    36517056            1         252.008     73034112    292136448
    36517056            2         358.820    146068224    584272896
    36517056            4         631.094    292136448   1168545792
    36517056            8        1288.891    584272896   2337091584
    36517056           16        2541.065   1168545792   4674183168
    40168704            1         299.931     80337408    321349632
    40168704            2         380.039    160674816    642699264
    40168704            4         713.110    321349632   1285398528
    40168704            8        1397.133    642699264   2570797056
    40168704           16        2809.048   1285398528   5141594112
    44185536            1         293.016     88371072    353484288
    44185536            2         443.935    176742144    706968576
    44185536            4         765.085    353484288   1413937152
    44185536            8        1559.019    706968576   2827874304
    44185536           16        3094.912   1413937152   5655748608
    48604032            1         322.104     97208064    388832256
    48604032            2         489.950    194416128    777664512
    48604032            4         874.996    388832256   1555329024
    48604032            8        1742.125    777664512   3110658048
    48604032           16        3448.009   1555329024   6221316096
    53464320            1         371.933    106928640    427714560
    53464320            2         568.151    213857280    855429120
    53464320            4        1008.034    427714560   1710858240
    53464320            8        2025.127    855429120   3421716480
    53464320           16        4137.039   1710858240   6843432960
    58810752            1         424.862    117621504    470486016
    58810752            2         645.876    235243008    940972032
    58810752            4        1214.027    470486016   1881944064
    58810752            8        2496.004    940972032   3763888128
    58810752           16        4985.094   1881944064   7527776256
    64691712            1         473.022    129383424    517533696
    64691712            2         780.106    258766848   1035067392
    64691712            4        1453.161    517533696   2070134784
    64691712            8        2887.011   1035067392   4140269568
    64691712           16        5702.019   2070134784   8280539136
    71160768            1         564.098    142321536    569286144
    71160768            2         938.892    284643072   1138572288
    71160768            4        1717.806    569286144   2277144576
    71160768            8        3367.901   1138572288   4554289152
    78276672            1         640.869    156553344    626213376
    78276672            2        1075.983    313106688   1252426752
    78276672            4        1976.013    626213376   2504853504
    78276672            8        3957.987   1252426752   5009707008
    86104320            1         699.997    172208640    688834560
    86104320            2        1233.101    344417280   1377669120
    86104320            4        2247.095    688834560   2755338240
    86104320            8        4528.999   1377669120   5510676480
    94714752            1         802.994    189429504    757718016
    94714752            2        1466.036    378859008   1515436032
    94714752            4        2648.830    757718016   3030872064
    94714752            8        5279.064   1515436032   6061744128
   104186112            1         910.997    208372224    833488896
   104186112            2        1635.075    416744448   1666977792
   104186112            4        3032.923    833488896   3333955584
   104186112            8        6129.980   1666977792   6667911168
   114604608            1        1024.961    229209216    916836864
   114604608            2        1883.984    458418432   1833673728
   114604608            4        3548.145    916836864   3667347456
   114604608            8        7237.911   1833673728   7334694912
   126064896            1        1133.919    252129792   1008519168
   126064896            2        2134.085    504259584   2017038336
   126064896            4        4095.078   1008519168   4034076672
   126064896            8        8233.070   2017038336   8068153344
   138671232            1        1250.029    277342464   1109369856
   138671232            2        2394.915    554684928   2218739712
   138671232            4        4625.082   1109369856   4437479424
   152538240            1        1427.889    305076480   1220305920
   152538240            2        2753.019    610152960   2440611840
   152538240            4        5280.972   1220305920   4881223680
   167792064            1        1564.980    335584128   1342336512
   167792064            2        3008.127    671168256   2684673024
   167792064            4        5888.939   1342336512   5369346048
   184571136            1        1783.848    369142272   1476569088
   184571136            2        3391.027    738284544   2953138176
   184571136            4        6664.038   1476569088   5906276352
   203028096            1        1976.967    406056192   1624224768
   203028096            2        3772.020    812112384   3248449536
   203028096            4        7416.964   1624224768   6496899072
   223330752            1        2181.053    446661504   1786646016
   223330752            2        4245.043    893323008   3573292032
   223330752            4        8427.858   1786646016   7146584064
   245663808            1        2427.101    491327616   1965310464
   245663808            2        4829.884    982655232   3930620928
   245663808            4        9578.943   1965310464   7861241856
   270230016            1        2669.096    540460032   2161840128
   270230016            2        5280.972   1080920064   4323680256
   297252864            1        3006.935    594505728   2378022912
   297252864            2        5945.206   1189011456   4756045824
   326978112            1        3304.005    653956224   2615824896
   326978112            2        6602.049   1307912448   5231649792
   359675904            1        3638.029    719351808   2877407232
   359675904            2        7175.207   1438703616   5754814464
   395643456            1        4068.851    791286912   3165147648
   395643456            2        8107.185   1582573824   6330295296
   435207744            1        4556.894    870415488   3481661952
   435207744            2        8964.062   1740830976   6963323904
   478728384            1        5001.068    957456768   3829827072
   478728384            2        9934.902   1914913536   7659654144
   526601088            1        5606.890   1053202176   4212808704
   526601088            2       10951.996   2106404352   8425617408
   579261120            1        6094.933   1158522240   4634088960
   637187136            1        6690.979   1274374272   5097497088
   700905792            1        7509.947   1401811584   5607246336
   770996352            1        8195.162   1541992704   6167970816
   848095872            1        8956.909   1696191744   6784766976
   932905344            1       10031.939   1865810688   7463242752
  1026195840            1       11001.110   2052391680   8209566720

META_DATA
FLOPS          64
MPI_PROCS      1
OPENMP_THREADS 24
ERT_VERSION  1.1.0
HOSTNAME  ('deepv.deep', [], ['10.2.8.6'])
UNAME  uname_result(system='Linux', node='deepv', release='4.18.0-372.32.1.el8_6.x86_64', version='#1 SMP Thu Oct 27 15:18:36 UTC 2022', machine='x86_64')
TIMESTAMP_DATA  1673470323.8185437
CONFIG  {'ERT_RESULTS': ['Results.cn.deep.fz-juelich.de.01'], 'ERT_DRIVER': ['driver1'], 'ERT_KERNEL': ['kernel1'], 'ERT_MPI': ['True'], 'ERT_MPI_CFLAGS': ['-I', '/p/deep/software/skylake/Stages/2022/software/psmpi/5.5.0-1-intel-compilers-2021.4.0/include'], 'ERT_MPI_LDFLAGS': ['-L', '/p/deep/software/skylake/Stages/2022/software/psmpi/5.5.0-1-intel-compilers-2021.4.0/lib', '-lmpi'], 'ERT_OPENMP': ['True'], 'ERT_OPENMP_CFLAGS': ['-qopenmp'], 'ERT_OPENMP_LDFLAGS': ['-qopenmp'], 'ERT_FLOPS': ['1,2,4,8,16,64,128'], 'ERT_ALIGN': ['64'], 'ERT_CC': ['icpc'], 'ERT_CFLAGS': ['-O3', '-fno-alias', '-fno-fnalias', '-xCore-AVX512', '-qopt-zmm-usage=high', '-DERT_INTEL'], 'ERT_LD': ['icpc'], 'ERT_LDFLAGS': [], 'ERT_LDLIBS': [], 'ERT_PRECISION': ['FP64'], 'ERT_RUN': ['export', 'OMP_NUM_THREADS=ERT_OPENMP_THREADS;', 'export', 'OMP_PLACES="cores";', 'srun', '-p', 'dp-cn', '-n', 'ERT_MPI_PROCS', '-c', '48', '--ntasks-per-node', '1', 'ERT_CODE'], 'ERT_PROCS_THREADS': ['24'], 'ERT_MPI_PROCS': ['1'], 'ERT_OPENMP_THREADS': ['24'], 'ERT_NUM_EXPERIMENTS': ['5'], 'ERT_MEMORY_MAX': ['1073741824'], 'ERT_WORKING_SET_MIN': ['128'], 'ERT_TRIALS_MIN': ['1'], 'ERT_GNUPLOT': ['gnuplot'], 'ERT_GPU': [False], 'ERT_HIP': [False], 'ERT_OCL': [False], 'ERT_SYCL': [False], 'ERT_WSS_MULT': [1.1]}
