fp64
 24576 32768 390.053 391.006 392.914 4099.14825127127 4119.150949090295 4129.215096409975 512.3935314089088 514.8938686362869 516.1518870512468
 26880 32768 433.922 455.856 457.764 3848.2879387632056 3864.3950721280407 4059.7335004908714 481.0359923454007 483.0493840160051 507.4666875613589
 29568 32768 468.016 478.983 488.043 3970.4871251098775 4045.5891921007633 4140.389320023247 496.3108906387347 505.6986490125954 517.5486650029059
 32448 32768 533.819 544.071 621.796 3419.9514438819156 3908.519527782219 3983.5826900129073 427.49393048523945 488.5649409727774 497.9478362516134
 35520 16384 312.09 319.958 427.008 2725.755395683453 3637.7254514655046 3729.434970681534 340.71942446043164 454.7156814331881 466.1793713351918
 38976 16384 287.056 288.01 303.03 4214.65058905059 4434.448692753724 4449.186110027312 526.8313236313237 554.3060865942155 556.148263753414
 42816 16384 308.037 324.011 327.11 4289.060829690317 4330.083509510479 4554.630411281762 536.1326037112897 541.2604386888099 569.3288014102202
 47040 16384 355.005 383.854 429.869 3585.7591964063463 4015.6067671562623 4341.929606625259 448.2198995507933 501.9508458945328 542.7412008281574
 51648 16384 360.012 361.919 406.981 4158.429174826343 4676.189047825618 4700.959034698843 519.8036468532929 584.5236309782023 587.6198793373554
 56640 16384 391.006 415.087 429.869 4317.546787509683 4471.3024498478635 4746.677851490771 539.6933484387104 558.9128062309829 593.3347314363464
 62208 16384 416.994 434.16 440.121 4631.525748600953 4695.116417910447 4888.395861810961 578.9407185751191 586.8895522388059 611.0494827263701
 68352 8192 229.836 247.002 248.909 4499.150966819198 4533.887045449024 4872.514175325015 562.3938708523998 566.735880681128 609.0642719156268
 75072 8192 243.902 266.075 338.078 3638.1534675429934 4622.680251808701 5042.925634066141 454.7691834428742 577.8350314760876 630.3657042582677
 82560 8192 264.883 270.128 288.963 4681.094257742339 5007.48919030978 5106.6434614527925 585.1367822177924 625.9361487887224 638.3304326815991
 90816 8192 293.97 302.076 317.097 4692.347590800292 4925.678782822865 5061.500642922748 586.5434488500365 615.7098478528582 632.6875803653435
 99840 8192 313.044 319.958 338.078 4838.464969622396 5112.479012870439 5225.395024341627 604.8081212027995 639.0598766088049 653.1743780427033
 109824 8192 373.125 386.953 392.914 4579.517186967122 4650.0645194636045 4822.395754773869 572.4396483708903 581.2580649329506 602.7994693467336
 120768 8192 412.941 427.008 432.014 4580.089793386326 4633.784172661871 4791.635880186274 572.5112241732908 579.2230215827338 598.9544850232843
 132672 4096 221.014 226.021 259.161 4193.721370113559 4808.6196592352035 4917.557367406589 524.2151712641949 601.0774574044004 614.6946709258236
 145920 4096 236.034 240.088 267.029 4476.579847132709 4978.910399520177 5064.42563359516 559.5724808915886 622.3637999400221 633.053204199395
 160512 4096 257.969 259.161 278.95 4713.799261516401 5073.735261092525 5097.1795215704215 589.2249076895502 634.2169076365657 637.1474401963027
 176448 4096 279.903 285.149 300.169 4815.493991717999 5069.14636207737 5164.153353125904 601.9367489647499 633.6432952596713 645.519169140738
 193920 4096 327.11 341.177 352.144 4511.201781089554 4656.212581739097 4856.447800434104 563.9002226361943 582.0265727173871 607.055975054263
 213312 4096 349.045 352.144 366.926 4762.409597575533 4962.32195919851 5006.379991118623 595.3011996969416 620.2902448998137 625.7974988898279
 234624 4096 377.893 393.152 393.867 4879.920907311352 4888.795702425526 5086.201141592991 609.990113413919 611.0994628031907 635.7751426991239
 258048 4096 407.934 409.842 429.869 4917.612612214418 5157.9126004655445 5182.037329568017 614.7015765268022 644.7390750581931 647.7546661960022
 283776 2048 226.021 228.167 247.955 4687.731628722954 5094.2796109866895 5142.6482318014705 585.9664535903693 636.7849513733362 642.8310289751838
 312000 2048 253.201 255.823 272.989 4681.331482220896 4995.453888039777 5047.183857883658 585.166435277612 624.4317360049721 630.8979822354572
 343104 2048 272.989 286.818 293.97 4780.603408511072 4899.81097420664 5148.024220756149 597.575426063884 612.47637177583 643.5030275945186
 377280 2048 297.07 298.977 315.905 4891.783542520696 5168.755054736653 5201.935166795705 611.472942815087 646.0943818420816 650.2418958494632
 414912 2048 332.832 334.024 350.952 4842.484305546057 5087.896534380763 5106.118257859821 605.3105381932571 635.9870667975954 638.2647822324776
 456384 2048 361.919 378.847 381.947 4894.262460498446 4934.310853721951 5165.102865558316 611.7828075623057 616.7888567152439 645.6378581947895
 501888 2048 402.927 419.14 423.193 4857.673090055838 4904.64581762657 5101.999240557222 607.2091362569797 613.0807272033212 637.7499050696528
 552000 1024 223.16 226.974 246.048 4594.61568474444 4980.729070289989 5065.854095716078 574.326960593055 622.5911337862486 633.2317619645097
 607104 1024 244.856 267.029 357.866 3474.3423292517314 4656.232064682114 5077.878393831476 434.2927911564664 582.0290080852642 634.7347992289345
 667776 1024 266.075 269.89 288.963 4732.80401989182 5067.269065174701 5139.923886122334 591.6005024864775 633.4086331468376 642.4904857652917
 734400 1024 295.162 297.07 314.951 4775.508571174563 5062.952166156125 5095.680338254925 596.9385713968204 632.8690207695156 636.9600422818656
 807744 1024 350.952 357.151 380.993 4341.968781578665 4631.821588067792 4713.635232168502 542.7460976973331 578.977698508474 589.2044040210627
 888384 1024 761.986 771.999 773.191 2353.118999057154 2356.75231703668 2387.721601184274 294.1398748821442 294.594039629585 298.4652001480342
 977088 1024 839.949 848.055 849.009 2356.955254891291 2359.6066575870673 2382.3782443934097 294.6194068614114 294.9508321983834 297.7972805491762
 1074624 512 466.108 484.943 504.971 2179.1646965865366 2269.1635429318494 2360.8583761703294 272.3955870733171 283.6454428664812 295.1072970212912
 1181952 512 507.116 507.116 536.919 2254.1926212333706 2386.6706000205086 2386.6706000205086 281.7740776541713 298.3338250025636 298.3338250025636
 1300032 512 557.899 571.012 583.887 2279.9493189606897 2331.35690318242 2386.153708825432 284.9936648700862 291.4196128978025 298.269213603179
 1430016 512 612.02 612.02 626.087 2338.8704509117742 2392.6283193359695 2392.6283193359695 292.3588063639718 299.0785399169962 299.0785399169962
 1572864 512 673.056 691.175 699.043 2304.0252688318174 2330.253171772706 2392.984738268435 288.00315860397717 291.28164647158826 299.1230922835544
 1730112 512 738.859 741.959 766.039 2312.721268760468 2387.779766806522 2397.7980751401824 289.0901585950585 298.4724708508152 299.7247593925228
 1903104 512 813.007 827.789 839.949 2320.115264141037 2354.1971396092486 2397.0008819112263 290.01440801762965 294.27464245115607 299.6251102389033
 2093376 512 892.878 908.136 935.078 2292.44728675041 2360.4581516424855 2400.7949843091665 286.55591084380126 295.0572689553107 300.0993730386458
 2302656 256 494.003 515.938 524.998 2245.646406272024 2285.080517426513 2386.543952162234 280.705800784003 285.6350646783141 298.31799402027923
 2532864 256 541.925 549.078 569.105 2278.7119564930904 2361.8254018554744 2392.9997102920147 284.8389945616363 295.2281752319343 299.12496378650184
 2786112 256 596.046 610.113 620.842 2297.6688819377555 2338.0740026847484 2393.2537824261885 287.20861024221944 292.25925033559355 299.15672280327357
 3064704 256 655.89 655.89 670.91 2338.8061707233464 2392.3652563692085 2392.3652563692085 292.3507713404183 299.04565704615106 299.04565704615106
 3371136 256 720.024 735.998 741.005 2329.2982260578538 2345.1444596316833 2397.1723609213027 291.1622782572317 293.1430574539604 299.64654511516284
 3708096 256 797.987 811.1 813.007 2335.2137829071585 2340.7041696461597 2379.1680215341853 291.9017228633948 292.58802120576996 297.39600269177316
 4078848 256 883.102 887.871 898.838 2323.411088538758 2352.1099078582365 2364.811965095765 290.42638606734477 294.01373848227956 295.60149563697064
 4486656 128 481.844 509.024 512.838 2239.662302715478 2256.4435782988626 2383.7257203576264 279.95778783943473 282.0554472873578 297.9657150447033
 4935168 128 528.812 546.932 550.985 2292.989841828725 2309.9818770889256 2389.1345279607876 286.6237302285906 288.7477346361157 298.64181599509845
 5428608 128 581.026 581.98 604.153 2300.2842789823103 2387.923378810268 2391.8441653213454 287.5355348727888 298.4904223512835 298.98052066516817
 5971392 128 653.982 654.936 660.896 2313.0361690795526 2334.0850892300923 2337.4899492646587 289.12952113494407 291.76063615376154 292.18624365808233
 6568512 128 702.143 715.971 739.813 2272.9244714542733 2348.6133823855994 2394.8669601491433 284.11555893178416 293.5766727981999 299.3583700186429
 7225344 128 771.046 787.02 788.927 2344.561745256532 2350.2427689258216 2398.933479973957 293.0702181570665 293.7803461157277 299.86668499674465
 7947840 128 848.055 864.029 867.844 2344.484769152059 2354.83651590398 2399.192316536074 293.0605961440074 294.3545644879975 299.89903956700925
 8742528 64 468.969 477.076 493.05 2269.635095832066 2345.6295936077267 2386.178156765159 283.70438697900823 293.20369920096584 298.2722695956449
 9616704 64 517.845 533.104 535.011 2300.771595350376 2309.0018307872383 2377.0396778958952 287.596449418797 288.6252288484048 297.1299597369869
 10578240 64 566.006 567.913 584.841 2315.1843321518154 2384.1939170260234 2392.2267961823727 289.3980415189769 298.02423962825293 299.0283495227966
 11635968 64 622.034 640.154 648.975 2295.009675257136 2326.633753753003 2394.409154483517 286.876209407142 290.8292192191254 299.3011443104396
 12799488 64 684.977 700.951 710.011 2307.477579924818 2337.302413435461 2391.8094534561014 288.4346974906023 292.1628016794326 298.9761816820127
 14079360 64 753.88 768.9 949.86 1897.2881056155645 2343.8133437378074 2390.510532180188 237.16101320194556 292.9766679672259 298.8138165225235
 15487296 64 832.081 883.818 1049.995 1887.9841218291515 2242.9661853458515 2382.4289798709497 235.99801522864394 280.37077316823144 297.8036224838687
 17035968 32 480.175 486.135 581.98 1873.4354307708165 2242.7966552500848 2270.6345644816993 234.17942884635207 280.3495819062606 283.8293205602124
 18739392 32 522.137 542.879 642.061 1867.9239013115575 2209.186739586538 2296.9471383947125 233.4904876639447 276.14834244831724 287.11839229933906
 20613312 32 588.894 661.135 715.971 1842.6053122263334 1995.4350745309205 2240.21974752672 230.32566402829167 249.42938431636506 280.02746844084
 22674624 32 679.016 795.126 849.962 1707.3421352954604 1825.089276416568 2137.174876586119 213.41776691193255 228.136159552071 267.14685957326486
 24941952 32 790.834 905.991 1069.784 1492.1562932330264 1761.9213965701647 2018.4829281492705 186.5195366541283 220.2401745712706 252.3103660186588
 27436032 32 1014.948 1405.001 1461.983 1201.0440942199737 1249.7543048012067 1730.0453304011635 150.1305117774967 156.21928810015083 216.25566630014544
 30179520 32 1338.005 1375.914 1899.958 1016.5957773803422 1403.786341297494 1443.5590898389767 127.07447217254277 175.47329266218674 180.44488622987208
 33197376 32 1835.108 1843.929 2292.871 926.6252065641721 1152.2309503240092 1157.7694958552847 115.82815082052151 144.02886879050115 144.7211869819106
 36517056 16 1139.164 1143.932 1145.124 1020.4534984857535 1021.5168314200494 1025.7924161929275 127.55668731071918 127.68960392750617 128.22405202411593
 40168704 16 1307.011 1310.11 1321.077 972.9928898921108 981.1378647594477 983.4642003778085 121.62411123651385 122.64223309493096 122.93302504722607
 44185536 16 1466.99 1470.804 1482.01 954.0672141213622 961.3362161103722 963.8355762479634 119.25840176517028 120.16702701379653 120.47944703099543
 48604032 16 1636.028 1676.083 2740.86 567.4602219741249 927.9546561834944 950.6738417679892 70.93252774676562 115.9943320229368 118.83423022099865
 53464320 16 1915.932 1991.987 2125.025 805.1002882319032 858.870183389751 892.9639674059414 100.6375360289879 107.35877292371887 111.62049592574267
 58810752 16 2362.013 2424.955 2650.976 709.9061115604214 776.0738092047069 796.7543209965398 88.73826394505268 97.00922615058836 99.59429012456748
 64691712 16 2857.924 3103.018 3578.901 578.4275072152038 667.1359250897029 724.3491373458496 72.30343840190048 83.39199063621287 90.5436421682312
 71160768 8 1959.085 2100.945 2490.997 457.07493345034135 541.9334099655155 581.1755426640498 57.13436668129267 67.74167624568943 72.64694283300622
 78276672 8 2560.854 2707.958 3142.118 398.5931629556879 462.4985882351204 489.0660506221753 49.824145369460986 57.81232352939005 61.13325632777191
 86104320 8 3283.024 3376.961 3762.96 366.1131449709803 407.96121720090935 419.6341909166671 45.764143121372534 50.99515215011367 52.454273864583385
 94714752 8 4071.951 4179.001 4419.804 342.8740351382097 362.6311723782789 372.1646041418475 42.85925439227621 45.32889654728486 46.52057551773094
 104186112 8 4981.041 5035.162 5229.95 318.73685063910744 331.06736029545823 334.66453940049877 39.84210632988843 41.38342003693228 41.833067425062346
 114604608 8 5935.907 5989.075 6248.951 293.43704695396076 306.16977212674743 308.9121389536595 36.679630869245095 38.27122151584343 38.61401736920744
 126064896 8 6937.027 7037.878 7332.802 275.0706122980002 286.5975136255559 290.76408899662636 34.38382653725002 35.82468920319449 36.345511124578294
 138671232 4 4025.936 4083.872 4198.074 264.2568606460963 271.6465785411492 275.5557604492471 33.03210758076204 33.95582231764365 34.444470056155886
 152538240 4 4641.056 4692.078 4820.108 253.1698293897149 260.07792709328356 262.93712465438904 31.64622867371436 32.509740886660445 32.86714058179863
 167792064 4 5296.946 5368.948 5491.972 244.4179453209157 250.01853472970868 253.41706560723856 30.55224316511446 31.252316841213585 31.67713320090482
 184571136 4 6060.123 6118.059 6247.997 236.32679209032912 241.34600336479264 243.65331990786325 29.54084901129114 30.16825042059908 30.456664988482906
 203028096 4 6860.018 6904.84 7156.134 226.9695855331943 235.22989207570342 236.76683763803535 28.371198191649288 29.403736509462927 29.59585470475442
 223330752 4 7722.139 7766.962 8103.132 220.48832673588436 230.0315124497841 231.36672572197935 27.561040841985545 28.75393905622301 28.92084071524742
 245663808 4 8695.841 8768.797 9128.094 215.3034865767158 224.1254375030007 226.00579564414758 26.912935822089477 28.01567968787509 28.250724455518448
 270230016 2 4928.827 5054.951 5158.901 209.52525818968036 213.83393508661112 219.3057423196229 26.190657273710045 26.72924188582639 27.413217789952864
 297252864 2 5528.927 5613.089 5738.974 207.18188582140291 211.8283633129637 215.0528404516826 25.897735727675364 26.47854541412046 26.881605056460327
 326978112 2 6167.173 6201.029 6418.943 203.75822748387077 210.91861495890439 212.0764972865201 25.469778435483846 26.364826869863048 26.509562160815012
 359675904 2 6860.971 6891.012 7161.14 200.90427166624306 208.77972872489556 209.69387802397065 25.113033958280383 26.097466090611945 26.211734752996332
 395643456 2 7632.971 7685.9 8006.096 197.67110261980375 205.90611691539053 207.33392331767016 24.70888782747547 25.738264614423816 25.91674041470877
 435207744 2 8418.083 8594.99 8863.926 196.3950258610011 202.54019795252816 206.79660392989712 24.549378232625138 25.31752474406602 25.84957549123714
 478728384 2 9319.067 9618.044 9831.905 194.76526024203855 199.09594258458375 205.48339613826153 24.34565753025482 24.88699282307297 25.68542451728269
 526601088 2 10417.938 10671.139 10792.017 195.18171181531685 197.39264496507826 202.19014088968473 24.397713976914606 24.674080620634783 25.27376761121059
 579261120 1 5838.871 5916.834 6026.983 192.2225830071198 195.8010381903565 198.4154539464907 24.027822875889974 24.475129773794563 24.801931743311336
 637187136 1 6470.919 6578.922 6659.031 191.37533253712138 193.70563627293348 196.93868397981802 23.921916567140173 24.213204534116684 24.617335497477253
 700905792 1 7192.85 7222.891 7356.882 190.54425285059625 194.0790168368871 194.88958952292901 23.81803160632453 24.259877104610887 24.361198690366127
 770996352 1 7956.982 7960.081 8083.82 190.75049964002167 193.7157051542566 193.79115146923797 23.84381245500271 24.214463144282075 24.223893933654747
 848095872 1 8747.101 8805.037 8899.927 190.58490524697564 192.638797997101 193.91473174941046 23.823113155871955 24.079849749637624 24.239341468676308
 932905344 1 9655.952 9723.186 9797.812 190.43136243071413 191.89293385933377 193.22907653227773 23.803920303839266 23.98661673241672 24.153634566534716
 1026195840 1 10652.065 10753.155 10859.013 189.00351993316517 190.86413987336738 192.67547466148582 23.625439991645646 23.858017484170922 24.084434332685728
 
META_DATA
 FLOPS          2
 MPI_PROCS      1
 OPENMP_THREADS 24
 ERT_VERSION  1.1.0
 HOSTNAME  ('deepv.deep', [], ['10.2.8.6'])
 UNAME  uname_result(system='Linux', node='deepv', release='4.18.0-372.32.1.el8_6.x86_64', version='#1 SMP Thu Oct 27 15:18:36 UTC 2022', machine='x86_64')
 TIMESTAMP_DATA  1673469980.148765
 CONFIG  {'ERT_RESULTS': ['Results.cn.deep.fz-juelich.de.01'], 'ERT_DRIVER': ['driver1'], 'ERT_KERNEL': ['kernel1'], 'ERT_MPI': ['True'], 'ERT_MPI_CFLAGS': ['-I', '/p/deep/software/skylake/Stages/2022/software/psmpi/5.5.0-1-intel-compilers-2021.4.0/include'], 'ERT_MPI_LDFLAGS': ['-L', '/p/deep/software/skylake/Stages/2022/software/psmpi/5.5.0-1-intel-compilers-2021.4.0/lib', '-lmpi'], 'ERT_OPENMP': ['True'], 'ERT_OPENMP_CFLAGS': ['-qopenmp'], 'ERT_OPENMP_LDFLAGS': ['-qopenmp'], 'ERT_FLOPS': ['1,2,4,8,16,64,128'], 'ERT_ALIGN': ['64'], 'ERT_CC': ['icpc'], 'ERT_CFLAGS': ['-O3', '-fno-alias', '-fno-fnalias', '-xCore-AVX512', '-qopt-zmm-usage=high', '-DERT_INTEL'], 'ERT_LD': ['icpc'], 'ERT_LDFLAGS': [], 'ERT_LDLIBS': [], 'ERT_PRECISION': ['FP64'], 'ERT_RUN': ['export', 'OMP_NUM_THREADS=ERT_OPENMP_THREADS;', 'export', 'OMP_PLACES="cores";', 'srun', '-p', 'dp-cn', '-n', 'ERT_MPI_PROCS', '-c', '48', '--ntasks-per-node', '1', 'ERT_CODE'], 'ERT_PROCS_THREADS': ['24'], 'ERT_MPI_PROCS': ['1'], 'ERT_OPENMP_THREADS': ['24'], 'ERT_NUM_EXPERIMENTS': ['5'], 'ERT_MEMORY_MAX': ['1073741824'], 'ERT_WORKING_SET_MIN': ['128'], 'ERT_TRIALS_MIN': ['1'], 'ERT_GNUPLOT': ['gnuplot'], 'ERT_GPU': [False], 'ERT_HIP': [False], 'ERT_OCL': [False], 'ERT_SYCL': [False], 'ERT_WSS_MULT': [1.1]}
 TIMESTAMP_DATA  1673469995.9793773
 TIMESTAMP_DATA  1673470011.9377844
 TIMESTAMP_DATA  1673470027.9600463
 TIMESTAMP_DATA  1673470043.767201
 