fp64
       24576            1           2.861        49152         6144
       24576            2           2.146        98304        12288
       24576            4           1.907       196608        24576
       24576            8           1.907       393216        49152
       24576           16           1.907       786432        98304
       24576           32           1.907      1572864       196608
       24576           64          15.020      3145728       393216
       24576          128          17.881      6291456       786432
       24576          256           6.914     12582912      1572864
       24576          512           9.060     25165824      3145728
       24576         1024          16.928     50331648      6291456
       24576         2048          33.140    100663296     12582912
       24576         4096          51.022    201326592     25165824
       24576         8192         101.089    402653184     50331648
       24576        16384         195.980    805306368    100663296
       24576        32768         390.053   1610612736    201326592
       26880            1           1.907        53760         6720
       26880            2           1.907       107520        13440
       26880            4           2.146       215040        26880
       26880            8           2.146       430080        53760
       26880           16           1.907       860160       107520
       26880           32           1.907      1720320       215040
       26880           64           1.907      3440640       430080
       26880          128           4.053      6881280       860160
       26880          256           7.153     13762560      1720320
       26880          512          13.113     27525120      3440640
       26880         1024          22.888     55050240      6881280
       26880         2048          38.862    110100480     13762560
       26880         4096          60.081    220200960     27525120
       26880         8192         124.931    440401920     55050240
       26880        16384         228.167    880803840    110100480
       26880        32768         457.048   1761607680    220200960
       29568            1           3.099        59136         7392
       29568            2           2.146       118272        14784
       29568            4           1.907       236544        29568
       29568            8           1.907       473088        59136
       29568           16           1.907       946176       118272
       29568           32           1.907      1892352       236544
       29568           64          14.067      3784704       473088
       29568          128          15.020      7569408       946176
       29568          256           9.060     15138816      1892352
       29568          512          15.020     30277632      3784704
       29568         1024          28.133     60555264      7569408
       29568         2048          52.929    121110528     15138816
       29568         4096          83.923    242221056     30277632
       29568         8192         134.945    484442112     60555264
       29568        16384         241.995    968884224    121110528
       29568        32768         468.016   1937768448    242221056
       32448            1           1.907        64896         8112
       32448            2           1.907       129792        16224
       32448            4           2.861       259584        32448
       32448            8           2.146       519168        64896
       32448           16           2.146      1038336       129792
       32448           32          13.113      2076672       259584
       32448           64           2.861      4153344       519168
       32448          128          15.974      8306688      1038336
       32448          256          10.014     16613376      2076672
       32448          512          17.166     33226752      4153344
       32448         1024          31.233     66453504      8306688
       32448         2048          57.936    132907008     16613376
       32448         4096          72.956    265814016     33226752
       32448         8192         159.025    531628032     66453504
       32448        16384         273.943   1063256064    132907008
       32448        32768         551.939   2126512128    265814016
       35520            1           2.861        71040         8880
       35520            2           0.954       142080        17760
       35520            4           0.954       284160        35520
       35520            8           2.146       568320        71040
       35520           16           1.907      1136640       142080
       35520           32           2.861      2273280       284160
       35520           64           3.099      4546560       568320
       35520          128           5.007      9093120      1136640
       35520          256          10.014     18186240      2273280
       35520          512          18.120     36372480      4546560
       35520         1024          34.809     72744960      9093120
       35520         2048          76.056    145489920     18186240
       35520         4096          87.023    290979840     36372480
       35520         8192         179.052    581959680     72744960
       35520        16384         427.008   1163919360    145489920
       38976            1           1.907        77952         9744
       38976            2           2.146       155904        19488
       38976            4           1.907       311808        38976
       38976            8           1.907       623616        77952
       38976           16           1.907      1247232       155904
       38976           32          12.875      2494464       311808
       38976           64           2.861      4988928       623616
       38976          128           6.914      9977856      1247232
       38976          256           9.060     19955712      2494464
       38976          512          15.974     39911424      4988928
       38976         1024          31.948     79822848      9977856
       38976         2048          43.154    159645696     19955712
       38976         4096          77.009    319291392     39911424
       38976         8192         146.866    638582784     79822848
       38976        16384         288.010   1277165568    159645696
       42816            1           2.861        85632        10704
       42816            2           1.907       171264        21408
       42816            4           2.146       342528        42816
       42816            8           1.907       685056        85632
       42816           16          10.014      1370112       171264
       42816           32          13.113      2740224       342528
       42816           64           2.861      5480448       685056
       42816          128           7.153     10960896      1370112
       42816          256          10.967     21921792      2740224
       42816          512          17.881     43843584      5480448
       42816         1024          35.763     87687168     10960896
       42816         2048          46.015    175374336     21921792
       42816         4096          85.115    350748672     43843584
       42816         8192         155.926    701497344     87687168
       42816        16384         326.157   1402994688    175374336
       47040            1           2.861        94080        11760
       47040            2           2.861       188160        23520
       47040            4           4.053       376320        47040
       47040            8           1.907       752640        94080
       47040           16           1.907      1505280       188160
       47040           32           2.861      3010560       376320
       47040           64           4.053      6021120       752640
       47040          128           6.199     12042240      1505280
       47040          256          12.159     24084480      3010560
       47040          512          20.981     48168960      6021120
       47040         1024          32.902     96337920     12042240
       47040         2048          61.989    192675840     24084480
       47040         4096         115.871    385351680     48168960
       47040         8192         204.802    770703360     96337920
       47040        16384         429.869   1541406720    192675840
       51648            1           2.861       103296        12912
       51648            2          12.159       206592        25824
       51648            4           3.099       413184        51648
       51648            8           2.861       826368       103296
       51648           16           2.861      1652736       206592
       51648           32          10.967      3305472       413184
       51648           64           4.053      6610944       826368
       51648          128           5.960     13221888      1652736
       51648          256          10.967     26443776      3305472
       51648          512          20.027     52887552      6610944
       51648         1024          41.008    105775104     13221888
       51648         2048          53.883    211550208     26443776
       51648         4096         116.110    423100416     52887552
       51648         8192         180.960    846200832    105775104
       51648        16384         360.012   1692401664    211550208
       56640            1           2.861       113280        14160
       56640            2           3.099       226560        28320
       56640            4          10.014       453120        56640
       56640            8           2.861       906240       113280
       56640           16           3.099      1812480       226560
       56640           32          31.948      3624960       453120
       56640           64           4.053      7249920       906240
       56640          128           6.914     14499840      1812480
       56640          256          12.875     28999680      3624960
       56640          512          22.173     57999360      7249920
       56640         1024          43.869    115998720     14499840
       56640         2048          54.121    231997440     28999680
       56640         4096         105.858    463994880     57999360
       56640         8192         208.855    927989760    115998720
       56640        16384         415.087   1855979520    231997440
       62208            1           3.099       124416        15552
       62208            2          10.014       248832        31104
       62208            4          13.113       497664        62208
       62208            8          13.113       995328       124416
       62208           16           1.907      1990656       248832
       62208           32          12.875      3981312       497664
       62208           64           5.007      7962624       995328
       62208          128           6.914     15925248      1990656
       62208          256          12.159     31850496      3981312
       62208          512          22.888     63700992      7962624
       62208         1024          41.962    127401984     15925248
       62208         2048          61.989    254803968     31850496
       62208         4096         105.858    509607936     63700992
       62208         8192         211.000   1019215872    127401984
       62208        16384         434.160   2038431744    254803968
       68352            1           4.053       136704        17088
       68352            2           1.907       273408        34176
       68352            4           3.099       546816        68352
       68352            8           2.861      1093632       136704
       68352           16           1.907      2187264       273408
       68352           32          13.113      4374528       546816
       68352           64           5.007      8749056      1093632
       68352          128           8.106     17498112      2187264
       68352          256          13.828     34996224      4374528
       68352          512          27.180     69992448      8749056
       68352         1024          52.214    139984896     17498112
       68352         2048          61.989    279969792     34996224
       68352         4096         116.110    559939584     69992448
       68352         8192         247.955   1119879168    139984896
       75072            1           3.099       150144        18768
       75072            2           3.099       300288        37536
       75072            4           2.861       600576        75072
       75072            8          11.921      1201152       150144
       75072           16           1.907      2402304       300288
       75072           32           3.099      4804608       600576
       75072           64           5.007      9609216      1201152
       75072          128           7.153     19218432      2402304
       75072          256          13.828     38436864      4804608
       75072          512          25.988     76873728      9609216
       75072         1024          51.022    153747456     19218432
       75072         2048          67.949    307494912     38436864
       75072         4096         127.792    614989824     76873728
       75072         8192         266.075   1229979648    153747456
       82560            1           3.099       165120        20640
       82560            2          14.067       330240        41280
       82560            4           1.907       660480        82560
       82560            8          14.067      1320960       165120
       82560           16          11.921      2641920       330240
       82560           32           3.099      5283840       660480
       82560           64           5.007     10567680      1320960
       82560          128          10.014     21135360      2641920
       82560          256          17.166     42270720      5283840
       82560          512          27.895     84541440     10567680
       82560         1024          51.022    169082880     21135360
       82560         2048          75.102    338165760     42270720
       82560         4096         140.905    676331520     84541440
       82560         8192         286.102   1352663040    169082880
       90816            1           4.053       181632        22704
       90816            2          13.113       363264        45408
       90816            4           1.907       726528        90816
       90816            8           2.861      1453056       181632
       90816           16           3.099      2906112       363264
       90816           32           2.861      5812224       726528
       90816           64           5.960     11624448      1453056
       90816          128           9.060     23248896      2906112
       90816          256          15.974     46497792      5812224
       90816          512          33.140     92995584     11624448
       90816         1024          57.936    185991168     23248896
       90816         2048          86.069    371982336     46497792
       90816         4096         152.111    743964672     92995584
       90816         8192         315.905   1487929344    185991168
       99840            1           3.099       199680        24960
       99840            2           2.146       399360        49920
       99840            4           2.861       798720        99840
       99840            8           2.861      1597440       199680
       99840           16           2.861      3194880       399360
       99840           32           4.053      6389760       798720
       99840           64           6.199     12779520      1597440
       99840          128          10.014     25559040      3194880
       99840          256          16.928     51118080      6389760
       99840          512          34.094    102236160     12779520
       99840         1024          59.843    204472320     25559040
       99840         2048          87.023    408944640     51118080
       99840         4096         172.138    817889280    102236160
       99840         8192         338.078   1635778560    204472320
      109824            1           5.007       219648        27456
      109824            2           2.146       439296        54912
      109824            4           3.099       878592       109824
      109824            8           1.907      1757184       219648
      109824           16           2.861      3514368       439296
      109824           32           4.053      7028736       878592
      109824           64           5.960     14057472      1757184
      109824          128          10.967     28114944      3514368
      109824          256          19.073     56229888      7028736
      109824          512          36.955    112459776     14057472
      109824         1024          59.128    224919552     28114944
      109824         2048         103.951    449839104     56229888
      109824         4096         188.112    899678208    112459776
      109824         8192         392.914   1799356416    224919552
      120768            1           4.053       241536        30192
      120768            2           2.146       483072        60384
      120768            4          13.113       966144       120768
      120768            8          11.921      1932288       241536
      120768           16           3.099      3864576       483072
      120768           32           3.815      7729152       966144
      120768           64           7.153     15458304      1932288
      120768          128          11.921     30916608      3864576
      120768          256          21.935     61833216      7729152
      120768          512          36.955    123666432     15458304
      120768         1024          66.996    247332864     30916608
      120768         2048         115.156    494665728     61833216
      120768         4096         226.021    989331456    123666432
      120768         8192         412.941   1978662912    247332864
      132672            1           5.007       265344        33168
      132672            2           1.907       530688        66336
      132672            4           2.146      1061376       132672
      132672            8          11.206      2122752       265344
      132672           16           3.099      4245504       530688
      132672           32           4.053      8491008      1061376
      132672           64           5.960     16982016      2122752
      132672          128          12.875     33964032      4245504
      132672          256          22.173     67928064      8491008
      132672          512          40.054    135856128     16982016
      132672         1024          81.778    271712256     33964032
      132672         2048         123.978    543424512     67928064
      132672         4096         221.968   1086849024    135856128
      145920            1           4.053       291840        36480
      145920            2           2.146       583680        72960
      145920            4           1.907      1167360       145920
      145920            8           2.146      2334720       291840
      145920           16           2.861      4669440       583680
      145920           32           4.053      9338880      1167360
      145920           64           7.868     18677760      2334720
      145920          128          13.113     37355520      4669440
      145920          256          25.034     74711040      9338880
      145920          512          44.107    149422080     18677760
      145920         1024          70.810    298844160     37355520
      145920         2048         149.965    597688320     74711040
      145920         4096         239.849   1195376640    149422080
      160512            1           4.053       321024        40128
      160512            2           1.907       642048        80256
      160512            4           1.907      1284096       160512
      160512            8          12.875      2568192       321024
      160512           16           3.099      5136384       642048
      160512           32           5.007     10272768      1284096
      160512           64           9.060     20545536      2568192
      160512          128          14.067     41091072      5136384
      160512          256          26.941     82182144     10272768
      160512          512          51.975    164364288     20545536
      160512         1024          69.141    328728576     41091072
      160512         2048         159.979    657457152     82182144
      160512         4096         257.969   1314914304    164364288
      176448            1           6.199       352896        44112
      176448            2           2.861       705792        88224
      176448            4           2.146      1411584       176448
      176448            8          13.113      2823168       352896
      176448           16           4.053      5646336       705792
      176448           32           5.007     11292672      1411584
      176448           64           9.060     22585344      2823168
      176448          128          15.020     45170688      5646336
      176448          256          28.849     90341376     11292672
      176448          512          51.975    180682752     22585344
      176448         1024          77.009    361365504     45170688
      176448         2048         153.065    722731008     90341376
      176448         4096         283.957   1445462016    180682752
      193920            1           4.053       387840        48480
      193920            2           1.907       775680        96960
      193920            4          14.067      1551360       193920
      193920            8          12.875      3102720       387840
      193920           16           3.099      6205440       775680
      193920           32           5.007     12410880      1551360
      193920           64           9.060     24821760      3102720
      193920          128          15.974     49643520      6205440
      193920          256          31.948     99287040     12410880
      193920          512          61.035    198574080     24821760
      193920         1024          89.884    397148160     49643520
      193920         2048         196.934    794296320     99287040
      193920         4096         341.177   1588592640    198574080
      213312            1           5.007       426624        53328
      213312            2           2.146       853248       106656
      213312            4          13.113      1706496       213312
      213312            8           2.861      3412992       426624
      213312           16           3.099      6825984       853248
      213312           32           5.007     13651968      1706496
      213312           64          10.967     27303936      3412992
      213312          128          18.120     54607872      6825984
      213312          256          35.048    109215744     13651968
      213312          512          59.843    218431488     27303936
      213312         1024          92.030    436862976     54607872
      213312         2048         213.146    873725952    109215744
      213312         4096         349.998   1747451904    218431488
      234624            1           5.007       469248        58656
      234624            2           2.146       938496       117312
      234624            4           2.146      1876992       234624
      234624            8           1.907      3753984       469248
      234624           16           3.099      7507968       938496
      234624           32           5.960     15015936      1876992
      234624           64          10.014     30031872      3753984
      234624          128          18.120     60063744      7507968
      234624          256          35.048    120127488     15015936
      234624          512          82.016    240254976     30031872
      234624         1024         112.057    480509952     60063744
      234624         2048         191.927    961019904    120127488
      234624         4096         377.893   1922039808    240254976
      258048            1           5.007       516096        64512
      258048            2           3.815      1032192       129024
      258048            4           2.861      2064384       258048
      258048            8           3.099      4128768       516096
      258048           16           3.099      8257536      1032192
      258048           32           7.153     16515072      2064384
      258048           64          11.921     33030144      4128768
      258048          128          20.027     66060288      8257536
      258048          256          36.955    132120576     16515072
      258048          512          63.896    264241152     33030144
      258048         1024         118.017    528482304     66060288
      258048         2048         205.040   1056964608    132120576
      258048         4096         407.934   2113929216    264241152
      283776            1           5.007       567552        70944
      283776            2           1.907      1135104       141888
      283776            4          12.875      2270208       283776
      283776            8           3.099      4540416       567552
      283776           16           2.861      9080832      1135104
      283776           32           7.153     18161664      2270208
      283776           64          12.159     36323328      4540416
      283776          128          20.981     72646656      9080832
      283776          256          39.101    145293312     18161664
      283776          512          66.042    290586624     36323328
      283776         1024         128.031    581173248     72646656
      283776         2048         227.928   1162346496    145293312
      312000            1           5.960       624000        78000
      312000            2           2.146      1248000       156000
      312000            4          14.067      2496000       312000
      312000            8           3.099      4992000       624000
      312000           16           4.053      9984000      1248000
      312000           32           8.106     19968000      2496000
      312000           64          13.828     39936000      4992000
      312000          128          25.034     79872000      9984000
      312000          256          41.962    159744000     19968000
      312000          512          72.956    319488000     39936000
      312000         1024         137.091    638976000     79872000
      312000         2048         253.916   1277952000    159744000
      343104            1           5.007       686208        85776
      343104            2          17.166      1372416       171552
      343104            4          12.875      2744832       343104
      343104            8           3.099      5489664       686208
      343104           16           5.960     10979328      1372416
      343104           32           9.060     21958656      2744832
      343104           64          13.828     43917312      5489664
      343104          128          27.895     87834624     10979328
      343104          256          54.121    175669248     21958656
      343104          512          73.910    351338496     43917312
      343104         1024         144.958    702676992     87834624
      343104         2048         272.989   1405353984    175669248
      377280            1          35.048       754560        94320
      377280            2           1.907      1509120       188640
      377280            4           3.099      3018240       377280
      377280            8           2.861      6036480       754560
      377280           16           5.960     12072960      1509120
      377280           32           7.868     24145920      3018240
      377280           64          16.212     48291840      6036480
      377280          128          32.187     96583680     12072960
      377280          256          54.836    193167360     24145920
      377280          512          81.062    386334720     48291840
      377280         1024         163.078    772669440     96583680
      377280         2048         298.977   1545338880    193167360
      414912            1           6.199       829824       103728
      414912            2          17.881      1659648       207456
      414912            4          12.159      3319296       414912
      414912            8           3.815      6638592       829824
      414912           16           5.960     13277184      1659648
      414912           32          10.014     26554368      3319296
      414912           64          18.120     53108736      6638592
      414912          128          32.902    106217472     13277184
      414912          256          60.081    212434944     26554368
      414912          512          93.937    424869888     53108736
      414912         1024         171.185    849739776    106217472
      414912         2048         334.024   1699479552    212434944
      456384            1           5.960       912768       114096
      456384            2          12.875      1825536       228192
      456384            4          13.113      3651072       456384
      456384            8           3.815      7302144       912768
      456384           16           5.007     14604288      1825536
      456384           32          10.014     29208576      3651072
      456384           64          16.928     58417152      7302144
      456384          128          35.048    116834304     14604288
      456384          256          61.035    233668608     29208576
      456384          512          96.083    467337216     58417152
      456384         1024         184.059    934674432    116834304
      456384         2048         378.847   1869348864    233668608
      501888            1           8.106      1003776       125472
      501888            2          15.020      2007552       250944
      501888            4           3.099      4015104       501888
      501888            8           4.053      8030208      1003776
      501888           16           6.199     16060416      2007552
      501888           32          10.967     32120832      4015104
      501888           64          20.027     64241664      8030208
      501888          128          38.862    128483328     16060416
      501888          256          66.042    256966656     32120832
      501888          512         116.110    513933312     64241664
      501888         1024         203.848   1027866624    128483328
      501888         2048         423.193   2055733248    256966656
      552000            1           9.060      1104000       138000
      552000            2          11.921      2208000       276000
      552000            4           3.099      4416000       552000
      552000            8           4.053      8832000      1104000
      552000           16           5.960     17664000      2208000
      552000           32          12.159     35328000      4416000
      552000           64          20.027     70656000      8832000
      552000          128          41.962    141312000     17664000
      552000          256          69.857    282624000     35328000
      552000          512         128.031    565248000     70656000
      552000         1024         226.974   1130496000    141312000
      607104            1           8.821      1214208       151776
      607104            2           2.861      2428416       303552
      607104            4          15.020      4856832       607104
      607104            8           4.053      9713664      1214208
      607104           16           6.914     19427328      2428416
      607104           32          12.875     38854656      4856832
      607104           64          23.127     77709312      9713664
      607104          128          41.962    155418624     19427328
      607104          256          80.109    310837248     38854656
      607104          512         151.873    621674496     77709312
      607104         1024         357.866   1243348992    155418624
      667776            1           8.821      1335552       166944
      667776            2          12.159      2671104       333888
      667776            4           3.815      5342208       667776
      667776            8           5.007     10684416      1335552
      667776           16           6.914     21368832      2671104
      667776           32          15.020     42737664      5342208
      667776           64          24.080     85475328     10684416
      667776          128          46.015    170950656     21368832
      667776          256          82.016    341901312     42737664
      667776          512         141.859    683802624     85475328
      667776         1024         269.890   1367605248    170950656
      734400            1          26.941      1468800       183600
      734400            2          14.067      2937600       367200
      734400            4           2.861      5875200       734400
      734400            8           5.007     11750400      1468800
      734400           16           7.868     23500800      2937600
      734400           32          15.974     47001600      5875200
      734400           64          30.994     94003200     11750400
      734400          128          53.883    188006400     23500800
      734400          256          82.016    376012800     47001600
      734400          512         157.118    752025600     94003200
      734400         1024         296.831   1504051200    188006400
      807744            1          35.048      1615488       201936
      807744            2           4.053      3230976       403872
      807744            4           5.007      6461952       807744
      807744            8           6.199     12923904      1615488
      807744           16          11.206     25847808      3230976
      807744           32          17.166     51695616      6461952
      807744           64          41.962    103391232     12923904
      807744          128          61.989    206782464     25847808
      807744          256          96.083    413564928     51695616
      807744          512         185.966    827129856    103391232
      807744         1024         357.151   1654259712    206782464
      888384            1          10.967      1776768       222096
      888384            2           4.053      3553536       444192
      888384            4          20.981      7107072       888384
      888384            8           7.868     14214144      1776768
      888384           16          15.974     28428288      3553536
      888384           32          28.133     56856576      7107072
      888384           64          56.028    113713152     14214144
      888384          128         104.904    227426304     28428288
      888384          256         209.093    454852608     56856576
      888384          512         412.941    909705216    113713152
      888384         1024         761.986   1819410432    227426304
      977088            1          11.921      1954176       244272
      977088            2           3.099      3908352       488544
      977088            4           5.960      7816704       977088
      977088            8          10.014     15633408      1954176
      977088           16          17.881     31266816      3908352
      977088           32          30.041     62533632      7816704
      977088           64          62.943    125067264     15633408
      977088          128         122.070    250134528     31266816
      977088          256         230.074    500269056     62533632
      977088          512         462.055   1000538112    125067264
      977088         1024         839.949   2001076224    250134528
     1074624            1          12.875      2149248       268656
     1074624            2          14.067      4298496       537312
     1074624            4           6.199      8596992      1074624
     1074624            8          10.014     17193984      2149248
     1074624           16          19.073     34387968      4298496
     1074624           32          36.001     68775936      8596992
     1074624           64          66.042    137551872     17193984
     1074624          128         144.005    275103744     34387968
     1074624          256         248.909    550207488     68775936
     1074624          512         487.089   1100414976    137551872
     1181952            1          15.020      2363904       295488
     1181952            2          13.828      4727808       590976
     1181952            4           6.199      9455616      1181952
     1181952            8          10.014     18911232      2363904
     1181952           16          20.981     37822464      4727808
     1181952           32          40.054     75644928      9455616
     1181952           64          73.910    151289856     18911232
     1181952          128         147.104    302579712     37822464
     1181952          256         285.149    605159424     75644928
     1181952          512         509.977   1210318848    151289856
     1300032            1          52.929      2600064       325008
     1300032            2           4.053      5200128       650016
     1300032            4           5.960     10400256      1300032
     1300032            8          11.921     20800512      2600064
     1300032           16          20.981     41601024      5200128
     1300032           32          42.915     83202048     10400256
     1300032           64          79.155    166404096     20800512
     1300032          128         149.012    332808192     41601024
     1300032          256         293.016    665616384     83202048
     1300032          512         583.887   1331232768    166404096
     1430016            1          17.166      2860032       357504
     1430016            2          15.020      5720064       715008
     1430016            4           6.914     11440128      1430016
     1430016            8          14.067     22880256      2860032
     1430016           16          24.080     45760512      5720064
     1430016           32          46.968     91521024     11440128
     1430016           64          86.069    183042048     22880256
     1430016          128         167.847    366084096     45760512
     1430016          256         346.184    732168192     91521024
     1430016          512         612.020   1464336384    183042048
     1572864            1          16.928      3145728       393216
     1572864            2          15.020      6291456       786432
     1572864            4           7.868     12582912      1572864
     1572864            8          13.113     25165824      3145728
     1572864           16          25.034     50331648      6291456
     1572864           32          50.068    100663296     12582912
     1572864           64          92.983    201326592     25165824
     1572864          128         183.105    402653184     50331648
     1572864          256         365.019    805306368    100663296
     1572864          512         699.043   1610612736    201326592
     1730112            1          33.855      3460224       432528
     1730112            2           5.007      6920448       865056
     1730112            4           7.868     13840896      1730112
     1730112            8          31.948     27681792      3460224
     1730112           16          27.895     55363584      6920448
     1730112           32          55.075    110727168     13840896
     1730112           64         101.089    221454336     27681792
     1730112          128         189.066    442908672     55363584
     1730112          256         371.933    885817344    110727168
     1730112          512         766.039   1771634688    221454336
     1903104            1          22.173      3806208       475776
     1903104            2           5.007      7612416       951552
     1903104            4           9.060     15224832      1903104
     1903104            8          16.928     30449664      3806208
     1903104           16          30.041     60899328      7612416
     1903104           32          81.062    121798656     15224832
     1903104           64         106.096    243597312     30449664
     1903104          128         221.014    487194624     60899328
     1903104          256         416.994    974389248    121798656
     1903104          512         832.081   1948778496    243597312
     2093376            1          31.948      4186752       523344
     2093376            2           5.960      8373504      1046688
     2093376            4          10.014     16747008      2093376
     2093376            8          37.909     33494016      4186752
     2093376           16          32.902     66988032      8373504
     2093376           32          65.804    133976064     16747008
     2093376           64         117.064    267952128     33494016
     2093376          128         247.955    535904256     66988032
     2093376          256         458.956   1071808512    133976064
     2093376          512         912.905   2143617024    267952128
     2302656            1          37.909      4605312       575664
     2302656            2           6.199      9210624      1151328
     2302656            4          11.206     18421248      2302656
     2302656            8          20.981     36842496      4605312
     2302656           16          36.001     73684992      9210624
     2302656           32          72.002    147369984     18421248
     2302656           64         136.852    294739968     36842496
     2302656          128         270.128    589479936     73684992
     2302656          256         524.998   1178959872    147369984
     2532864            1          37.909      5065728       633216
     2532864            2           5.960     10131456      1266432
     2532864            4          11.921     20262912      2532864
     2532864            8          22.888     40525824      5065728
     2532864           16          41.008     81051648     10131456
     2532864           32          78.201    162103296     20262912
     2532864           64         149.965    324206592     40525824
     2532864          128         303.030    648413184     81051648
     2532864          256         549.078   1296826368    162103296
     2786112            1          39.101      5572224       696528
     2786112            2           6.914     11144448      1393056
     2786112            4          11.921     22288896      2786112
     2786112            8          24.080     44577792      5572224
     2786112           16          45.061     89155584     11144448
     2786112           32          85.115    178311168     22288896
     2786112           64         161.886    356622336     44577792
     2786112          128         322.104    713244672     89155584
     2786112          256         620.842   1426489344    178311168
     3064704            1          52.929      6129408       766176
     3064704            2           6.914     12258816      1532352
     3064704            4          13.113     24517632      3064704
     3064704            8          26.941     49035264      6129408
     3064704           16          48.876     98070528     12258816
     3064704           32          91.791    196141056     24517632
     3064704           64         190.020    392282112     49035264
     3064704          128         330.925    784564224     98070528
     3064704          256         670.195   1569128448    196141056
     3371136            1          46.968      6742272       842784
     3371136            2           8.106     13484544      1685568
     3371136            4          14.067     26969088      3371136
     3371136            8          27.180     53938176      6742272
     3371136           16          52.929    107876352     13484544
     3371136           32         102.043    215752704     26969088
     3371136           64         195.026    431505408     53938176
     3371136          128         386.953    863010816    107876352
     3371136          256         735.044   1726021632    215752704
     3708096            1          53.167      7416192       927024
     3708096            2           9.060     14832384      1854048
     3708096            4          15.974     29664768      3708096
     3708096            8          29.087     59329536      7416192
     3708096           16          56.982    118659072     14832384
     3708096           32         107.050    237318144     29664768
     3708096           64         211.954    474636288     59329536
     3708096          128         429.153    949272576    118659072
     3708096          256         797.987   1898545152    237318144
     4078848            1          52.929      8157696      1019712
     4078848            2           8.821     16315392      2039424
     4078848            4          15.974     32630784      4078848
     4078848            8          30.994     65261568      8157696
     4078848           16          63.896    130523136     16315392
     4078848           32         116.825    261046272     32630784
     4078848           64         232.935    522092544     65261568
     4078848          128         462.055   1044185088    130523136
     4078848          256         893.831   2088370176    261046272
     4486656            1          51.975      8973312      1121664
     4486656            2          10.014     17946624      2243328
     4486656            4          18.835     35893248      4486656
     4486656            8          34.809     71786496      8973312
     4486656           16          67.949    143572992     17946624
     4486656           32         127.077    287145984     35893248
     4486656           64         262.022    574291968     71786496
     4486656          128         509.024   1148583936    143572992
     4935168            1          63.896      9870336      1233792
     4935168            2          10.967     19740672      2467584
     4935168            4          20.981     39481344      4935168
     4935168            8          37.909     78962688      9870336
     4935168           16          74.863    157925376     19740672
     4935168           32         157.118    315850752     39481344
     4935168           64         267.982    631701504     78962688
     4935168          128         529.051   1263403008    157925376
     5428608            1          59.843     10857216      1357152
     5428608            2          11.921     21714432      2714304
     5428608            4          22.888     43428864      5428608
     5428608            8          41.008     86857728     10857216
     5428608           16          82.970    173715456     21714432
     5428608           32         153.065    347430912     43428864
     5428608           64         306.845    694861824     86857728
     5428608          128         604.153   1389723648    173715456
     5971392            1          72.002     11942784      1492848
     5971392            2          11.921     23885568      2985696
     5971392            4          24.080     47771136      5971392
     5971392            8          46.968     95542272     11942784
     5971392           16          88.930    191084544     23885568
     5971392           32         195.026    382169088     47771136
     5971392           64         327.110    764338176     95542272
     5971392          128         660.896   1528676352    191084544
     6568512            1          76.056     13137024      1642128
     6568512            2          14.067     26274048      3284256
     6568512            4          27.895     52548096      6568512
     6568512            8          52.214    105096192     13137024
     6568512           16          97.036    210192384     26274048
     6568512           32         180.960    420384768     52548096
     6568512           64         376.940    840769536    105096192
     6568512          128         702.143   1681539072    210192384
     7225344            1          80.109     14450688      1806336
     7225344            2          15.020     28901376      3612672
     7225344            4          30.041     57802752      7225344
     7225344            8          56.982    115605504     14450688
     7225344           16         106.096    231211008     28901376
     7225344           32         199.080    462422016     57802752
     7225344           64         396.013    924844032    115605504
     7225344          128         788.927   1849688064    231211008
     7947840            1         113.964     15895680      1986960
     7947840            2          15.974     31791360      3973920
     7947840            4          31.948     63582720      7947840
     7947840            8          61.035    127165440     15895680
     7947840           16         113.964    254330880     31791360
     7947840           32         227.213    508661760     63582720
     7947840           64         448.942   1017323520    127165440
     7947840          128         853.062   2034647040    254330880
     8742528            1          95.129     17485056      2185632
     8742528            2          17.881     34970112      4371264
     8742528            4          35.048     69940224      8742528
     8742528            8          66.042    139880448     17485056
     8742528           16         122.070    279760896     34970112
     8742528           32         257.969    559521792     69940224
     8742528           64         493.050   1119043584    139880448
     9616704            1         104.189     19233408      2404176
     9616704            2          19.073     38466816      4808352
     9616704            4          38.147     76933632      9616704
     9616704            8          73.910    153867264     19233408
     9616704           16         133.038    307734528     38466816
     9616704           32         297.070    615469056     76933632
     9616704           64         520.945   1230938112    153867264
    10578240            1         116.110     21156480      2644560
    10578240            2          20.981     42312960      5289120
    10578240            4          41.008     84625920     10578240
    10578240            8         100.851    169251840     21156480
    10578240           16         159.979    338503680     42312960
    10578240           32         292.063    677007360     84625920
    10578240           64         584.841   1354014720    169251840
    11635968            1         128.031     23271936      2908992
    11635968            2          24.080     46543872      5817984
    11635968            4          45.061     93087744     11635968
    11635968            8          86.784    186175488     23271936
    11635968           16         159.979    372350976     46543872
    11635968           32         335.932    744701952     93087744
    11635968           64         640.154   1489403904    186175488
    12799488            1         140.190     25598976      3199872
    12799488            2          25.988     51197952      6399744
    12799488            4          69.857    102395904     12799488
    12799488            8          95.129    204791808     25598976
    12799488           16         174.999    409583616     51197952
    12799488           32         344.992    819167232    102395904
    12799488           64         700.951   1638334464    204791808
    14079360            1         157.118     28158720      3519840
    14079360            2          28.849     56317440      7039680
    14079360            4          55.075    112634880     14079360
    14079360            8         102.997    225269760     28158720
    14079360           16         215.054    450539520     56317440
    14079360           32         380.039    901079040    112634880
    14079360           64         768.900   1802158080    225269760
    15487296            1         169.992     30974592      3871824
    15487296            2          34.094     61949184      7743648
    15487296            4          57.936    123898368     15487296
    15487296            8         113.964    247796736     30974592
    15487296           16         233.173    495593472     61949184
    15487296           32         421.047    991186944    123898368
    15487296           64         969.887   1982373888    247796736
    17035968            1         174.999     34071936      4258992
    17035968            2          45.061     68143872      8517984
    17035968            4          73.195    136287744     17035968
    17035968            8         140.905    272575488     34071936
    17035968           16         301.123    545150976     68143872
    17035968           32         560.999   1090301952    136287744
    18739392            1         196.934     37478784      4684848
    18739392            2          51.975     74957568      9369696
    18739392            4          81.062    149915136     18739392
    18739392            8         185.013    299830272     37478784
    18739392           16         312.090    599660544     74957568
    18739392           32         642.061   1199321088    149915136
    20613312            1         228.882     41226624      5153328
    20613312            2          70.095     82453248     10306656
    20613312            4          89.884    164906496     20613312
    20613312            8         176.907    329812992     41226624
    20613312           16         349.045    659625984     82453248
    20613312           32         705.957   1319251968    164906496
    22674624            1         243.902     45349248      5668656
    22674624            2          78.917     90698496     11337312
    22674624            4          95.129    181396992     22674624
    22674624            8         176.907    362793984     45349248
    22674624           16         351.906    725587968     90698496
    22674624           32         720.024   1451175936    181396992
    24941952            1         206.947     49883904      6235488
    24941952            2          77.963     99767808     12470976
    24941952            4         113.010    199535616     24941952
    24941952            8         235.081    399071232     49883904
    24941952           16         422.955    798142464     99767808
    24941952           32         859.976   1596284928    199535616
    27436032            1         177.145     54872064      6859008
    27436032            2          92.983    109744128     13718016
    27436032            4         164.032    219488256     27436032
    27436032            8         272.036    438976512     54872064
    27436032           16         539.064    877953024    109744128
    27436032           32        1111.984   1755906048    219488256
    30179520            1         180.006     60359040      7544880
    30179520            2         117.064    120718080     15089760
    30179520            4         185.966    241436160     30179520
    30179520            8         370.979    482872320     60359040
    30179520           16         669.956    965744640    120718080
    30179520           32        1375.914   1931489280    241436160
    33197376            1         181.913     66394752      8299344
    33197376            2         142.097    132789504     16598688
    33197376            4         246.048    265579008     33197376
    33197376            8         488.997    531158016     66394752
    33197376           16         929.832   1062316032    132789504
    33197376           32        1843.929   2124632064    265579008
    36517056            1         185.013     73034112      9129264
    36517056            2         164.986    146068224     18258528
    36517056            4         312.090    292136448     36517056
    36517056            8         569.105    584272896     73034112
    36517056           16        1145.124   1168545792    146068224
    40168704            1         221.014     80337408     10042176
    40168704            2         187.159    160674816     20084352
    40168704            4         337.124    321349632     40168704
    40168704            8         669.956    642699264     80337408
    40168704           16        1311.064   1285398528    160674816
    44185536            1         232.935     88371072     11046384
    44185536            2         237.942    176742144     22092768
    44185536            4         389.099    353484288     44185536
    44185536            8         762.224    706968576     88371072
    44185536           16        1482.010   1413937152    176742144
    48604032            1         745.058     97208064     12151008
    48604032            2         264.883    194416128     24302016
    48604032            4         468.969    388832256     48604032
    48604032            8         882.149    777664512     97208064
    48604032           16        1749.992   1555329024    194416128
    53464320            1         282.049    106928640     13366080
    53464320            2         321.150    213857280     26732160
    53464320            4         538.826    427714560     53464320
    53464320            8        1067.162    855429120    106928640
    53464320           16        2083.063   1710858240    213857280
    58810752            1         339.031    117621504     14702688
    58810752            2         447.989    235243008     29405376
    58810752            4         645.876    470486016     58810752
    58810752            8        1333.952    940972032    117621504
    58810752           16        2610.922   1881944064    235243008
    64691712            1         382.900    129383424     16172928
    64691712            2         611.067    258766848     32345856
    64691712            4         987.053    517533696     64691712
    64691712            8        1966.953   1035067392    129383424
    64691712           16        3522.158   2070134784    258766848
    71160768            1         478.983    142321536     17790192
    71160768            2         766.039    284643072     35580384
    71160768            4        1297.951    569286144     71160768
    71160768            8        2490.997   1138572288    142321536
    78276672            1         550.985    156553344     19569168
    78276672            2         942.945    313106688     39138336
    78276672            4        1559.973    626213376     78276672
    78276672            8        3142.118   1252426752    156553344
    86104320            1         590.086    172208640     21526080
    86104320            2        1114.845    344417280     43052160
    86104320            4        1866.817    688834560     86104320
    86104320            8        3762.960   1377669120    172208640
    94714752            1         702.858    189429504     23678688
    94714752            2        1244.068    378859008     47357376
    94714752            4        2234.936    757718016     94714752
    94714752            8        4419.804   1515436032    189429504
   104186112            1         819.921    208372224     26046528
   104186112            2        1488.924    416744448     52093056
   104186112            4        2594.948    833488896    104186112
   104186112            8        5229.950   1666977792    208372224
   114604608            1         920.057    229209216     28651152
   114604608            2        1689.911    458418432     57302304
   114604608            4        3089.190    916836864    114604608
   114604608            8        6248.951   1833673728    229209216
   126064896            1        1037.121    252129792     31516224
   126064896            2        1931.190    504259584     63032448
   126064896            4        3618.956   1008519168    126064896
   126064896            8        7332.802   2017038336    252129792
   138671232            1        1163.006    277342464     34667808
   138671232            2        2203.941    554684928     69335616
   138671232            4        4198.074   1109369856    138671232
   152538240            1        1324.892    305076480     38134560
   152538240            2        2481.222    610152960     76269120
   152538240            4        4820.108   1220305920    152538240
   167792064            1        1502.037    335584128     41948016
   167792064            2        2810.001    671168256     83896032
   167792064            4        5491.972   1342336512    167792064
   184571136            1        1688.957    369142272     46142784
   184571136            2        3232.002    738284544     92285568
   184571136            4        6247.997   1476569088    184571136
   203028096            1        1863.956    406056192     50757024
   203028096            2        3693.819    812112384    101514048
   203028096            4        7156.134   1624224768    203028096
   223330752            1        2091.885    446661504     55832688
   223330752            2        4063.129    893323008    111665376
   223330752            4        8103.132   1786646016    223330752
   245663808            1        2341.032    491327616     61415952
   245663808            2        4626.989    982655232    122831904
   245663808            4        9128.094   1965310464    245663808
   270230016            1        2604.008    540460032     67557504
   270230016            2        5158.901   1080920064    135115008
   297252864            1        2913.952    594505728     74313216
   297252864            2        5707.026   1189011456    148626432
   326978112            1        3289.223    653956224     81744528
   326978112            2        6418.943   1307912448    163489056
   359675904            1        3613.949    719351808     89918976
   359675904            2        7137.060   1438703616    179837952
   395643456            1        4003.048    791286912     98910864
   395643456            2        7882.118   1582573824    197821728
   435207744            1        4395.008    870415488    108801936
   435207744            2        8774.996   1740830976    217603872
   478728384            1        4852.057    957456768    119682096
   478728384            2        9654.045   1914913536    239364192
   526601088            1        5362.988   1053202176    131650272
   526601088            2       10675.907   2106404352    263300544
   579261120            1        5916.834   1158522240    144815280
   637187136            1        6578.922   1274374272    159296784
   700905792            1        7222.891   1401811584    175226448
   770996352            1        7960.081   1541992704    192749088
   848095872            1        8805.037   1696191744    212023968
   932905344            1        9697.199   1865810688    233226336
  1026195840            1       10753.155   2052391680    256548960

META_DATA
FLOPS          2
MPI_PROCS      1
OPENMP_THREADS 24
ERT_VERSION  1.1.0
HOSTNAME  ('deepv.deep', [], ['10.2.8.6'])
UNAME  uname_result(system='Linux', node='deepv', release='4.18.0-372.32.1.el8_6.x86_64', version='#1 SMP Thu Oct 27 15:18:36 UTC 2022', machine='x86_64')
TIMESTAMP_DATA  1673469995.9793773
CONFIG  {'ERT_RESULTS': ['Results.cn.deep.fz-juelich.de.01'], 'ERT_DRIVER': ['driver1'], 'ERT_KERNEL': ['kernel1'], 'ERT_MPI': ['True'], 'ERT_MPI_CFLAGS': ['-I', '/p/deep/software/skylake/Stages/2022/software/psmpi/5.5.0-1-intel-compilers-2021.4.0/include'], 'ERT_MPI_LDFLAGS': ['-L', '/p/deep/software/skylake/Stages/2022/software/psmpi/5.5.0-1-intel-compilers-2021.4.0/lib', '-lmpi'], 'ERT_OPENMP': ['True'], 'ERT_OPENMP_CFLAGS': ['-qopenmp'], 'ERT_OPENMP_LDFLAGS': ['-qopenmp'], 'ERT_FLOPS': ['1,2,4,8,16,64,128'], 'ERT_ALIGN': ['64'], 'ERT_CC': ['icpc'], 'ERT_CFLAGS': ['-O3', '-fno-alias', '-fno-fnalias', '-xCore-AVX512', '-qopt-zmm-usage=high', '-DERT_INTEL'], 'ERT_LD': ['icpc'], 'ERT_LDFLAGS': [], 'ERT_LDLIBS': [], 'ERT_PRECISION': ['FP64'], 'ERT_RUN': ['export', 'OMP_NUM_THREADS=ERT_OPENMP_THREADS;', 'export', 'OMP_PLACES="cores";', 'srun', '-p', 'dp-cn', '-n', 'ERT_MPI_PROCS', '-c', '48', '--ntasks-per-node', '1', 'ERT_CODE'], 'ERT_PROCS_THREADS': ['24'], 'ERT_MPI_PROCS': ['1'], 'ERT_OPENMP_THREADS': ['24'], 'ERT_NUM_EXPERIMENTS': ['5'], 'ERT_MEMORY_MAX': ['1073741824'], 'ERT_WORKING_SET_MIN': ['128'], 'ERT_TRIALS_MIN': ['1'], 'ERT_GNUPLOT': ['gnuplot'], 'ERT_GPU': [False], 'ERT_HIP': [False], 'ERT_OCL': [False], 'ERT_SYCL': [False], 'ERT_WSS_MULT': [1.1]}
