srun: job 501152 queued and waiting for resources
srun: job 501152 has been allocated resources
fp64
       24576            1           2.562        49152        24576
       24576            2          13.457        98304        49152
       24576            4           3.824       196608        98304
       24576            8           4.980       393216       196608
       24576           16           5.105       786432       393216
       24576           32           3.911      1572864       786432
       24576           64           8.602      3145728      1572864
       24576          128          11.766      6291456      3145728
       24576          256          20.520     12582912      6291456
       24576          512          42.636     25165824     12582912
       24576         1024          76.924     50331648     25165824
       24576         2048         127.073    100663296     50331648
       24576         4096         285.214    201326592    100663296
       24576         8192         491.215    402653184    201326592
       24576        16384        1004.105    805306368    402653184
       24576        32768        1963.838   1610612736    805306368
       26880            1           2.633        53760        26880
       26880            2          14.190       107520        53760
       26880            4          15.160       215040       107520
       26880            8           4.453       430080       215040
       26880           16           5.632       860160       430080
       26880           32           5.054      1720320       860160
       26880           64           7.517      3440640      1720320
       26880          128          13.617      6881280      3440640
       26880          256          27.708     13762560      6881280
       26880          512          53.575     27525120     13762560
       26880         1024          74.148     55050240     27525120
       26880         2048         142.596    110100480     55050240
       26880         4096         289.505    220200960    110100480
       26880         8192         572.159    440401920    220200960
       26880        16384        1109.649    880803840    440401920
       26880        32768        2214.449   1761607680    880803840
       29568            1           3.257        59136        29568
       29568            2          16.098       118272        59136
       29568            4          12.596       236544       118272
       29568            8           4.298       473088       236544
       29568           16           4.457       946176       473088
       29568           32           5.892      1892352       946176
       29568           64           8.531      3784704      1892352
       29568          128          15.604      7569408      3784704
       29568          256          30.061     15138816      7569408
       29568          512          55.878     30277632     15138816
       29568         1024          80.027     60555264     30277632
       29568         2048         171.499    121110528     60555264
       29568         4096         310.579    242221056    121110528
       29568         8192         608.193    484442112    242221056
       29568        16384        1200.533    968884224    484442112
       29568        32768        2394.059   1937768448    968884224
       32448            1           1.864        64896        32448
       32448            2          20.636       129792        64896
       32448            4           9.628       259584       129792
       32448            8           8.097       519168       259584
       32448           16           4.843      1038336       519168
       32448           32           7.359      2076672      1038336
       32448           64           9.322      4153344      2076672
       32448          128          18.942      8306688      4153344
       32448          256          32.661     16613376      8306688
       32448          512          54.219     33226752     16613376
       32448         1024          90.547     66453504     33226752
       32448         2048         170.603    132907008     66453504
       32448         4096         360.482    265814016    132907008
       32448         8192         656.905    531628032    265814016
       32448        16384        1333.633   1063256064    531628032
       32448        32768        2634.088   2126512128   1063256064
       35520            1           3.902        71040        35520
       35520            2           4.141       142080        71040
       35520            4           5.024       284160       142080
       35520            8          13.623       568320       284160
       35520           16           5.904      1136640       568320
       35520           32           6.451      2273280      1136640
       35520           64           9.343      4546560      2273280
       35520          128          19.583      9093120      4546560
       35520          256          31.287     18186240      9093120
       35520          512          58.699     36372480     18186240
       35520         1024          95.240     72744960     36372480
       35520         2048         201.073    145489920     72744960
       35520         4096         361.190    290979840    145489920
       35520         8192         729.286    581959680    290979840
       35520        16384        1439.973   1163919360    581959680
       38976            1           4.190        77952        38976
       38976            2           5.707       155904        77952
       38976            4           4.809       311808       155904
       38976            8          11.687       623616       311808
       38976           16           5.857      1247232       623616
       38976           32           7.945      2494464      1247232
       38976           64          10.352      4988928      2494464
       38976          128          20.674      9977856      4988928
       38976          256          38.910     19955712      9977856
       38976          512          55.759     39911424     19955712
       38976         1024         104.697     79822848     39911424
       38976         2048         202.186    159645696     79822848
       38976         4096         418.512    319291392    159645696
       38976         8192         806.509    638582784    319291392
       38976        16384        1592.428   1277165568    638582784
       42816            1           3.347        85632        42816
       42816            2          16.338       171264        85632
       42816            4           3.677       342528       171264
       42816            8           5.087       685056       342528
       42816           16           5.505      1370112       685056
       42816           32           9.076      2740224      1370112
       42816           64          12.464      5480448      2740224
       42816          128          24.756     10960896      5480448
       42816          256          44.285     21921792     10960896
       42816          512          60.481     43843584     21921792
       42816         1024         113.913     87687168     43843584
       42816         2048         228.294    175374336     87687168
       42816         4096         451.979    350748672    175374336
       42816         8192         880.039    701497344    350748672
       42816        16384        1753.886   1402994688    701497344
       47040            1           4.191        94080        47040
       47040            2          14.438       188160        94080
       47040            4           3.103       376320       188160
       47040            8           2.170       752640       376320
       47040           16           6.481      1505280       752640
       47040           32           7.223      3010560      1505280
       47040           64          12.086      6021120      3010560
       47040          128          22.196     12042240      6021120
       47040          256          38.965     24084480     12042240
       47040          512          90.102     48168960     24084480
       47040         1024         123.854     96337920     48168960
       47040         2048         240.484    192675840     96337920
       47040         4096         473.139    385351680    192675840
       47040         8192         955.167    770703360    385351680
       47040        16384        1902.443   1541406720    770703360
       51648            1           4.412       103296        51648
       51648            2           4.176       206592       103296
       51648            4           5.424       413184       206592
       51648            8           1.873       826368       413184
       51648           16           4.916      1652736       826368
       51648           32           7.786      3305472      1652736
       51648           64          13.150      6610944      3305472
       51648          128          28.119     13221888      6610944
       51648          256          48.511     26443776     13221888
       51648          512          69.741     52887552     26443776
       51648         1024         135.296    105775104     52887552
       51648         2048         280.163    211550208    105775104
       51648         4096         519.696    423100416    211550208
       51648         8192        1045.459    846200832    423100416
       51648        16384        2082.686   1692401664    846200832
       56640            1           3.832       113280        56640
       56640            2           3.484       226560       113280
       56640            4          15.212       453120       226560
       56640            8          11.332       906240       453120
       56640           16           7.941      1812480       906240
       56640           32           8.305      3624960      1812480
       56640           64          13.860      7249920      3624960
       56640          128          29.567     14499840      7249920
       56640          256          50.031     28999680     14499840
       56640          512          75.947     57999360     28999680
       56640         1024         147.762    115998720     57999360
       56640         2048         306.128    231997440    115998720
       56640         4096         573.639    463994880    231997440
       56640         8192        1151.222    927989760    463994880
       56640        16384        2308.061   1855979520    927989760
       62208            1           2.771       124416        62208
       62208            2           3.026       248832       124416
       62208            4          14.309       497664       248832
       62208            8          12.753       995328       497664
       62208           16           5.264      1990656       995328
       62208           32           8.850      3981312      1990656
       62208           64          15.334      7962624      3981312
       62208          128          31.343     15925248      7962624
       62208          256          56.570     31850496     15925248
       62208          512          84.266     63700992     31850496
       62208         1024         161.793    127401984     63700992
       62208         2048         319.215    254803968    127401984
       62208         4096         643.194    509607936    254803968
       62208         8192        1266.865   1019215872    509607936
       62208        16384        2543.284   2038431744   1019215872
       68352            1           4.523       136704        68352
       68352            2           3.856       273408       136704
       68352            4           3.738       546816       273408
       68352            8           3.133      1093632       546816
       68352           16           6.742      2187264      1093632
       68352           32           9.486      4374528      2187264
       68352           64          15.472      8749056      4374528
       68352          128          52.660     17498112      8749056
       68352          256          56.977     34996224     17498112
       68352          512          92.330     69992448     34996224
       68352         1024         177.424    139984896     69992448
       68352         2048         356.939    279969792    139984896
       68352         4096         706.319    559939584    279969792
       68352         8192        1390.031   1119879168    559939584
       75072            1           3.875       150144        75072
       75072            2          13.742       300288       150144
       75072            4           5.195       600576       300288
       75072            8           3.743      1201152       600576
       75072           16           6.629      2402304      1201152
       75072           32           9.691      4804608      2402304
       75072           64          18.990      9609216      4804608
       75072          128          35.839     19218432      9609216
       75072          256          60.318     38436864     19218432
       75072          512         101.935     76873728     38436864
       75072         1024         214.231    153747456     76873728
       75072         2048         403.260    307494912    153747456
       75072         4096         783.993    614989824    307494912
       75072         8192        1549.140   1229979648    614989824
       82560            1           3.369       165120        82560
       82560            2          23.261       330240       165120
       82560            4          11.449       660480       330240
       82560            8           5.948      1320960       660480
       82560           16           5.678      2641920      1320960
       82560           32          10.154      5283840      2641920
       82560           64          22.665     10567680      5283840
       82560          128          39.769     21135360     10567680
       82560          256          60.930     42270720     21135360
       82560          512         111.629     84541440     42270720
       82560         1024         242.230    169082880     84541440
       82560         2048         426.835    338165760    169082880
       82560         4096         873.691    676331520    338165760
       82560         8192        1698.054   1352663040    676331520
       90816            1           3.907       181632        90816
       90816            2          11.641       363264       181632
       90816            4           7.176       726528       363264
       90816            8           3.001      1453056       726528
       90816           16           8.781      2906112      1453056
       90816           32          29.855      5812224      2906112
       90816           64          24.859     11624448      5812224
       90816          128          43.500     23248896     11624448
       90816          256          62.179     46497792     23248896
       90816          512         117.990     92995584     46497792
       90816         1024         227.740    185991168     92995584
       90816         2048         448.736    371982336    185991168
       90816         4096         906.059    743964672    371982336
       90816         8192        1803.353   1487929344    743964672
       99840            1           5.053       199680        99840
       99840            2          16.665       399360       199680
       99840            4          13.199       798720       399360
       99840            8           5.249      1597440       798720
       99840           16           8.359      3194880      1597440
       99840           32          13.445      6389760      3194880
       99840           64          26.685     12779520      6389760
       99840          128          48.526     25559040     12779520
       99840          256          68.609     51118080     25559040
       99840          512         132.131    102236160     51118080
       99840         1024         270.957    204472320    102236160
       99840         2048         505.757    408944640    204472320
       99840         4096        1018.704    817889280    408944640
       99840         8192        2032.444   1635778560    817889280
      109824            1           2.411       219648       109824
      109824            2           6.141       439296       219648
      109824            4          15.707       878592       439296
      109824            8           3.314      1757184       878592
      109824           16           7.486      3514368      1757184
      109824           32          15.877      7028736      3514368
      109824           64          26.970     14057472      7028736
      109824          128          48.293     28114944     14057472
      109824          256          73.743     56229888     28114944
      109824          512         142.500    112459776     56229888
      109824         1024         296.182    224919552    112459776
      109824         2048         554.704    449839104    224919552
      109824         4096        1117.288    899678208    449839104
      109824         8192        2239.751   1799356416    899678208
      120768            1           2.364       241536       120768
      120768            2           4.641       483072       241536
      120768            4           4.669       966144       483072
      120768            8           6.275      1932288       966144
      120768           16           9.163      3864576      1932288
      120768           32          14.666      7729152      3864576
      120768           64          29.752     15458304      7729152
      120768          128          56.145     30916608     15458304
      120768          256          99.392     61833216     30916608
      120768          512         155.933    123666432     61833216
      120768         1024         300.662    247332864    123666432
      120768         2048         606.252    494665728    247332864
      120768         4096        1194.562    989331456    494665728
      120768         8192        2380.001   1978662912    989331456
      132672            1           4.934       265344       132672
      132672            2           3.932       530688       265344
      132672            4           3.925      1061376       530688
      132672            8           7.825      2122752      1061376
      132672           16           9.995      4245504      2122752
      132672           32          15.903      8491008      4245504
      132672           64          33.182     16982016      8491008
      132672          128          55.475     33964032     16982016
      132672          256          89.584     67928064     33964032
      132672          512         172.621    135856128     67928064
      132672         1024         357.380    271712256    135856128
      132672         2048         674.408    543424512    271712256
      132672         4096        1368.649   1086849024    543424512
      145920            1           2.552       291840       145920
      145920            2          17.629       583680       291840
      145920            4          13.274      1167360       583680
      145920            8           9.025      2334720      1167360
      145920           16          27.681      4669440      2334720
      145920           32          17.024      9338880      4669440
      145920           64          34.741     18677760      9338880
      145920          128          58.763     37355520     18677760
      145920          256          96.955     74711040     37355520
      145920          512         188.014    149422080     74711040
      145920         1024         371.282    298844160    149422080
      145920         2048         745.899    597688320    298844160
      145920         4096        1488.385   1195376640    597688320
      160512            1           4.192       321024       160512
      160512            2           4.303       642048       321024
      160512            4          21.246      1284096       642048
      160512            8           6.973      2568192      1284096
      160512           16          10.236      5136384      2568192
      160512           32          19.509     10272768      5136384
      160512           64          35.244     20545536     10272768
      160512          128          61.085     41091072     20545536
      160512          256         107.698     82182144     41091072
      160512          512         224.738    164364288     82182144
      160512         1024         405.855    328728576    164364288
      160512         2048         818.893    657457152    328728576
      160512         4096        1635.426   1314914304    657457152
      176448            1           3.885       352896       176448
      176448            2          14.311       705792       352896
      176448            4           4.939      1411584       705792
      176448            8           9.007      2823168      1411584
      176448           16          11.799      5646336      2823168
      176448           32          24.195     11292672      5646336
      176448           64          44.567     22585344     11292672
      176448          128          61.601     45170688     22585344
      176448          256         135.291     90341376     45170688
      176448          512         227.331    180682752     90341376
      176448         1024         450.594    361365504    180682752
      176448         2048         906.235    722731008    361365504
      176448         4096        1806.160   1445462016    722731008
      193920            1           4.733       387840       193920
      193920            2           5.156       775680       387840
      193920            4           8.456      1551360       775680
      193920            8          12.206      3102720      1551360
      193920           16          14.473      6205440      3102720
      193920           32          23.962     12410880      6205440
      193920           64          47.127     24821760     12410880
      193920          128          66.048     49643520     24821760
      193920          256         127.155     99287040     49643520
      193920          512         248.992    198574080     99287040
      193920         1024         504.607    397148160    198574080
      193920         2048         991.963    794296320    397148160
      193920         4096        1973.494   1588592640    794296320
      213312            1          22.891       426624       213312
      213312            2           3.081       853248       426624
      213312            4           5.499      1706496       853248
      213312            8           7.049      3412992      1706496
      213312           16          13.548      6825984      3412992
      213312           32          22.948     13651968      6825984
      213312           64          46.607     27303936     13651968
      213312          128          75.422     54607872     27303936
      213312          256         140.573    109215744     54607872
      213312          512         282.296    218431488    109215744
      213312         1024         554.118    436862976    218431488
      213312         2048        1089.904    873725952    436862976
      213312         4096        2175.911   1747451904    873725952
      234624            1           4.797       469248       234624
      234624            2          20.392       938496       469248
      234624            4           9.050      1876992       938496
      234624            8           8.490      3753984      1876992
      234624           16          13.503      7507968      3753984
      234624           32          29.763     15015936      7507968
      234624           64          50.881     30031872     15015936
      234624          128          78.949     60063744     30031872
      234624          256         153.079    120127488     60063744
      234624          512         301.552    240254976    120127488
      234624         1024         604.854    480509952    240254976
      234624         2048        1192.775    961019904    480509952
      234624         4096        2390.355   1922039808    961019904
      258048            1           4.961       516096       258048
      258048            2           4.271      1032192       516096
      258048            4           5.487      2064384      1032192
      258048            8          10.465      4128768      2064384
      258048           16          18.736      8257536      4128768
      258048           32          32.051     16515072      8257536
      258048           64          53.756     33030144     16515072
      258048          128         105.074     66060288     33030144
      258048          256         165.494    132120576     66060288
      258048          512         326.440    264241152    132120576
      258048         1024         661.273    528482304    264241152
      258048         2048        1305.002   1056964608    528482304
      258048         4096        2615.529   2113929216   1056964608
      283776            1           2.948       567552       283776
      283776            2           4.540      1135104       567552
      283776            4          23.024      2270208      1135104
      283776            8           9.691      4540416      2270208
      283776           16          15.667      9080832      4540416
      283776           32          34.931     18161664      9080832
      283776           64          76.392     36323328     18161664
      283776          128          93.400     72646656     36323328
      283776          256         181.869    145293312     72646656
      283776          512         359.733    290586624    145293312
      283776         1024         726.290    581173248    290586624
      283776         2048        1562.998   1162346496    581173248
      312000            1           6.292       624000       312000
      312000            2          15.437      1248000       624000
      312000            4          14.789      2496000      1248000
      312000            8           9.976      4992000      2496000
      312000           16          20.562      9984000      4992000
      312000           32          34.922     19968000      9984000
      312000           64          61.738     39936000     19968000
      312000          128         103.438     79872000     39936000
      312000          256         215.368    159744000     79872000
      312000          512         387.257    319488000    159744000
      312000         1024         773.205    638976000    319488000
      312000         2048        1525.128   1277952000    638976000
      343104            1           6.168       686208       343104
      343104            2          15.555      1372416       686208
      343104            4          24.880      2744832      1372416
      343104            8          10.160      5489664      2744832
      343104           16          20.456     10979328      5489664
      343104           32          39.098     21958656     10979328
      343104           64          62.894     43917312     21958656
      343104          128         112.830     87834624     43917312
      343104          256         234.226    175669248     87834624
      343104          512         435.388    351338496    175669248
      343104         1024         889.310    702676992    351338496
      343104         2048        1768.576   1405353984    702676992
      377280            1           7.827       754560       377280
      377280            2          32.913      1509120       754560
      377280            4           6.658      3018240      1509120
      377280            8          11.728      6036480      3018240
      377280           16          19.631     12072960      6036480
      377280           32          39.970     24145920     12072960
      377280           64          88.346     48291840     24145920
      377280          128         120.961     96583680     48291840
      377280          256         236.662    193167360     96583680
      377280          512         463.595    386334720    193167360
      377280         1024         929.638    772669440    386334720
      377280         2048        1851.623   1545338880    772669440
      414912            1           7.941       829824       414912
      414912            2          15.420      1659648       829824
      414912            4          16.590      3319296      1659648
      414912            8          12.405      6638592      3319296
      414912           16          21.426     13277184      6638592
      414912           32          48.449     26554368     13277184
      414912           64          79.814     53108736     26554368
      414912          128         133.428    106217472     53108736
      414912          256         256.977    212434944    106217472
      414912          512         522.634    424869888    212434944
      414912         1024        1020.620    849739776    424869888
      414912         2048        2033.445   1699479552    849739776
      456384            1           6.974       912768       456384
      456384            2          34.487      1825536       912768
      456384            4           9.842      3651072      1825536
      456384            8          13.033      7302144      3651072
      456384           16          23.350     14604288      7302144
      456384           32          49.741     29208576     14604288
      456384           64          83.027     58417152     29208576
      456384          128         144.677    116834304     58417152
      456384          256         281.746    233668608    116834304
      456384          512         572.501    467337216    233668608
      456384         1024        1121.495    934674432    467337216
      456384         2048        2233.647   1869348864    934674432
      501888            1           8.405      1003776       501888
      501888            2          15.516      2007552      1003776
      501888            4          15.859      4015104      2007552
      501888            8          14.852      8030208      4015104
      501888           16          30.567     16060416      8030208
      501888           32          54.691     32120832     16060416
      501888           64          82.320     64241664     32120832
      501888          128         160.906    128483328     64241664
      501888          256         335.704    256966656    128483328
      501888          512         630.412    513933312    256966656
      501888         1024        1281.037   1027866624    513933312
      501888         2048        2534.490   2055733248   1027866624
      552000            1           7.448      1104000       552000
      552000            2          17.356      2208000      1104000
      552000            4          15.814      4416000      2208000
      552000            8          16.840      8832000      4416000
      552000           16          32.992     17664000      8832000
      552000           32          54.670     35328000     17664000
      552000           64          90.983     70656000     35328000
      552000          128         176.999    141312000     70656000
      552000          256         362.807    282624000    141312000
      552000          512         693.677    565248000    282624000
      552000         1024        1478.901   1130496000    565248000
      607104            1           7.862      1214208       607104
      607104            2          22.877      2428416      1214208
      607104            4           8.212      4856832      2428416
      607104            8          17.622      9713664      4856832
      607104           16          37.591     19427328      9713664
      607104           32          58.696     38854656     19427328
      607104           64          99.721     77709312     38854656
      607104          128         193.975    155418624     77709312
      607104          256         381.971    310837248    155418624
      607104          512         774.317    621674496    310837248
      607104         1024        1541.291   1243348992    621674496
      667776            1           8.510      1335552       667776
      667776            2          18.523      2671104      1335552
      667776            4          16.844      5342208      2671104
      667776            8          39.290     10684416      5342208
      667776           16          38.223     21368832     10684416
      667776           32          64.263     42737664     21368832
      667776           64         110.291     85475328     42737664
      667776          128         212.592    170950656     85475328
      667776          256         420.191    341901312    170950656
      667776          512         848.666    683802624    341901312
      667776         1024        1692.780   1367605248    683802624
      734400            1           9.564      1468800       734400
      734400            2           8.383      2937600      1468800
      734400            4          20.270      5875200      2937600
      734400            8          22.337     11750400      5875200
      734400           16          39.563     23500800     11750400
      734400           32          68.951     47001600     23500800
      734400           64         117.902     94003200     47001600
      734400          128         228.551    188006400     94003200
      734400          256         463.735    376012800    188006400
      734400          512         906.926    752025600    376012800
      734400         1024        1788.528   1504051200    752025600
      807744            1           9.784      1615488       807744
      807744            2          18.544      3230976      1615488
      807744            4          11.522      6461952      3230976
      807744            8          21.648     12923904      6461952
      807744           16          44.811     25847808     12923904
      807744           32          75.326     51695616     25847808
      807744           64         131.095    103391232     51695616
      807744          128         275.422    206782464    103391232
      807744          256         512.495    413564928    206782464
      807744          512        1033.856    827129856    413564928
      807744         1024        2064.322   1654259712    827129856
      888384            1          10.846      1776768       888384
      888384            2          26.982      3553536      1776768
      888384            4          12.090      7107072      3553536
      888384            8          22.901     14214144      7107072
      888384           16          47.314     28428288     14214144
      888384           32          79.632     56856576     28428288
      888384           64         147.973    113713152     56856576
      888384          128         298.378    227426304    113713152
      888384          256         559.054    454852608    227426304
      888384          512        1126.466    909705216    454852608
      888384         1024        2262.348   1819410432    909705216
      977088            1          11.503      1954176       977088
      977088            2           8.892      3908352      1954176
      977088            4          34.981      7816704      3908352
      977088            8          25.178     15633408      7816704
      977088           16          53.985     31266816     15633408
      977088           32          84.117     62533632     31266816
      977088           64         156.799    125067264     62533632
      977088          128         304.026    250134528    125067264
      977088          256         615.290    500269056    250134528
      977088          512        1203.495   1000538112    500269056
      977088         1024        2397.212   2001076224   1000538112
     1074624            1          11.078      2149248      1074624
     1074624            2          18.175      4298496      2149248
     1074624            4          14.468      8596992      4298496
     1074624            8          27.118     17193984      8596992
     1074624           16          58.390     34387968     17193984
     1074624           32          88.861     68775936     34387968
     1074624           64         170.823    137551872     68775936
     1074624          128         352.134    275103744    137551872
     1074624          256         671.673    550207488    275103744
     1074624          512        1320.640   1100414976    550207488
     1181952            1          15.443      2363904      1181952
     1181952            2          19.892      4727808      2363904
     1181952            4          17.367      9455616      4727808
     1181952            8          31.269     18911232      9455616
     1181952           16          63.388     37822464     18911232
     1181952           32         127.677     75644928     37822464
     1181952           64         259.669    151289856     75644928
     1181952          128         607.040    302579712    151289856
     1181952          256        1200.333    605159424    302579712
     1181952          512        2392.760   1210318848    605159424
     1300032            1          23.525      2600064      1300032
     1300032            2          20.874      5200128      2600064
     1300032            4          21.295     10400256      5200128
     1300032            8          43.471     20800512     10400256
     1300032           16          82.629     41601024     20800512
     1300032           32         176.709     83202048     41601024
     1300032           64         325.164    166404096     83202048
     1300032          128         658.365    332808192    166404096
     1300032          256        1306.287    665616384    332808192
     1300032          512        2589.216   1331232768    665616384
     1430016            1          16.351      2860032      1430016
     1430016            2          19.354      5720064      2860032
     1430016            4          19.242     11440128      5720064
     1430016            8          38.567     22880256     11440128
     1430016           16          66.099     45760512     22880256
     1430016           32         115.598     91521024     45760512
     1430016           64         240.856    183042048     91521024
     1430016          128         449.850    366084096    183042048
     1430016          256         936.894    732168192    366084096
     1430016          512        1807.999   1464336384    732168192
     1572864            1          30.585      3145728      1572864
     1572864            2          11.314      6291456      3145728
     1572864            4          20.973     12582912      6291456
     1572864            8          41.411     25165824     12582912
     1572864           16          71.976     50331648     25165824
     1572864           32         125.122    100663296     50331648
     1572864           64         247.666    201326592    100663296
     1572864          128         501.580    402653184    201326592
     1572864          256         995.488    805306368    402653184
     1572864          512        1983.246   1610612736    805306368
     1730112            1          31.229      3460224      1730112
     1730112            2          10.445      6920448      3460224
     1730112            4          22.194     13840896      6920448
     1730112            8          43.604     27681792     13840896
     1730112           16          97.424     55363584     27681792
     1730112           32         139.127    110727168     55363584
     1730112           64         273.056    221454336    110727168
     1730112          128         555.955    442908672    221454336
     1730112          256        1093.907    885817344    442908672
     1730112          512        2181.410   1771634688    885817344
     1903104            1          20.355      3806208      1903104
     1903104            2          40.198      7612416      3806208
     1903104            4          27.431     15224832      7612416
     1903104            8          48.076     30449664     15224832
     1903104           16          83.922     60899328     30449664
     1903104           32         150.636    121798656     60899328
     1903104           64         297.962    243597312    121798656
     1903104          128         604.004    487194624    243597312
     1903104          256        1197.898    974389248    487194624
     1903104          512        2393.924   1948778496    974389248
     2093376            1          33.876      4186752      2093376
     2093376            2          13.580      8373504      4186752
     2093376            4          28.349     16747008      8373504
     2093376            8          55.738     33494016     16747008
     2093376           16          92.818     66988032     33494016
     2093376           32         165.289    133976064     66988032
     2093376           64         347.002    267952128    133976064
     2093376          128         657.523    535904256    267952128
     2093376          256        1330.799   1071808512    535904256
     2093376          512        2635.196   2143617024   1071808512
     2302656            1          33.246      4605312      2302656
     2302656            2          15.460      9210624      4605312
     2302656            4          29.949     18421248      9210624
     2302656            8          60.787     36842496     18421248
     2302656           16          94.311     73684992     36842496
     2302656           32         201.828    147369984     73684992
     2302656           64         360.075    294739968    147369984
     2302656          128         731.458    589479936    294739968
     2302656          256        1431.409   1178959872    589479936
     2532864            1          39.503      5065728      2532864
     2532864            2          16.180     10131456      5065728
     2532864            4          33.056     20262912     10131456
     2532864            8          66.224     40525824     20262912
     2532864           16         101.423     81051648     40525824
     2532864           32         197.817    162103296     81051648
     2532864           64         405.728    324206592    162103296
     2532864          128         803.874    648413184    324206592
     2532864          256        1587.768   1296826368    648413184
     2786112            1          39.487      5572224      2786112
     2786112            2          17.769     11144448      5572224
     2786112            4          36.428     22288896     11144448
     2786112            8          71.037     44577792     22288896
     2786112           16         112.764     89155584     44577792
     2786112           32         220.191    178311168     89155584
     2786112           64         451.085    356622336    178311168
     2786112          128         880.591    713244672    356622336
     2786112          256        1746.648   1426489344    713244672
     3064704            1          39.540      6129408      3064704
     3064704            2          19.536     12258816      6129408
     3064704            4          43.915     24517632     12258816
     3064704            8          73.381     49035264     24517632
     3064704           16         123.909     98070528     49035264
     3064704           32         261.747    196141056     98070528
     3064704           64         478.275    392282112    196141056
     3064704          128         964.285    784564224    392282112
     3064704          256        1925.666   1569128448    784564224
     3371136            1          51.311      6742272      3371136
     3371136            2          21.240     13484544      6742272
     3371136            4          45.588     26969088     13484544
     3371136            8          78.219     53938176     26969088
     3371136           16         134.132    107876352     53938176
     3371136           32         265.136    215752704    107876352
     3371136           64         539.819    431505408    215752704
     3371136          128        1058.699    863010816    431505408
     3371136          256        2118.157   1726021632    863010816
     3708096            1          54.386      7416192      3708096
     3708096            2          23.634     14832384      7416192
     3708096            4          49.953     29664768     14832384
     3708096            8          84.388     59329536     29664768
     3708096           16         147.871    118659072     59329536
     3708096           32         293.145    237318144    118659072
     3708096           64         591.376    474636288    237318144
     3708096          128        1160.845    949272576    474636288
     3708096          256        2331.508   1898545152    949272576
     4078848            1          55.165      8157696      4078848
     4078848            2          26.628     16315392      8157696
     4078848            4          52.708     32630784     16315392
     4078848            8          90.529     65261568     32630784
     4078848           16         181.909    130523136     65261568
     4078848           32         317.432    261046272    130523136
     4078848           64         645.660    522092544    261046272
     4078848          128        1272.174   1044185088    522092544
     4078848          256        2553.402   2088370176   1044185088
     4486656            1          62.476      8973312      4486656
     4486656            2          28.359     17946624      8973312
     4486656            4          57.135     35893248     17946624
     4486656            8          96.562     71786496     35893248
     4486656           16         193.050    143572992     71786496
     4486656           32         351.427    287145984    143572992
     4486656           64         710.824    574291968    287145984
     4486656          128        1400.440   1148583936    574291968
     4935168            1          77.266      9870336      4935168
     4935168            2          37.755     19740672      9870336
     4935168            4          58.343     39481344     19740672
     4935168            8         103.732     78962688     39481344
     4935168           16         192.894    157925376     78962688
     4935168           32         386.033    315850752    157925376
     4935168           64         772.207    631701504    315850752
     4935168          128        1535.051   1263403008    631701504
     5428608            1          73.170     10857216      5428608
     5428608            2          34.952     21714432     10857216
     5428608            4          63.519     43428864     21714432
     5428608            8         110.685     86857728     43428864
     5428608           16         230.641    173715456     86857728
     5428608           32         422.862    347430912    173715456
     5428608           64         847.222    694861824    347430912
     5428608          128        1703.657   1389723648    694861824
     5971392            1          73.873     11942784      5971392
     5971392            2          37.820     23885568     11942784
     5971392            4          68.601     47771136     23885568
     5971392            8         138.738     95542272     47771136
     5971392           16         234.163    191084544     95542272
     5971392           32         468.981    382169088    191084544
     5971392           64         940.715    764338176    382169088
     5971392          128        1868.327   1528676352    764338176
     6568512            1          81.458     13137024      6568512
     6568512            2          39.788     26274048     13137024
     6568512            4          78.276     52548096     26274048
     6568512            8         131.460    105096192     52548096
     6568512           16         256.465    210192384    105096192
     6568512           32         523.777    420384768    210192384
     6568512           64        1023.308    840769536    420384768
     6568512          128        2047.103   1681539072    840769536
     7225344            1          86.643     14450688      7225344
     7225344            2          42.762     28901376     14450688
     7225344            4          86.832     57802752     28901376
     7225344            8         144.516    115605504     57802752
     7225344           16         281.276    231211008    115605504
     7225344           32         572.300    462422016    231211008
     7225344           64        1115.614    924844032    462422016
     7225344          128        2241.754   1849688064    924844032
     7947840            1          93.683     15895680      7947840
     7947840            2          45.821     31791360     15895680
     7947840            4          89.677     63582720     31791360
     7947840            8         156.654    127165440     63582720
     7947840           16         327.566    254330880    127165440
     7947840           32         612.528    508661760    254330880
     7947840           64        1229.757   1017323520    508661760
     7947840          128        2472.840   2034647040   1017323520
     8742528            1         105.673     17485056      8742528
     8742528            2          49.710     34970112     17485056
     8742528            4         102.620     69940224     34970112
     8742528            8         173.614    139880448     69940224
     8742528           16         340.277    279760896    139880448
     8742528           32         685.553    559521792    279760896
     8742528           64        1347.067   1119043584    559521792
     9616704            1         109.551     19233408      9616704
     9616704            2          53.891     38466816     19233408
     9616704            4         105.268     76933632     38466816
     9616704            8         189.537    153867264     76933632
     9616704           16         388.181    307734528    153867264
     9616704           32         749.876    615469056    307734528
     9616704           64        1477.836   1230938112    615469056
    10578240            1         118.394     21156480     10578240
    10578240            2          57.690     42312960     21156480
    10578240            4         114.233     84625920     42312960
    10578240            8         210.369    169251840     84625920
    10578240           16         423.636    338503680    169251840
    10578240           32         807.360    677007360    338503680
    10578240           64        1635.308   1354014720    677007360
    11635968            1         136.056     23271936     11635968
    11635968            2          64.318     46543872     23271936
    11635968            4         121.649     93087744     46543872
    11635968            8         228.180    186175488     93087744
    11635968           16         462.411    372350976    186175488
    11635968           32         911.035    744701952    372350976
    11635968           64        1796.071   1489403904    744701952
    12799488            1         146.846     25598976     12799488
    12799488            2          71.505     51197952     25598976
    12799488            4         131.406    102395904     51197952
    12799488            8         267.503    204791808    102395904
    12799488           16         490.551    409583616    204791808
    12799488           32         992.363    819167232    409583616
    12799488           64        1970.587   1638334464    819167232
    14079360            1         159.875     28158720     14079360
    14079360            2          77.301     56317440     28158720
    14079360            4         147.248    112634880     56317440
    14079360            8         273.403    225269760    112634880
    14079360           16         557.305    450539520    225269760
    14079360           32        1098.941    901079040    450539520
    14079360           64        2164.895   1802158080    901079040
    15487296            1         176.028     30974592     15487296
    15487296            2          84.285     61949184     30974592
    15487296            4         156.637    123898368     61949184
    15487296            8         301.976    247796736    123898368
    15487296           16         615.093    495593472    247796736
    15487296           32        1194.342    991186944    495593472
    15487296           64        2389.875   1982373888    991186944
    17035968            1         198.393     34071936     17035968
    17035968            2          93.576     68143872     34071936
    17035968            4         190.737    136287744     68143872
    17035968            8         329.282    272575488    136287744
    17035968           16         669.590    545150976    272575488
    17035968           32        1312.125   1090301952    545150976
    18739392            1         211.208     37478784     18739392
    18739392            2         104.216     74957568     37478784
    18739392            4         185.265    149915136     74957568
    18739392            8         366.847    299830272    149915136
    18739392           16         744.941    599660544    299830272
    18739392           32        1454.024   1199321088    599660544
    20613312            1         232.238     41226624     20613312
    20613312            2         124.634     82453248     41226624
    20613312            4         235.283    164906496     82453248
    20613312            8         401.616    329812992    164906496
    20613312           16         803.430    659625984    329812992
    20613312           32        1584.335   1319251968    659625984
    22674624            1         242.940     45349248     22674624
    22674624            2         139.319     90698496     45349248
    22674624            4         244.155    181396992     90698496
    22674624            8         441.699    362793984    181396992
    22674624           16         887.748    725587968    362793984
    22674624           32        1757.420   1451175936    725587968
    24941952            1         235.207     49883904     24941952
    24941952            2         162.005     99767808     49883904
    24941952            4         252.054    199535616     99767808
    24941952            8         488.911    399071232    199535616
    24941952           16         972.270    798142464    399071232
    24941952           32        1937.925   1596284928    798142464
    27436032            1         204.632     54872064     27436032
    27436032            2         167.829    109744128     54872064
    27436032            4         279.551    219488256    109744128
    27436032            8         575.491    438976512    219488256
    27436032           16        1095.043    877953024    438976512
    27436032           32        2155.278   1755906048    877953024
    30179520            1         178.753     60359040     30179520
    30179520            2         177.165    120718080     60359040
    30179520            4         303.906    241436160    120718080
    30179520            8         619.841    482872320    241436160
    30179520           16        1201.624    965744640    482872320
    30179520           32        2371.950   1931489280    965744640
    33197376            1         219.035     66394752     33197376
    33197376            2         225.208    132789504     66394752
    33197376            4         331.971    265579008    132789504
    33197376            8         671.190    531158016    265579008
    33197376           16        1298.467   1062316032    531158016
    33197376           32        2595.333   2124632064   1062316032
    36517056            1         205.420     73034112     36517056
    36517056            2         235.241    146068224     73034112
    36517056            4         365.239    292136448    146068224
    36517056            8         729.480    584272896    292136448
    36517056           16        1424.211   1168545792    584272896
    40168704            1         263.911     80337408     40168704
    40168704            2         278.174    160674816     80337408
    40168704            4         437.565    321349632    160674816
    40168704            8         809.895    642699264    321349632
    40168704           16        1567.082   1285398528    642699264
    44185536            1         283.610     88371072     44185536
    44185536            2         301.747    176742144     88371072
    44185536            4         459.787    353484288    176742144
    44185536            8         882.228    706968576    353484288
    44185536           16        1713.674   1413937152    706968576
    48604032            1         290.787     97208064     48604032
    48604032            2         344.046    194416128     97208064
    48604032            4         487.880    388832256    194416128
    48604032            8         964.953    777664512    388832256
    48604032           16        1902.905   1555329024    777664512
    53464320            1         379.409    106928640     53464320
    53464320            2         421.550    213857280    106928640
    53464320            4         602.156    427714560    213857280
    53464320            8        1129.345    855429120    427714560
    53464320           16        2216.720   1710858240    855429120
    58810752            1         384.620    117621504     58810752
    58810752            2         507.517    235243008    117621504
    58810752            4         690.922    470486016    235243008
    58810752            8        1400.692    940972032    470486016
    58810752           16        2600.780   1881944064    940972032
    64691712            1         495.718    129383424     64691712
    64691712            2         653.672    258766848    129383424
    64691712            4         865.716    517533696    258766848
    64691712            8        1614.130   1035067392    517533696
    64691712           16        3043.595   2070134784   1035067392
    71160768            1         469.431    142321536     71160768
    71160768            2         690.557    284643072    142321536
    71160768            4        1011.226    569286144    284643072
    71160768            8        1839.396   1138572288    569286144
    78276672            1         552.998    156553344     78276672
    78276672            2         950.865    313106688    156553344
    78276672            4        1250.916    626213376    313106688
    78276672            8        2230.947   1252426752    626213376
    86104320            1         682.547    172208640     86104320
    86104320            2        1198.002    344417280    172208640
    86104320            4        1566.020    688834560    344417280
    86104320            8        2679.744   1377669120    688834560
    94714752            1         854.646    189429504     94714752
    94714752            2        1539.866    378859008    189429504
    94714752            4        1984.103    757718016    378859008
    94714752            8        3333.004   1515436032    757718016
   104186112            1         898.972    208372224    104186112
   104186112            2        1673.348    416744448    208372224
   104186112            4        2289.185    833488896    416744448
   104186112            8        3901.966   1666977792    833488896
   114604608            1         991.477    229209216    114604608
   114604608            2        1861.476    458418432    229209216
   114604608            4        2709.612    916836864    458418432
   114604608            8        4586.879   1833673728    916836864
   126064896            1        1117.984    252129792    126064896
   126064896            2        2147.952    504259584    252129792
   126064896            4        3097.331   1008519168    504259584
   126064896            8        5231.375   2017038336   1008519168
   138671232            1        1269.698    277342464    138671232
   138671232            2        2439.658    554684928    277342464
   138671232            4        3519.488   1109369856    554684928
   152538240            1        1430.793    305076480    152538240
   152538240            2        2739.581    610152960    305076480
   152538240            4        3991.890   1220305920    610152960
   167792064            1        1557.827    335584128    167792064
   167792064            2        3050.878    671168256    335584128
   167792064            4        4547.381   1342336512    671168256
   184571136            1        1778.237    369142272    184571136
   184571136            2        3450.718    738284544    369142272
   184571136            4        5068.338   1476569088    738284544
   203028096            1        2014.074    406056192    203028096
   203028096            2        3933.862    812112384    406056192
   203028096            4        5748.537   1624224768    812112384
   223330752            1        2192.331    446661504    223330752
   223330752            2        4441.670    893323008    446661504
   223330752            4        6675.862   1786646016    893323008
   245663808            1        3196.229    491327616    245663808
   245663808            2        5014.917    982655232    491327616
   245663808            4        7636.315   1965310464    982655232
   270230016            1        2836.847    540460032    270230016
   270230016            2        5532.416   1080920064    540460032
   297252864            1        3172.899    594505728    297252864
   297252864            2        6149.187   1189011456    594505728
   326978112            1        3483.117    653956224    326978112
   326978112            2        6880.112   1307912448    653956224
   359675904            1        3884.411    719351808    359675904
   359675904            2        7653.788   1438703616    719351808
   395643456            1        4259.737    791286912    395643456
   395643456            2        8386.724   1582573824    791286912
   435207744            1        4740.272    870415488    435207744
   435207744            2        9276.737   1740830976    870415488
   478728384            1        5162.241    957456768    478728384
   478728384            2       10249.100   1914913536    957456768
   526601088            1        5661.200   1053202176    526601088
   526601088            2       11375.043   2106404352   1053202176
   579261120            1        6247.205   1158522240    579261120
   637187136            1        7783.076   1274374272    637187136
   700905792            1        7698.836   1401811584    700905792
   770996352            1        8480.226   1541992704    770996352
   848095872            1        9279.885   1696191744    848095872
   932905344            1       10226.830   1865810688    932905344
  1026195840            1       11290.849   2052391680   1026195840

META_DATA
FLOPS          8
MPI_PROCS      1
OPENMP_THREADS 24
ERT_VERSION  1.1.0
HOSTNAME  ('deepv.deep', [], ['10.2.8.6'])
UNAME  uname_result(system='Linux', node='deepv', release='4.18.0-513.24.1.el8_9.x86_64', version='#1 SMP Thu Apr 4 18:13:02 UTC 2024', machine='x86_64')
TIMESTAMP_DATA  1713374712.1616478
CONFIG  {'ERT_RESULTS': ['Results.cn.deep.fz-juelich.de.01.gcc2023-O3-fastmath'], 'ERT_DRIVER': ['driver1'], 'ERT_KERNEL': ['kernel1'], 'ERT_MPI': ['True'], 'ERT_MPI_CFLAGS': ['-I', '/p/software/deep/stages/2023/software/psmpi/5.9.2-1-GCC-11.3.0/include'], 'ERT_MPI_LDFLAGS': ['-L', '/p/software/deep/stages/2023/software/psmpi/5.9.2-1-GCC-11.3.0/lib', '-lmpi'], 'ERT_OPENMP': ['True'], 'ERT_OPENMP_CFLAGS': ['-fopenmp'], 'ERT_OPENMP_LDFLAGS': ['-fopenmp'], 'ERT_FLOPS': ['1,2,4,8,16,64,128'], 'ERT_ALIGN': ['64'], 'ERT_CC': ['mpicxx'], 'ERT_CFLAGS': ['-g', '-O3', '-mavx'], 'ERT_LD': ['mpicxx'], 'ERT_LDFLAGS': [], 'ERT_LDLIBS': [], 'ERT_PRECISION': ['FP64'], 'ERT_RUN': ['export', 'OMP_NUM_THREADS=ERT_OPENMP_THREADS;', 'export', 'OMP_PLACES="cores(ERT_OPENMP_THREADS)";', 'srun', '-p', 'dp-cn', '-n', 'ERT_MPI_PROCS', '-c', '48', '--ntasks-per-node', '1', 'ERT_CODE'], 'ERT_PROCS_THREADS': ['24'], 'ERT_MPI_PROCS': ['1'], 'ERT_OPENMP_THREADS': ['24'], 'ERT_NUM_EXPERIMENTS': ['5'], 'ERT_MEMORY_MAX': ['1073741824'], 'ERT_WORKING_SET_MIN': ['128'], 'ERT_TRIALS_MIN': ['1'], 'ERT_GNUPLOT': ['gnuplot'], 'ERT_GPU': [False], 'ERT_HIP': [False], 'ERT_OCL': [False], 'ERT_SYCL': [False], 'ERT_WSS_MULT': [1.1]}
