fp64
       24576            1           4.032        49152        24576
       24576            2           4.414        98304        49152
       24576            4           2.806       196608        98304
       24576            8           5.541       393216       196608
       24576           16           4.553       786432       393216
       24576           32           5.325      1572864       786432
       24576           64           7.213      3145728      1572864
       24576          128          13.886      6291456      3145728
       24576          256          20.645     12582912      6291456
       24576          512          47.386     25165824     12582912
       24576         1024          85.045     50331648     25165824
       24576         2048         127.589    100663296     50331648
       24576         4096         251.416    201326592    100663296
       24576         8192         487.449    402653184    201326592
       24576        16384        1000.944    805306368    402653184
       24576        32768        1946.039   1610612736    805306368
       26880            1           3.313        53760        26880
       26880            2          10.706       107520        53760
       26880            4           5.512       215040       107520
       26880            8           4.809       430080       215040
       26880           16           5.234       860160       430080
       26880           32           5.100      1720320       860160
       26880           64           7.810      3440640      1720320
       26880          128          14.665      6881280      3440640
       26880          256          27.519     13762560      6881280
       26880          512          51.397     27525120     13762560
       26880         1024          73.681     55050240     27525120
       26880         2048         142.372    110100480     55050240
       26880         4096         299.552    220200960    110100480
       26880         8192         551.963    440401920    220200960
       26880        16384        1111.909    880803840    440401920
       26880        32768        2229.593   1761607680    880803840
       29568            1           3.915        59136        29568
       29568            2          10.653       118272        59136
       29568            4          15.098       236544       118272
       29568            8           3.255       473088       236544
       29568           16           4.053       946176       473088
       29568           32           6.791      1892352       946176
       29568           64           8.856      3784704      1892352
       29568          128          15.814      7569408      3784704
       29568          256          27.410     15138816      7569408
       29568          512          52.823     30277632     15138816
       29568         1024          80.848     60555264     30277632
       29568         2048         171.762    121110528     60555264
       29568         4096         301.410    242221056    121110528
       29568         8192         597.067    484442112    242221056
       29568        16384        1211.800    968884224    484442112
       29568        32768        2394.216   1937768448    968884224
       32448            1           4.451        64896        32448
       32448            2          18.513       129792        64896
       32448            4          17.837       259584       129792
       32448            8           3.228       519168       259584
       32448           16           3.492      1038336       519168
       32448           32           7.210      2076672      1038336
       32448           64           9.187      4153344      2076672
       32448          128          18.253      8306688      4153344
       32448          256          33.477     16613376      8306688
       32448          512          51.270     33226752     16613376
       32448         1024          88.289     66453504     33226752
       32448         2048         167.823    132907008     66453504
       32448         4096         333.764    265814016    132907008
       32448         8192         682.296    531628032    265814016
       32448        16384        1322.230   1063256064    531628032
       32448        32768        2646.061   2126512128   1063256064
       35520            1           2.278        71040        35520
       35520            2           6.079       142080        71040
       35520            4          13.348       284160       142080
       35520            8           5.053       568320       284160
       35520           16           5.370      1136640       568320
       35520           32           7.496      2273280      1136640
       35520           64          12.423      4546560      2273280
       35520          128          20.290      9093120      4546560
       35520          256          31.530     18186240      9093120
       35520          512          77.157     36372480     18186240
       35520         1024          94.293     72744960     36372480
       35520         2048         183.140    145489920     72744960
       35520         4096         362.587    290979840    145489920
       35520         8192         729.007    581959680    290979840
       35520        16384        1440.599   1163919360    581959680
       38976            1           4.351        77952        38976
       38976            2          19.843       155904        77952
       38976            4           3.128       311808       155904
       38976            8           3.405       623616       311808
       38976           16           5.480      1247232       623616
       38976           32           5.799      2494464      1247232
       38976           64          10.354      4988928      2494464
       38976          128          19.778      9977856      4988928
       38976          256          38.335     19955712      9977856
       38976          512          55.095     39911424     19955712
       38976         1024         104.797     79822848     39911424
       38976         2048         201.602    159645696     79822848
       38976         4096         413.757    319291392    159645696
       38976         8192         833.751    638582784    319291392
       38976        16384        1594.190   1277165568    638582784
       42816            1           3.077        85632        42816
       42816            2           2.745       171264        85632
       42816            4          14.048       342528       171264
       42816            8           2.015       685056       342528
       42816           16           5.553      1370112       685056
       42816           32           7.356      2740224      1370112
       42816           64          12.866      5480448      2740224
       42816          128          23.219     10960896      5480448
       42816          256          38.908     21921792     10960896
       42816          512          68.462     43843584     21921792
       42816         1024         113.262     87687168     43843584
       42816         2048         220.865    175374336     87687168
       42816         4096         452.319    350748672    175374336
       42816         8192         878.715    701497344    350748672
       42816        16384        1741.019   1402994688    701497344
       47040            1           5.546        94080        47040
       47040            2          18.837       188160        94080
       47040            4          13.147       376320       188160
       47040            8           4.604       752640       376320
       47040           16           5.390      1505280       752640
       47040           32           7.922      3010560      1505280
       47040           64          12.100      6021120      3010560
       47040          128          25.364     12042240      6021120
       47040          256          47.226     24084480     12042240
       47040          512          69.379     48168960     24084480
       47040         1024         123.491     96337920     48168960
       47040         2048         257.850    192675840     96337920
       47040         4096         475.294    385351680    192675840
       47040         8192         954.454    770703360    385351680
       47040        16384        1914.919   1541406720    770703360
       51648            1           4.133       103296        51648
       51648            2           4.378       206592       103296
       51648            4          12.704       413184       206592
       51648            8          13.167       826368       413184
       51648           16           5.929      1652736       826368
       51648           32           8.462      3305472      1652736
       51648           64          13.297      6610944      3305472
       51648          128          43.718     13221888      6610944
       51648          256          47.430     26443776     13221888
       51648          512          69.659     52887552     26443776
       51648         1024         133.543    105775104     52887552
       51648         2048         262.753    211550208    105775104
       51648         4096         530.280    423100416    211550208
       51648         8192        1045.687    846200832    423100416
       51648        16384        2083.197   1692401664    846200832
       56640            1           4.607       113280        56640
       56640            2           9.669       226560       113280
       56640            4          20.204       453120       226560
       56640            8           4.483       906240       453120
       56640           16           6.939      1812480       906240
       56640           32           7.871      3624960      1812480
       56640           64          14.560      7249920      3624960
       56640          128          29.901     14499840      7249920
       56640          256          52.595     28999680     14499840
       56640          512          76.387     57999360     28999680
       56640         1024         164.348    115998720     57999360
       56640         2048         290.029    231997440    115998720
       56640         4096         596.765    463994880    231997440
       56640         8192        1153.611    927989760    463994880
       56640        16384        2294.639   1855979520    927989760
       62208            1           4.166       124416        62208
       62208            2          18.232       248832       124416
       62208            4          13.814       497664       248832
       62208            8          20.808       995328       497664
       62208           16           4.760      1990656       995328
       62208           32           7.500      3981312      1990656
       62208           64          14.997      7962624      3981312
       62208          128          29.343     15925248      7962624
       62208          256          61.096     31850496     15925248
       62208          512         116.190     63700992     31850496
       62208         1024         225.157    127401984     63700992
       62208         2048         433.042    254803968    127401984
       62208         4096         795.311    509607936    254803968
       62208         8192        3024.723   1019215872    509607936
       62208        16384        4893.739   2038431744   1019215872
       68352            1           2.302       136704        68352
       68352            2           4.177       273408       136704
       68352            4           2.936       546816       273408
       68352            8           4.459      1093632       546816
       68352           16           5.439      2187264      1093632
       68352           32           9.933      4374528      2187264
       68352           64          17.831      8749056      4374528
       68352          128          36.160     17498112      8749056
       68352          256          67.387     34996224     17498112
       68352          512         136.006     69992448     34996224
       68352         1024         259.619    139984896     69992448
       68352         2048         523.210    279969792    139984896
       68352         4096        1031.523    559939584    279969792
       68352         8192        2039.814   1119879168    559939584
       75072            1           2.613       150144        75072
       75072            2           3.644       300288       150144
       75072            4          20.196       600576       300288
       75072            8           3.624      1201152       600576
       75072           16           7.171      2402304      1201152
       75072           32          12.159      4804608      2402304
       75072           64          20.883      9609216      4804608
       75072          128          35.075     19218432      9609216
       75072          256          64.611     38436864     19218432
       75072          512         130.282     76873728     38436864
       75072         1024         261.220    153747456     76873728
       75072         2048         580.665    307494912    153747456
       75072         4096         928.202    614989824    307494912
       75072         8192        1970.839   1229979648    614989824
       82560            1           3.419       165120        82560
       82560            2           3.356       330240       165120
       82560            4           3.667       660480       330240
       82560            8           6.311      1320960       660480
       82560           16           6.046      2641920      1320960
       82560           32          10.378      5283840      2641920
       82560           64          19.984     10567680      5283840
       82560          128          38.938     21135360     10567680
       82560          256          57.569     42270720     21135360
       82560          512         140.079     84541440     42270720
       82560         1024         259.075    169082880     84541440
       82560         2048         487.707    338165760    169082880
       82560         4096        1156.289    676331520    338165760
       82560         8192        1943.696   1352663040    676331520
       90816            1           5.849       181632        90816
       90816            2          14.752       363264       181632
       90816            4           2.752       726528       363264
       90816            8           5.818      1453056       726528
       90816           16           7.743      2906112      1453056
       90816           32          12.684      5812224      2906112
       90816           64          23.095     11624448      5812224
       90816          128          41.615     23248896     11624448
       90816          256          61.232     46497792     23248896
       90816          512         117.203     92995584     46497792
       90816         1024         226.851    185991168     92995584
       90816         2048         477.916    371982336    185991168
       90816         4096         907.759    743964672    371982336
       90816         8192        1803.299   1487929344    743964672
       99840            1           3.671       199680        99840
       99840            2           3.207       399360       199680
       99840            4          15.722       798720       399360
       99840            8           5.223      1597440       798720
       99840           16           7.204      3194880      1597440
       99840           32          12.380      6389760      3194880
       99840           64          25.288     12779520      6389760
       99840          128          49.091     25559040     12779520
       99840          256          67.900     51118080     25559040
       99840          512         129.984    102236160     51118080
       99840         1024         283.562    204472320    102236160
       99840         2048         510.286    408944640    204472320
       99840         4096        1020.345    817889280    408944640
       99840         8192        2033.913   1635778560    817889280
      109824            1           4.019       219648       109824
      109824            2           6.652       439296       219648
      109824            4           4.837       878592       439296
      109824            8           5.470      1757184       878592
      109824           16           8.108      3514368      1757184
      109824           32          13.231      7028736      3514368
      109824           64          27.066     14057472      7028736
      109824          128          47.552     28114944     14057472
      109824          256          73.892     56229888     28114944
      109824          512         142.487    112459776     56229888
      109824         1024         291.813    224919552    112459776
      109824         2048         569.433    449839104    224919552
      109824         4096        1117.460    899678208    449839104
      109824         8192        2228.817   1799356416    899678208
      120768            1           4.460       241536       120768
      120768            2          10.903       483072       241536
      120768            4           4.855       966144       483072
      120768            8           6.198      1932288       966144
      120768           16           8.775      3864576      1932288
      120768           32          15.426      7729152      3864576
      120768           64          29.013     15458304      7729152
      120768          128          50.602     30916608     15458304
      120768          256          79.335     61833216     30916608
      120768          512         155.183    123666432     61833216
      120768         1024         327.746    247332864    123666432
      120768         2048         598.691    494665728    247332864
      120768         4096        1195.440    989331456    494665728
      120768         8192        2393.624   1978662912    989331456
      132672            1           3.629       265344       132672
      132672            2          20.940       530688       265344
      132672            4          12.834      1061376       530688
      132672            8           5.629      2122752      1061376
      132672           16           9.861      4245504      2122752
      132672           32          17.528      8491008      4245504
      132672           64          31.447     16982016      8491008
      132672          128          56.290     33964032     16982016
      132672          256         104.847     67928064     33964032
      132672          512         173.217    135856128     67928064
      132672         1024         348.693    271712256    135856128
      132672         2048         693.043    543424512    271712256
      132672         4096        1359.134   1086849024    543424512
      145920            1           3.696       291840       145920
      145920            2          19.210       583680       291840
      145920            4          13.212      1167360       583680
      145920            8           6.878      2334720      1167360
      145920           16           9.776      4669440      2334720
      145920           32          18.001      9338880      4669440
      145920           64          32.174     18677760      9338880
      145920          128          57.938     37355520     18677760
      145920          256          96.389     74711040     37355520
      145920          512         187.666    149422080     74711040
      145920         1024         397.591    298844160    149422080
      145920         2048         737.700    597688320    298844160
      145920         4096        1487.364   1195376640    597688320
      160512            1           5.701       321024       160512
      160512            2          19.765       642048       321024
      160512            4           4.478      1284096       642048
      160512            8           5.369      2568192      1284096
      160512           16           9.684      5136384      2568192
      160512           32          18.766     10272768      5136384
      160512           64          36.005     20545536     10272768
      160512          128          57.394     41091072     20545536
      160512          256         121.399     82182144     41091072
      160512          512         205.712    164364288     82182144
      160512         1024         419.309    328728576    164364288
      160512         2048         819.811    657457152    328728576
      160512         4096        1632.509   1314914304    657457152
      176448            1           5.241       352896       176448
      176448            2           4.965       705792       352896
      176448            4           5.812      1411584       705792
      176448            8          13.845      2823168      1411584
      176448           16          10.871      5646336      2823168
      176448           32          22.128     11292672      5646336
      176448           64          41.568     22585344     11292672
      176448          128          64.249     45170688     22585344
      176448          256         118.187     90341376     45170688
      176448          512         254.126    180682752     90341376
      176448         1024         457.125    361365504    180682752
      176448         2048         904.777    722731008    361365504
      176448         4096        1807.652   1445462016    722731008
      193920            1           4.173       387840       193920
      193920            2           5.191       775680       387840
      193920            4          16.020      1551360       775680
      193920            8           8.084      3102720      1551360
      193920           16          11.477      6205440      3102720
      193920           32          23.083     12410880      6205440
      193920           64          43.807     24821760     12410880
      193920          128          66.058     49643520     24821760
      193920          256         144.633     99287040     49643520
      193920          512         259.468    198574080     99287040
      193920         1024         495.853    397148160    198574080
      193920         2048         992.371    794296320    397148160
      193920         4096        1972.806   1588592640    794296320
      213312            1           5.285       426624       213312
      213312            2           4.646       853248       426624
      213312            4           5.764      1706496       853248
      213312            8           9.906      3412992      1706496
      213312           16          12.882      6825984      3412992
      213312           32          26.404     13651968      6825984
      213312           64          47.039     27303936     13651968
      213312          128          71.842     54607872     27303936
      213312          256         138.878    109215744     54607872
      213312          512         286.683    218431488    109215744
      213312         1024         556.817    436862976    218431488
      213312         2048        1089.199    873725952    436862976
      213312         4096        2173.261   1747451904    873725952
      234624            1           5.950       469248       234624
      234624            2           4.652       938496       469248
      234624            4           5.713      1876992       938496
      234624            8           8.431      3753984      1876992
      234624           16          15.076      7507968      3753984
      234624           32          29.410     15015936      7507968
      234624           64          49.662     30031872     15015936
      234624          128          78.224     60063744     30031872
      234624          256         151.623    120127488     60063744
      234624          512         316.041    240254976    120127488
      234624         1024         609.919    480509952    240254976
      234624         2048        1193.106    961019904    480509952
      234624         4096        2394.112   1922039808    961019904
      258048            1           5.185       516096       258048
      258048            2          18.666      1032192       516096
      258048            4          14.490      2064384      1032192
      258048            8           8.952      4128768      2064384
      258048           16          13.645      8257536      4128768
      258048           32          30.646     16515072      8257536
      258048           64          51.842     33030144     16515072
      258048          128          84.674     66060288     33030144
      258048          256         183.364    132120576     66060288
      258048          512         332.353    264241152    132120576
      258048         1024         662.402    528482304    264241152
      258048         2048        1304.584   1056964608    528482304
      258048         4096        2604.101   2113929216   1056964608
      283776            1           7.374       567552       283776
      283776            2           4.182      1135104       567552
      283776            4          15.738      2270208      1135104
      283776            8          11.498      4540416      2270208
      283776           16          15.887      9080832      4540416
      283776           32          31.669     18161664      9080832
      283776           64          56.729     36323328     18161664
      283776          128          97.910     72646656     36323328
      283776          256         182.901    145293312     72646656
      283776          512         375.732    290586624    145293312
      283776         1024         715.693    581173248    290586624
      283776         2048        1448.569   1162346496    581173248
      312000            1           5.859       624000       312000
      312000            2           5.610      1248000       624000
      312000            4          11.403      2496000      1248000
      312000            8          11.179      4992000      2496000
      312000           16          17.160      9984000      4992000
      312000           32          32.534     19968000      9984000
      312000           64          61.751     39936000     19968000
      312000          128         100.374     79872000     39936000
      312000          256         204.827    159744000     79872000
      312000          512         387.210    319488000    159744000
      312000         1024         778.425    638976000    319488000
      312000         2048        1598.046   1277952000    638976000
      343104            1           5.954       686208       343104
      343104            2          23.493      1372416       686208
      343104            4           6.594      2744832      1372416
      343104            8          11.549      5489664      2744832
      343104           16          20.683     10979328      5489664
      343104           32          36.629     21958656     10979328
      343104           64          65.085     43917312     21958656
      343104          128         129.363     87834624     43917312
      343104          256         231.700    175669248     87834624
      343104          512         438.649    351338496    175669248
      343104         1024         877.010    702676992    351338496
      343104         2048        1743.519   1405353984    702676992
      377280            1           5.596       754560       377280
      377280            2           6.037      1509120       754560
      377280            4          15.847      3018240      1509120
      377280            8          11.123      6036480      3018240
      377280           16          20.386     12072960      6036480
      377280           32          41.901     24145920     12072960
      377280           64          69.824     48291840     24145920
      377280          128         121.995     96583680     48291840
      377280          256         245.222    193167360     96583680
      377280          512         468.191    386334720    193167360
      377280         1024         931.269    772669440    386334720
      377280         2048        1852.231   1545338880    772669440
      414912            1           6.514       829824       414912
      414912            2          15.995      1659648       829824
      414912            4          15.958      3319296      1659648
      414912            8          13.443      6638592      3319296
      414912           16          24.436     13277184      6638592
      414912           32          45.990     26554368     13277184
      414912           64          69.640     53108736     26554368
      414912          128         131.896    106217472     53108736
      414912          256         267.969    212434944    106217472
      414912          512         527.565    424869888    212434944
      414912         1024        1020.834    849739776    424869888
      414912         2048        2036.825   1699479552    849739776
      456384            1           5.689       912768       456384
      456384            2          33.996      1825536       912768
      456384            4           8.034      3651072      1825536
      456384            8          13.903      7302144      3651072
      456384           16          26.547     14604288      7302144
      456384           32          50.918     29208576     14604288
      456384           64          95.858     58417152     29208576
      456384          128         145.409    116834304     58417152
      456384          256         296.196    233668608    116834304
      456384          512         575.751    467337216    233668608
      456384         1024        1120.855    934674432    467337216
      456384         2048        2232.810   1869348864    934674432
      501888            1           6.655      1003776       501888
      501888            2          24.189      2007552      1003776
      501888            4           7.047      4015104      2007552
      501888            8          13.371      8030208      4015104
      501888           16          29.295     16060416      8030208
      501888           32          70.754     32120832     16060416
      501888           64          81.750     64241664     32120832
      501888          128         160.715    128483328     64241664
      501888          256         331.678    256966656    128483328
      501888          512         648.083    513933312    256966656
      501888         1024        1269.038   1027866624    513933312
      501888         2048        2544.825   2055733248   1027866624
      552000            1           7.824      1104000       552000
      552000            2          22.722      2208000      1104000
      552000            4          10.518      4416000      2208000
      552000            8          15.718      8832000      4416000
      552000           16          33.415     17664000      8832000
      552000           32          56.346     35328000     17664000
      552000           64          92.347     70656000     35328000
      552000          128         192.197    141312000     70656000
      552000          256         358.272    282624000    141312000
      552000          512         708.338    565248000    282624000
      552000         1024        1393.367   1130496000    565248000
      607104            1           9.296      1214208       607104
      607104            2           6.846      2428416      1214208
      607104            4          35.786      4856832      2428416
      607104            8          16.704      9713664      4856832
      607104           16          34.016     19427328      9713664
      607104           32          57.786     38854656     19427328
      607104           64          98.949     77709312     38854656
      607104          128         193.419    155418624     77709312
      607104          256         392.824    310837248    155418624
      607104          512         775.390    621674496    310837248
      607104         1024        1540.109   1243348992    621674496
      667776            1           9.343      1335552       667776
      667776            2          15.781      2671104      1335552
      667776            4           7.778      5342208      2671104
      667776            8          18.689     10684416      5342208
      667776           16          36.818     21368832     10684416
      667776           32          65.930     42737664     21368832
      667776           64         108.258     85475328     42737664
      667776          128         233.611    170950656     85475328
      667776          256         420.187    341901312    170950656
      667776          512         849.542    683802624    341901312
      667776         1024        1693.630   1367605248    683802624
      734400            1           8.525      1468800       734400
      734400            2          16.979      2937600      1468800
      734400            4           8.043      5875200      2937600
      734400            8          20.441     11750400      5875200
      734400           16          39.223     23500800     11750400
      734400           32          67.891     47001600     23500800
      734400           64         118.300     94003200     47001600
      734400          128         248.963    188006400     94003200
      734400          256         452.983    376012800    188006400
      734400          512         904.966    752025600    376012800
      734400         1024        1803.087   1504051200    752025600
      807744            1           9.287      1615488       807744
      807744            2          24.034      3230976      1615488
      807744            4          15.049      6461952      3230976
      807744            8          21.898     12923904      6461952
      807744           16          42.734     25847808     12923904
      807744           32          70.005     51695616     25847808
      807744           64         148.135    103391232     51695616
      807744          128         257.532    206782464    103391232
      807744          256         512.413    413564928    206782464
      807744          512        1030.862    827129856    413564928
      807744         1024        2064.258   1654259712    827129856
      888384            1          11.382      1776768       888384
      888384            2          28.511      3553536      1776768
      888384            4          12.333      7107072      3553536
      888384            8          24.657     14214144      7107072
      888384           16          46.389     28428288     14214144
      888384           32          76.710     56856576     28428288
      888384           64         143.300    113713152     56856576
      888384          128         296.700    227426304    113713152
      888384          256         560.249    454852608    227426304
      888384          512        1125.526    909705216    454852608
      888384         1024        2277.507   1819410432    909705216
      977088            1          11.167      1954176       977088
      977088            2          34.500      3908352      1954176
      977088            4          16.583      7816704      3908352
      977088            8          26.305     15633408      7816704
      977088           16          54.160     31266816     15633408
      977088           32          81.924     62533632     31266816
      977088           64         154.818    125067264     62533632
      977088          128         326.323    250134528    125067264
      977088          256         600.113    500269056    250134528
      977088          512        1219.941   1000538112    500269056
      977088         1024        2396.024   2001076224   1000538112
     1074624            1          13.515      2149248      1074624
     1074624            2           8.748      4298496      2149248
     1074624            4          15.244      8596992      4298496
     1074624            8          30.129     17193984      8596992
     1074624           16          78.661     34387968     17193984
     1074624           32          88.976     68775936     34387968
     1074624           64         170.708    137551872     68775936
     1074624          128         336.278    275103744    137551872
     1074624          256         678.792    550207488    275103744
     1074624          512        1320.603   1100414976    550207488
     1181952            1          13.889      2363904      1181952
     1181952            2          18.782      4727808      2363904
     1181952            4          17.286      9455616      4727808
     1181952            8          32.935     18911232      9455616
     1181952           16          60.021     37822464     18911232
     1181952           32          97.579     75644928     37822464
     1181952           64         187.704    151289856     75644928
     1181952          128         387.955    302579712    151289856
     1181952          256         740.677    605159424    302579712
     1181952          512        1499.693   1210318848    605159424
     1300032            1          14.713      2600064      1300032
     1300032            2          19.186      5200128      2600064
     1300032            4          20.174     10400256      5200128
     1300032            8          36.288     20800512     10400256
     1300032           16          67.427     41601024     20800512
     1300032           32         124.401     83202048     41601024
     1300032           64         206.931    166404096     83202048
     1300032          128         411.197    332808192    166404096
     1300032          256         825.052    665616384    332808192
     1300032          512        1652.657   1331232768    665616384
     1430016            1          18.520      2860032      1430016
     1430016            2          18.562      5720064      2860032
     1430016            4          21.975     11440128      5720064
     1430016            8          38.087     22880256     11440128
     1430016           16          66.597     45760512     22880256
     1430016           32         114.737     91521024     45760512
     1430016           64         242.018    183042048     91521024
     1430016          128         448.455    366084096    183042048
     1430016          256         904.203    732168192    366084096
     1430016          512        1807.883   1464336384    732168192
     1572864            1          24.047      3145728      1572864
     1572864            2          12.705      6291456      3145728
     1572864            4          23.098     12582912      6291456
     1572864            8          41.852     25165824     12582912
     1572864           16          73.363     50331648     25165824
     1572864           32         124.559    100663296     50331648
     1572864           64         263.275    201326592    100663296
     1572864          128         494.177    402653184    201326592
     1572864          256         992.767    805306368    402653184
     1572864          512        1983.106   1610612736    805306368
     1730112            1          29.338      3460224      1730112
     1730112            2          12.721      6920448      3460224
     1730112            4          25.810     13840896      6920448
     1730112            8          47.633     27681792     13840896
     1730112           16          76.447     55363584     27681792
     1730112           32         138.630    110727168     55363584
     1730112           64         274.302    221454336    110727168
     1730112          128         554.955    442908672    221454336
     1730112          256        1093.674    885817344    442908672
     1730112          512        2194.204   1771634688    885817344
     1903104            1          34.423      3806208      1903104
     1903104            2          12.202      7612416      3806208
     1903104            4          27.856     15224832      7612416
     1903104            8          47.297     30449664     15224832
     1903104           16          82.932     60899328     30449664
     1903104           32         149.971    121798656     60899328
     1903104           64         298.312    243597312    121798656
     1903104          128         605.135    487194624    243597312
     1903104          256        1199.323    974389248    487194624
     1903104          512        2393.745   1948778496    974389248
     2093376            1          34.541      4186752      2093376
     2093376            2          14.062      8373504      4186752
     2093376            4          28.041     16747008      8373504
     2093376            8          52.706     33494016     16747008
     2093376           16          90.450     66988032     33494016
     2093376           32         168.600    133976064     66988032
     2093376           64         343.912    267952128    133976064
     2093376          128         658.222    535904256    267952128
     2093376          256        1330.157   1071808512    535904256
     2093376          512        2636.696   2143617024   1071808512
     2302656            1          35.443      4605312      2302656
     2302656            2          14.683      9210624      4605312
     2302656            4          31.751     18421248      9210624
     2302656            8          62.093     36842496     18421248
     2302656           16          94.604     73684992     36842496
     2302656           32         184.018    147369984     73684992
     2302656           64         361.385    294739968    147369984
     2302656          128         730.448    589479936    294739968
     2302656          256        1440.642   1178959872    589479936
     2532864            1          34.270      5065728      2532864
     2532864            2          17.214     10131456      5065728
     2532864            4          31.442     20262912     10131456
     2532864            8          66.504     40525824     20262912
     2532864           16         101.111     81051648     40525824
     2532864           32         198.030    162103296     81051648
     2532864           64         410.932    324206592    162103296
     2532864          128         801.993    648413184    324206592
     2532864          256        1586.183   1296826368    648413184
     2786112            1          59.691      5572224      2786112
     2786112            2          18.198     11144448      5572224
     2786112            4          34.482     22288896     11144448
     2786112            8          71.840     44577792     22288896
     2786112           16         112.288     89155584     44577792
     2786112           32         218.049    178311168     89155584
     2786112           64         435.333    356622336    178311168
     2786112          128         882.040    713244672    356622336
     2786112          256        1755.528   1426489344    713244672
     3064704            1          50.851      6129408      3064704
     3064704            2          20.052     12258816      6129408
     3064704            4          41.499     24517632     12258816
     3064704            8          73.396     49035264     24517632
     3064704           16         121.520     98070528     49035264
     3064704           32         239.421    196141056     98070528
     3064704           64         489.456    392282112    196141056
     3064704          128         965.221    784564224    392282112
     3064704          256        1929.891   1569128448    784564224
     3371136            1          38.459      6742272      3371136
     3371136            2          21.957     13484544      6742272
     3371136            4          46.177     26969088     13484544
     3371136            8          75.972     53938176     26969088
     3371136           16         134.149    107876352     53938176
     3371136           32         282.263    215752704    107876352
     3371136           64         524.643    431505408    215752704
     3371136          128        1058.270    863010816    431505408
     3371136          256        2115.863   1726021632    863010816
     3708096            1          51.898      7416192      3708096
     3708096            2          23.621     14832384      7416192
     3708096            4          46.708     29664768     14832384
     3708096            8          80.854     59329536     29664768
     3708096           16         147.894    118659072     59329536
     3708096           32         292.718    237318144    118659072
     3708096           64         592.729    474636288    237318144
     3708096          128        1156.580    949272576    474636288
     3708096          256        2318.576   1898545152    949272576
     4078848            1          56.368      8157696      4078848
     4078848            2          26.150     16315392      8157696
     4078848            4          50.767     32630784     16315392
     4078848            8          90.038     65261568     32630784
     4078848           16         159.781    130523136     65261568
     4078848           32         334.799    261046272    130523136
     4078848           64         631.923    522092544    261046272
     4078848          128        1277.627   1044185088    522092544
     4078848          256        2557.845   2088370176   1044185088
     4486656            1          60.289      8973312      4486656
     4486656            2          28.129     17946624      8973312
     4486656            4          73.274     35893248     17946624
     4486656            8          96.339     71786496     35893248
     4486656           16         175.355    143572992     71786496
     4486656           32         350.785    287145984    143572992
     4486656           64         701.278    574291968    287145984
     4486656          128        1403.082   1148583936    574291968
     4935168            1          65.898      9870336      4935168
     4935168            2          31.350     19740672      9870336
     4935168            4          60.241     39481344     19740672
     4935168            8         104.825     78962688     39481344
     4935168           16         191.715    157925376     78962688
     4935168           32        1846.582    315850752    157925376
     4935168           64         805.763    631701504    315850752
     4935168          128        1538.990   1263403008    631701504
     5428608            1          70.472     10857216      5428608
     5428608            2          34.146     21714432     10857216
     5428608            4          63.248     43428864     21714432
     5428608            8         111.250     86857728     43428864
     5428608           16         211.339    173715456     86857728
     5428608           32         433.455    347430912    173715456
     5428608           64         858.035    694861824    347430912
     5428608          128        1695.864   1389723648    694861824
     5971392            1          76.254     11942784      5971392
     5971392            2          36.296     23885568     11942784
     5971392            4          70.593     47771136     23885568
     5971392            8         118.565     95542272     47771136
     5971392           16         235.127    191084544     95542272
     5971392           32         478.437    382169088    191084544
     5971392           64         937.609    764338176    382169088
     5971392          128        1850.604   1528676352    764338176
     6568512            1          77.062     13137024      6568512
     6568512            2          39.244     26274048     13137024
     6568512            4          77.675     52548096     26274048
     6568512            8         132.041    105096192     52548096
     6568512           16         255.166    210192384    105096192
     6568512           32         524.744    420384768    210192384
     6568512           64        1022.359    840769536    420384768
     6568512          128        2043.862   1681539072    840769536
     7225344            1          85.050     14450688      7225344
     7225344            2          63.503     28901376     14450688
     7225344            4          82.537     57802752     28901376
     7225344            8         142.694    115605504     57802752
     7225344           16         281.586    231211008    115605504
     7225344           32         574.224    462422016    231211008
     7225344           64        1131.060    924844032    462422016
     7225344          128        2247.011   1849688064    924844032
     7947840            1         108.249     15895680      7947840
     7947840            2          46.350     31791360     15895680
     7947840            4          89.614     63582720     31791360
     7947840            8         159.580    127165440     63582720
     7947840           16         308.739    254330880    127165440
     7947840           32         625.539    508661760    254330880
     7947840           64        1228.448   1017323520    508661760
     7947840          128        2456.538   2034647040   1017323520
     8742528            1          97.826     17485056      8742528
     8742528            2          49.961     34970112     17485056
     8742528            4          98.252     69940224     34970112
     8742528            8         171.014    139880448     69940224
     8742528           16         356.011    279760896    139880448
     8742528           32         680.532    559521792    279760896
     8742528           64        1366.180   1119043584    559521792
     9616704            1         109.982     19233408      9616704
     9616704            2          53.494     38466816     19233408
     9616704            4         106.326     76933632     38466816
     9616704            8         206.883    153867264     76933632
     9616704           16         371.137    307734528    153867264
     9616704           32         748.383    615469056    307734528
     9616704           64        1474.447   1230938112    615469056
    10578240            1         143.795     21156480     10578240
    10578240            2          58.116     42312960     21156480
    10578240            4         114.493     84625920     42312960
    10578240            8         207.284    169251840     84625920
    10578240           16         410.506    338503680    169251840
    10578240           32         822.586    677007360    338503680
    10578240           64        1635.583   1354014720    677007360
    11635968            1         133.838     23271936     11635968
    11635968            2          65.469     46543872     23271936
    11635968            4         139.726     93087744     46543872
    11635968            8         227.405    186175488     93087744
    11635968           16         451.081    372350976    186175488
    11635968           32         900.302    744701952    372350976
    11635968           64        1793.344   1489403904    744701952
    12799488            1         159.553     25598976     12799488
    12799488            2          72.536     51197952     25598976
    12799488            4         134.062    102395904     51197952
    12799488            8         250.379    204791808    102395904
    12799488           16         512.367    409583616    204791808
    12799488           32        1011.512    819167232    409583616
    12799488           64        1991.269   1638334464    819167232
    14079360            1         159.756     28158720     14079360
    14079360            2          80.173     56317440     28158720
    14079360            4         142.290    112634880     56317440
    14079360            8         294.429    225269760    112634880
    14079360           16         548.996    450539520    225269760
    14079360           32        1089.617    901079040    450539520
    14079360           64        2167.823   1802158080    901079040
    15487296            1         172.638     30974592     15487296
    15487296            2          82.761     61949184     30974592
    15487296            4         152.202    123898368     61949184
    15487296            8         300.579    247796736    123898368
    15487296           16         612.355    495593472    247796736
    15487296           32        1193.075    991186944    495593472
    15487296           64        2390.729   1982373888    991186944
    17035968            1         188.517     34071936     17035968
    17035968            2          91.136     68143872     34071936
    17035968            4         167.349    136287744     68143872
    17035968            8         353.133    272575488    136287744
    17035968           16         654.320    545150976    272575488
    17035968           32        1324.186   1090301952    545150976
    18739392            1         210.941     37478784     18739392
    18739392            2         103.006     74957568     37478784
    18739392            4         189.647    149915136     74957568
    18739392            8         383.543    299830272    149915136
    18739392           16         730.976    599660544    299830272
    18739392           32        1441.212   1199321088    599660544
    20613312            1         245.588     41226624     20613312
    20613312            2         125.531     82453248     41226624
    20613312            4         205.878    164906496     82453248
    20613312            8         400.813    329812992    164906496
    20613312           16         808.840    659625984    329812992
    20613312           32        1614.748   1319251968    659625984
    22674624            1         250.614     45349248     22674624
    22674624            2         131.548     90698496     45349248
    22674624            4         224.587    181396992     90698496
    22674624            8         443.979    362793984    181396992
    22674624           16         889.943    725587968    362793984
    22674624           32        1758.256   1451175936    725587968
    24941952            1         240.401     49883904     24941952
    24941952            2         140.119     99767808     49883904
    24941952            4         245.300    199535616     99767808
    24941952            8         508.824    399071232    199535616
    24941952           16         988.214    798142464    399071232
    24941952           32        1948.852   1596284928    798142464
    27436032            1         190.359     54872064     27436032
    27436032            2         154.094    109744128     54872064
    27436032            4         274.760    219488256    109744128
    27436032            8         556.702    438976512    219488256
    27436032           16        1087.534    877953024    438976512
    27436032           32        2150.005   1755906048    877953024
    30179520            1         175.887     60359040     30179520
    30179520            2         169.951    120718080     60359040
    30179520            4         303.887    241436160    120718080
    30179520            8         612.869    482872320    241436160
    30179520           16        1187.202    965744640    482872320
    30179520           32        2363.283   1931489280    965744640
    33197376            1         196.796     66394752     33197376
    33197376            2         189.498    132789504     66394752
    33197376            4         346.307    265579008    132789504
    33197376            8         649.546    531158016    265579008
    33197376           16        1299.790   1062316032    531158016
    33197376           32        2601.916   2124632064   1062316032
    36517056            1         238.318     73034112     36517056
    36517056            2         214.413    146068224     73034112
    36517056            4         363.208    292136448    146068224
    36517056            8         729.649    584272896    292136448
    36517056           16        1425.250   1168545792    584272896
    40168704            1         264.130     80337408     40168704
    40168704            2         261.195    160674816     80337408
    40168704            4         419.137    321349632    160674816
    40168704            8         783.791    642699264    321349632
    40168704           16        1576.127   1285398528    642699264
    44185536            1         311.438     88371072     44185536
    44185536            2         313.387    176742144     88371072
    44185536            4         443.042    353484288    176742144
    44185536            8         888.426    706968576    353484288
    44185536           16        1759.407   1413937152    706968576
    48604032            1         363.113     97208064     48604032
    48604032            2         412.057    194416128     97208064
    48604032            4         587.838    388832256    194416128
    48604032            8        1086.152    777664512    388832256
    48604032           16        2103.411   1555329024    777664512
    53464320            1         378.767    106928640     53464320
    53464320            2         525.892    213857280    106928640
    53464320            4         717.512    427714560    213857280
    53464320            8        1322.337    855429120    427714560
    53464320           16        2517.087   1710858240    855429120
    58810752            1         409.388    117621504     58810752
    58810752            2         624.678    235243008    117621504
    58810752            4         864.155    470486016    235243008
    58810752            8        1518.254    940972032    470486016
    58810752           16        2912.267   1881944064    940972032
    64691712            1         448.553    129383424     64691712
    64691712            2         736.050    258766848    129383424
    64691712            4         993.992    517533696    258766848
    64691712            8        1788.631   1035067392    517533696
    64691712           16        3242.244   2070134784   1035067392
    71160768            1         536.102    142321536     71160768
    71160768            2         869.969    284643072    142321536
    71160768            4        1115.176    569286144    284643072
    71160768            8        1989.364   1138572288    569286144
    78276672            1         598.079    156553344     78276672
    78276672            2         987.229    313106688    156553344
    78276672            4        1314.727    626213376    313106688
    78276672            8        2255.406   1252426752    626213376
    86104320            1         648.527    172208640     86104320
    86104320            2        1121.224    344417280    172208640
    86104320            4        1558.310    688834560    344417280
    86104320            8        2635.731   1377669120    688834560
    94714752            1         759.812    189429504     94714752
    94714752            2        1381.425    378859008    189429504
    94714752            4        1834.834    757718016    378859008
    94714752            8        3240.266   1515436032    757718016
   104186112            1         855.415    208372224    104186112
   104186112            2        1577.857    416744448    208372224
   104186112            4        2197.006    833488896    416744448
   104186112            8        3732.362   1666977792    833488896
   114604608            1         985.375    229209216    114604608
   114604608            2        1826.298    458418432    229209216
   114604608            4        2603.961    916836864    458418432
   114604608            8        4420.968   1833673728    916836864
   126064896            1        1078.121    252129792    126064896
   126064896            2        2048.847    504259584    252129792
   126064896            4        3006.220   1008519168    504259584
   126064896            8        5068.489   2017038336   1008519168
   138671232            1        1206.241    277342464    138671232
   138671232            2        2327.852    554684928    277342464
   138671232            4        3455.005   1109369856    554684928
   152538240            1        1376.908    305076480    152538240
   152538240            2        2610.142    610152960    305076480
   152538240            4        3908.295   1220305920    610152960
   167792064            1        1517.716    335584128    167792064
   167792064            2        2931.216    671168256    335584128
   167792064            4        4444.045   1342336512    671168256
   184571136            1        1711.026    369142272    184571136
   184571136            2        3282.792    738284544    369142272
   184571136            4        4991.954   1476569088    738284544
   203028096            1        1892.025    406056192    203028096
   203028096            2        3698.497    812112384    406056192
   203028096            4        5599.555   1624224768    812112384
   223330752            1        2120.527    446661504    223330752
   223330752            2        4183.317    893323008    446661504
   223330752            4        6306.650   1786646016    893323008
   245663808            1        2365.187    491327616    245663808
   245663808            2        4652.110    982655232    491327616
   245663808            4        7040.591   1965310464    982655232
   270230016            1        2672.746    540460032    270230016
   270230016            2        5216.905   1080920064    540460032
   297252864            1        3202.681    594505728    297252864
   297252864            2        6386.641   1189011456    594505728
   326978112            1        3538.196    653956224    326978112
   326978112            2        6803.214   1307912448    653956224
   359675904            1        3609.408    719351808    359675904
   359675904            2        7191.304   1438703616    719351808
   395643456            1        4069.584    791286912    395643456
   395643456            2        8217.629   1582573824    791286912
   435207744            1        4500.657    870415488    435207744
   435207744            2        8891.865   1740830976    870415488
   478728384            1        5069.029    957456768    478728384
   478728384            2        9988.037   1914913536    957456768
   526601088            1        5536.177   1053202176    526601088
   526601088            2       10993.822   2106404352   1053202176
   579261120            1        6100.695   1158522240    579261120
   637187136            1        6811.360   1274374272    637187136
   700905792            1        8953.173   1401811584    700905792
   770996352            1        8278.867   1541992704    770996352
   848095872            1        9030.284   1696191744    848095872
   932905344            1       10018.295   1865810688    932905344
  1026195840            1       11011.194   2052391680   1026195840

META_DATA
FLOPS          8
MPI_PROCS      1
OPENMP_THREADS 24
ERT_VERSION  1.1.0
HOSTNAME  ('deepv.deep', [], ['10.2.8.6'])
UNAME  uname_result(system='Linux', node='deepv', release='4.18.0-513.24.1.el8_9.x86_64', version='#1 SMP Thu Apr 4 18:13:02 UTC 2024', machine='x86_64')
TIMESTAMP_DATA  1713374688.5482771
CONFIG  {'ERT_RESULTS': ['Results.cn.deep.fz-juelich.de.01.gcc2023-O3-fastmath'], 'ERT_DRIVER': ['driver1'], 'ERT_KERNEL': ['kernel1'], 'ERT_MPI': ['True'], 'ERT_MPI_CFLAGS': ['-I', '/p/software/deep/stages/2023/software/psmpi/5.9.2-1-GCC-11.3.0/include'], 'ERT_MPI_LDFLAGS': ['-L', '/p/software/deep/stages/2023/software/psmpi/5.9.2-1-GCC-11.3.0/lib', '-lmpi'], 'ERT_OPENMP': ['True'], 'ERT_OPENMP_CFLAGS': ['-fopenmp'], 'ERT_OPENMP_LDFLAGS': ['-fopenmp'], 'ERT_FLOPS': ['1,2,4,8,16,64,128'], 'ERT_ALIGN': ['64'], 'ERT_CC': ['mpicxx'], 'ERT_CFLAGS': ['-g', '-O3', '-mavx'], 'ERT_LD': ['mpicxx'], 'ERT_LDFLAGS': [], 'ERT_LDLIBS': [], 'ERT_PRECISION': ['FP64'], 'ERT_RUN': ['export', 'OMP_NUM_THREADS=ERT_OPENMP_THREADS;', 'export', 'OMP_PLACES="cores(ERT_OPENMP_THREADS)";', 'srun', '-p', 'dp-cn', '-n', 'ERT_MPI_PROCS', '-c', '48', '--ntasks-per-node', '1', 'ERT_CODE'], 'ERT_PROCS_THREADS': ['24'], 'ERT_MPI_PROCS': ['1'], 'ERT_OPENMP_THREADS': ['24'], 'ERT_NUM_EXPERIMENTS': ['5'], 'ERT_MEMORY_MAX': ['1073741824'], 'ERT_WORKING_SET_MIN': ['128'], 'ERT_TRIALS_MIN': ['1'], 'ERT_GNUPLOT': ['gnuplot'], 'ERT_GPU': [False], 'ERT_HIP': [False], 'ERT_OCL': [False], 'ERT_SYCL': [False], 'ERT_WSS_MULT': [1.1]}
