fp64
       24576            1           2.185        49152        24576
       24576            2           4.910        98304        49152
       24576            4           4.437       196608        98304
       24576            8           4.473       393216       196608
       24576           16           6.663       786432       393216
       24576           32           4.109      1572864       786432
       24576           64           8.023      3145728      1572864
       24576          128          12.396      6291456      3145728
       24576          256          24.012     12582912      6291456
       24576          512          48.351     25165824     12582912
       24576         1024          90.922     50331648     25165824
       24576         2048         126.235    100663296     50331648
       24576         4096         263.836    201326592    100663296
       24576         8192         509.044    402653184    201326592
       24576        16384         986.248    805306368    402653184
       24576        32768        2010.726   1610612736    805306368
       26880            1           1.437        53760        26880
       26880            2           3.876       107520        53760
       26880            4          14.254       215040       107520
       26880            8           3.387       430080       215040
       26880           16           3.930       860160       430080
       26880           32           5.583      1720320       860160
       26880           64           9.135      3440640      1720320
       26880          128          13.795      6881280      3440640
       26880          256          27.899     13762560      6881280
       26880          512          52.741     27525120     13762560
       26880         1024          75.907     55050240     27525120
       26880         2048         142.408    110100480     55050240
       26880         4096         279.501    220200960    110100480
       26880         8192         564.628    440401920    220200960
       26880        16384        1111.317    880803840    440401920
       26880        32768        2213.943   1761607680    880803840
       29568            1           2.516        59136        29568
       29568            2           3.362       118272        59136
       29568            4           5.269       236544       118272
       29568            8          14.429       473088       236544
       29568           16           3.914       946176       473088
       29568           32           5.582      1892352       946176
       29568           64           8.112      3784704      1892352
       29568          128          14.431      7569408      3784704
       29568          256          33.285     15138816      7569408
       29568          512          58.658     30277632     15138816
       29568         1024          80.661     60555264     30277632
       29568         2048         156.126    121110528     60555264
       29568         4096         316.986    242221056    121110528
       29568         8192         600.404    484442112    242221056
       29568        16384        1200.643    968884224    484442112
       29568        32768        2399.895   1937768448    968884224
       32448            1           3.174        64896        32448
       32448            2           3.796       129792        64896
       32448            4           5.069       259584       129792
       32448            8          10.994       519168       259584
       32448           16           4.790      1038336       519168
       32448           32           5.809      2076672      1038336
       32448           64           8.930      4153344      2076672
       32448          128          14.965      8306688      4153344
       32448          256          51.413     16613376      8306688
       32448          512          62.045     33226752     16613376
       32448         1024          90.589     66453504     33226752
       32448         2048         183.292    132907008     66453504
       32448         4096         333.222    265814016    132907008
       32448         8192         676.332    531628032    265814016
       32448        16384        1317.877   1063256064    531628032
       32448        32768        2644.153   2126512128   1063256064
       35520            1           2.439        71040        35520
       35520            2           5.206       142080        71040
       35520            4           3.908       284160       142080
       35520            8          21.675       568320       284160
       35520           16           6.060      1136640       568320
       35520           32          23.434      2273280      1136640
       35520           64          10.139      4546560      2273280
       35520          128          19.186      9093120      4546560
       35520          256          37.175     18186240      9093120
       35520          512          63.620     36372480     18186240
       35520         1024          94.596     72744960     36372480
       35520         2048         190.519    145489920     72744960
       35520         4096         361.249    290979840    145489920
       35520         8192         734.817    581959680    290979840
       35520        16384        1481.867   1163919360    581959680
       38976            1           3.203        77952        38976
       38976            2          30.236       155904        77952
       38976            4           4.931       311808       155904
       38976            8           4.220       623616       311808
       38976           16           4.404      1247232       623616
       38976           32           6.216      2494464      1247232
       38976           64          11.186      4988928      2494464
       38976          128          17.539      9977856      4988928
       38976          256          37.817     19955712      9977856
       38976          512          70.730     39911424     19955712
       38976         1024         124.285     79822848     39911424
       38976         2048         212.831    159645696     79822848
       38976         4096         407.245    319291392    159645696
       38976         8192         805.774    638582784    319291392
       38976        16384        1603.691   1277165568    638582784
       42816            1           1.274        85632        42816
       42816            2           3.898       171264        85632
       42816            4          12.845       342528       171264
       42816            8           4.907       685056       342528
       42816           16           4.235      1370112       685056
       42816           32           8.583      2740224      1370112
       42816           64          11.606      5480448      2740224
       42816          128          23.247     10960896      5480448
       42816          256          40.794     21921792     10960896
       42816          512          64.592     43843584     21921792
       42816         1024         130.438     87687168     43843584
       42816         2048         237.472    175374336     87687168
       42816         4096         436.342    350748672    175374336
       42816         8192         881.328    701497344    350748672
       42816        16384        1752.749   1402994688    701497344
       47040            1           1.171        94080        47040
       47040            2           4.032       188160        94080
       47040            4           3.642       376320       188160
       47040            8          14.475       752640       376320
       47040           16           4.782      1505280       752640
       47040           32          25.081      3010560      1505280
       47040           64          14.344      6021120      3010560
       47040          128          23.756     12042240      6021120
       47040          256          42.943     24084480     12042240
       47040          512          70.627     48168960     24084480
       47040         1024         132.849     96337920     48168960
       47040         2048         299.445    192675840     96337920
       47040         4096         776.613    385351680    192675840
       47040         8192         974.197    770703360    385351680
       47040        16384        1902.835   1541406720    770703360
       51648            1           3.003       103296        51648
       51648            2           4.976       206592       103296
       51648            4          36.416       413184       206592
       51648            8           4.145       826368       413184
       51648           16           4.448      1652736       826368
       51648           32           8.957      3305472      1652736
       51648           64          13.300      6610944      3305472
       51648          128          43.968     13221888      6610944
       51648          256          49.793     26443776     13221888
       51648          512          75.225     52887552     26443776
       51648         1024         148.375    105775104     52887552
       51648         2048         267.555    211550208    105775104
       51648         4096         533.641    423100416    211550208
       51648         8192        1045.663    846200832    423100416
       51648        16384        2096.272   1692401664    846200832
       56640            1           1.295       113280        56640
       56640            2           5.124       226560       113280
       56640            4           4.058       453120       226560
       56640            8           4.773       906240       453120
       56640           16           6.113      1812480       906240
       56640           32           7.879      3624960      1812480
       56640           64          13.128      7249920      3624960
       56640          128          27.586     14499840      7249920
       56640          256          54.198     28999680     14499840
       56640          512          98.683     57999360     28999680
       56640         1024         148.745    115998720     57999360
       56640         2048         289.219    231997440    115998720
       56640         4096         584.813    463994880    231997440
       56640         8192        1150.867    927989760    463994880
       56640        16384        2296.528   1855979520    927989760
       62208            1           2.845       124416        62208
       62208            2           4.845       248832       124416
       62208            4          14.042       497664       248832
       62208            8           5.873       995328       497664
       62208           16           6.194      1990656       995328
       62208           32           9.626      3981312      1990656
       62208           64          14.096      7962624      3981312
       62208          128          31.041     15925248      7962624
       62208          256          58.832     31850496     15925248
       62208          512          84.883     63700992     31850496
       62208         1024         174.279    127401984     63700992
       62208         2048         324.843    254803968    127401984
       62208         4096         647.663    509607936    254803968
       62208         8192        1269.382   1019215872    509607936
       62208        16384        2543.484   2038431744   1019215872
       68352            1           6.031       136704        68352
       68352            2          20.296       273408       136704
       68352            4           2.286       546816       273408
       68352            8           5.033      1093632       546816
       68352           16           7.442      2187264      1093632
       68352           32           9.985      4374528      2187264
       68352           64          30.979      8749056      4374528
       68352          128          30.724     17498112      8749056
       68352          256          65.638     34996224     17498112
       68352          512          96.162     69992448     34996224
       68352         1024         177.073    139984896     69992448
       68352         2048         350.343    279969792    139984896
       68352         4096         707.034    559939584    279969792
       68352         8192        1393.337   1119879168    559939584
       75072            1           1.857       150144        75072
       75072            2           3.766       300288       150144
       75072            4          20.697       600576       300288
       75072            8           3.320      1201152       600576
       75072           16           5.693      2402304      1201152
       75072           32          11.461      4804608      2402304
       75072           64          16.997      9609216      4804608
       75072          128          41.124     19218432      9609216
       75072          256          62.050     38436864     19218432
       75072          512         102.670     76873728     38436864
       75072         1024         205.213    153747456     76873728
       75072         2048         409.249    307494912    153747456
       75072         4096         785.558    614989824    307494912
       75072         8192        1556.038   1229979648    614989824
       82560            1           2.080       165120        82560
       82560            2           4.473       330240       165120
       82560            4           3.946       660480       330240
       82560            8           4.361      1320960       660480
       82560           16           7.023      2641920      1320960
       82560           32          11.700      5283840      2641920
       82560           64          17.314     10567680      5283840
       82560          128          40.589     21135360     10567680
       82560          256          66.425     42270720     21135360
       82560          512         111.706     84541440     42270720
       82560         1024         222.060    169082880     84541440
       82560         2048         442.165    338165760    169082880
       82560         4096         851.782    676331520    338165760
       82560         8192        1686.588   1352663040    676331520
       90816            1           2.729       181632        90816
       90816            2           4.755       363264       181632
       90816            4          16.138       726528       363264
       90816            8          15.419      1453056       726528
       90816           16           7.029      2906112      1453056
       90816           32          13.539      5812224      2906112
       90816           64          19.938     11624448      5812224
       90816          128          42.426     23248896     11624448
       90816          256          69.351     46497792     23248896
       90816          512         124.584     92995584     46497792
       90816         1024         244.294    185991168     92995584
       90816         2048         451.054    371982336    185991168
       90816         4096         910.682    743964672    371982336
       90816         8192        1803.323   1487929344    743964672
       99840            1           3.865       199680        99840
       99840            2           3.934       399360       199680
       99840            4          15.583       798720       399360
       99840            8           3.003      1597440       798720
       99840           16           9.716      3194880      1597440
       99840           32          12.871      6389760      3194880
       99840           64          22.646     12779520      6389760
       99840          128          45.816     25559040     12779520
       99840          256          71.641     51118080     25559040
       99840          512         148.651    102236160     51118080
       99840         1024         264.482    204472320    102236160
       99840         2048         513.749    408944640    204472320
       99840         4096        1024.516    817889280    408944640
       99840         8192        2033.726   1635778560    817889280
      109824            1           4.146       219648       109824
      109824            2           3.459       439296       219648
      109824            4          21.318       878592       439296
      109824            8           5.252      1757184       878592
      109824           16           9.373      3514368      1757184
      109824           32          13.351      7028736      3514368
      109824           64          27.132     14057472      7028736
      109824          128          52.745     28114944     14057472
      109824          256          74.864     56229888     28114944
      109824          512         143.713    112459776     56229888
      109824         1024         310.455    224919552    112459776
      109824         2048         558.127    449839104    224919552
      109824         4096        1117.954    899678208    449839104
      109824         8192        2239.474   1799356416    899678208
      120768            1           3.752       241536       120768
      120768            2           4.992       483072       241536
      120768            4           5.768       966144       483072
      120768            8          11.737      1932288       966144
      120768           16           9.081      3864576      1932288
      120768           32          14.243      7729152      3864576
      120768           64          30.677     15458304      7729152
      120768          128          55.652     30916608     15458304
      120768          256          97.305     61833216     30916608
      120768          512         153.418    123666432     61833216
      120768         1024         301.850    247332864    123666432
      120768         2048         605.724    494665728    247332864
      120768         4096        1194.065    989331456    494665728
      120768         8192        2377.911   1978662912    989331456
      132672            1           1.582       265344       132672
      132672            2           2.844       530688       265344
      132672            4           3.400      1061376       530688
      132672            8          20.792      2122752      1061376
      132672           16           9.284      4245504      2122752
      132672           32          15.625      8491008      4245504
      132672           64          33.464     16982016      8491008
      132672          128          65.264     33964032     16982016
      132672          256          89.358     67928064     33964032
      132672          512         173.245    135856128     67928064
      132672         1024         354.309    271712256    135856128
      132672         2048         674.697    543424512    271712256
      132672         4096        1367.207   1086849024    543424512
      145920            1           2.486       291840       145920
      145920            2           4.797       583680       291840
      145920            4          15.450      1167360       583680
      145920            8           7.167      2334720      1167360
      145920           16           9.699      4669440      2334720
      145920           32          17.213      9338880      4669440
      145920           64          35.050     18677760      9338880
      145920          128          58.466     37355520     18677760
      145920          256          96.985     74711040     37355520
      145920          512         205.125    149422080     74711040
      145920         1024         372.042    298844160    149422080
      145920         2048         753.049    597688320    298844160
      145920         4096        1479.932   1195376640    597688320
      160512            1           3.814       321024       160512
      160512            2           4.321       642048       321024
      160512            4          13.938      1284096       642048
      160512            8          14.926      2568192      1284096
      160512           16          12.946      5136384      2568192
      160512           32          18.039     10272768      5136384
      160512           64          38.892     20545536     10272768
      160512          128          63.411     41091072     20545536
      160512          256         108.549     82182144     41091072
      160512          512         216.793    164364288     82182144
      160512         1024         424.354    328728576    164364288
      160512         2048         820.561    657457152    328728576
      160512         4096        1623.455   1314914304    657457152
      176448            1           2.105       352896       176448
      176448            2           4.564       705792       352896
      176448            4          16.485      1411584       705792
      176448            8           9.188      2823168      1411584
      176448           16           9.606      5646336      2823168
      176448           32          19.444     11292672      5646336
      176448           64          41.243     22585344     11292672
      176448          128          71.538     45170688     22585344
      176448          256         117.607     90341376     45170688
      176448          512         227.464    180682752     90341376
      176448         1024         469.004    361365504    180682752
      176448         2048         907.418    722731008    361365504
      176448         4096        1810.392   1445462016    722731008
      193920            1           2.513       387840       193920
      193920            2          19.516       775680       387840
      193920            4           5.475      1551360       775680
      193920            8           6.922      3102720      1551360
      193920           16          12.354      6205440      3102720
      193920           32          24.974     12410880      6205440
      193920           64          44.561     24821760     12410880
      193920          128          66.222     49643520     24821760
      193920          256         127.473     99287040     49643520
      193920          512         274.368    198574080     99287040
      193920         1024         496.422    397148160    198574080
      193920         2048         991.713    794296320    397148160
      193920         4096        1974.621   1588592640    794296320
      213312            1           5.787       426624       213312
      213312            2          20.530       853248       426624
      213312            4           3.863      1706496       853248
      213312            8           8.139      3412992      1706496
      213312           16          13.193      6825984      3412992
      213312           32          26.493     13651968      6825984
      213312           64          50.042     27303936     13651968
      213312          128          72.192     54607872     27303936
      213312          256         141.723    109215744     54607872
      213312          512         280.194    218431488    109215744
      213312         1024         557.959    436862976    218431488
      213312         2048        1093.271    873725952    436862976
      213312         4096        2175.656   1747451904    873725952
      234624            1           2.540       469248       234624
      234624            2          12.415       938496       469248
      234624            4          15.598      1876992       938496
      234624            8           7.472      3753984      1876992
      234624           16          15.027      7507968      3753984
      234624           32          23.745     15015936      7507968
      234624           64          54.841     30031872     15015936
      234624          128          79.515     60063744     30031872
      234624          256         160.100    120127488     60063744
      234624          512         305.665    240254976    120127488
      234624         1024         607.990    480509952    240254976
      234624         2048        1199.140    961019904    480509952
      234624         4096        2391.082   1922039808    961019904
      258048            1           2.532       516096       258048
      258048            2           4.506      1032192       516096
      258048            4           6.967      2064384      1032192
      258048            8           9.773      4128768      2064384
      258048           16          14.649      8257536      4128768
      258048           32          29.675     16515072      8257536
      258048           64          57.653     33030144     16515072
      258048          128          87.931     66060288     33030144
      258048          256         197.498    132120576     66060288
      258048          512         330.366    264241152    132120576
      258048         1024         666.681    528482304    264241152
      258048         2048        1305.674   1056964608    528482304
      258048         4096        2616.403   2113929216   1056964608
      283776            1           4.809       567552       283776
      283776            2           5.096      1135104       567552
      283776            4           7.691      2270208      1135104
      283776            8           9.068      4540416      2270208
      283776           16          17.698      9080832      4540416
      283776           32          34.703     18161664      9080832
      283776           64          58.205     36323328     18161664
      283776          128          95.317     72646656     36323328
      283776          256         183.637    145293312     72646656
      283776          512         361.255    290586624    145293312
      283776         1024         727.078    581173248    290586624
      283776         2048        1436.798   1162346496    581173248
      312000            1           4.456       624000       312000
      312000            2           5.786      1248000       624000
      312000            4          16.369      2496000      1248000
      312000            8          11.772      4992000      2496000
      312000           16          17.172      9984000      4992000
      312000           32          37.188     19968000      9984000
      312000           64          66.057     39936000     19968000
      312000          128         100.697     79872000     39936000
      312000          256         208.267    159744000     79872000
      312000          512         384.059    319488000    159744000
      312000         1024         771.745    638976000    319488000
      312000         2048        1537.785   1277952000    638976000
      343104            1           5.383       686208       343104
      343104            2          22.217      1372416       686208
      343104            4           5.743      2744832      1372416
      343104            8          11.459      5489664      2744832
      343104           16          19.727     10979328      5489664
      343104           32          40.122     21958656     10979328
      343104           64          86.617     43917312     21958656
      343104          128         113.515     87834624     43917312
      343104          256         220.141    175669248     87834624
      343104          512         433.359    351338496    175669248
      343104         1024         875.038    702676992    351338496
      343104         2048        1744.017   1405353984    702676992
      377280            1           4.738       754560       377280
      377280            2           5.605      1509120       754560
      377280            4           7.271      3018240      1509120
      377280            8          18.261      6036480      3018240
      377280           16          19.277     12072960      6036480
      377280           32          42.009     24145920     12072960
      377280           64          72.278     48291840     24145920
      377280          128         121.059     96583680     48291840
      377280          256         235.595    193167360     96583680
      377280          512         476.715    386334720    193167360
      377280         1024         929.976    772669440    386334720
      377280         2048        1837.861   1545338880    772669440
      414912            1           6.377       829824       414912
      414912            2          31.311      1659648       829824
      414912            4           6.873      3319296      1659648
      414912            8          13.942      6638592      3319296
      414912           16          23.444     13277184      6638592
      414912           32          44.585     26554368     13277184
      414912           64          75.513     53108736     26554368
      414912          128         133.590    106217472     53108736
      414912          256         282.514    212434944    106217472
      414912          512         516.119    424869888    212434944
      414912         1024        1019.877    849739776    424869888
      414912         2048        2032.899   1699479552    849739776
      456384            1           5.124       912768       456384
      456384            2          33.789      1825536       912768
      456384            4           9.419      3651072      1825536
      456384            8          14.718      7302144      3651072
      456384           16          24.812     14604288      7302144
      456384           32          54.597     29208576     14604288
      456384           64          77.608     58417152     29208576
      456384          128         144.914    116834304     58417152
      456384          256         300.726    233668608    116834304
      456384          512         570.825    467337216    233668608
      456384         1024        1119.727    934674432    467337216
      456384         2048        2232.618   1869348864    934674432
      501888            1           5.288      1003776       501888
      501888            2           5.040      2007552      1003776
      501888            4          16.586      4015104      2007552
      501888            8          16.851      8030208      4015104
      501888           16          28.486     16060416      8030208
      501888           32          54.830     32120832     16060416
      501888           64          83.558     64241664     32120832
      501888          128         169.494    128483328     64241664
      501888          256         334.248    256966656    128483328
      501888          512         635.541    513933312    256966656
      501888         1024        1282.741   1027866624    513933312
      501888         2048        2535.015   2055733248   1027866624
      552000            1           6.120      1104000       552000
      552000            2           7.752      2208000      1104000
      552000            4          16.970      4416000      2208000
      552000            8          16.252      8832000      4416000
      552000           16          29.623     17664000      8832000
      552000           32          60.870     35328000     17664000
      552000           64          90.414     70656000     35328000
      552000          128         184.240    141312000     70656000
      552000          256         357.744    282624000    141312000
      552000          512         738.435    565248000    282624000
      552000         1024        1406.559   1130496000    565248000
      607104            1           6.657      1214208       607104
      607104            2          23.203      2428416      1214208
      607104            4          10.896      4856832      2428416
      607104            8          16.808      9713664      4856832
      607104           16          36.502     19427328      9713664
      607104           32          62.182     38854656     19427328
      607104           64          98.362     77709312     38854656
      607104          128         209.553    155418624     77709312
      607104          256         396.206    310837248    155418624
      607104          512         775.749    621674496    310837248
      607104         1024        1534.796   1243348992    621674496
      667776            1           7.523      1335552       667776
      667776            2          23.469      2671104      1335552
      667776            4          11.484      5342208      2671104
      667776            8          19.292     10684416      5342208
      667776           16          40.852     21368832     10684416
      667776           32          64.453     42737664     21368832
      667776           64         107.760     85475328     42737664
      667776          128         219.375    170950656     85475328
      667776          256         439.487    341901312    170950656
      667776          512         848.997    683802624    341901312
      667776         1024        1685.214   1367605248    683802624
      734400            1          10.817      1468800       734400
      734400            2          17.150      2937600      1468800
      734400            4          12.299      5875200      2937600
      734400            8          19.436     11750400      5875200
      734400           16          41.426     23500800     11750400
      734400           32          73.777     47001600     23500800
      734400           64         124.669     94003200     47001600
      734400          128         243.032    188006400     94003200
      734400          256         456.216    376012800    188006400
      734400          512         909.364    752025600    376012800
      734400         1024        1806.355   1504051200    752025600
      807744            1           9.859      1615488       807744
      807744            2          27.235      3230976      1615488
      807744            4          15.399      6461952      3230976
      807744            8          20.246     12923904      6461952
      807744           16          43.886     25847808     12923904
      807744           32          76.207     51695616     25847808
      807744           64         148.513    103391232     51695616
      807744          128         262.252    206782464    103391232
      807744          256         511.352    413564928    206782464
      807744          512        1034.693    827129856    413564928
      807744         1024        2067.545   1654259712    827129856
      888384            1          10.263      1776768       888384
      888384            2          10.835      3553536      1776768
      888384            4          23.870      7107072      3553536
      888384            8          24.024     14214144      7107072
      888384           16          48.956     28428288     14214144
      888384           32          80.384     56856576     28428288
      888384           64         143.214    113713152     56856576
      888384          128         308.789    227426304    113713152
      888384          256         561.005    454852608    227426304
      888384          512        1126.061    909705216    454852608
      888384         1024        2258.258   1819410432    909705216
      977088            1          13.007      1954176       977088
      977088            2           7.969      3908352      1954176
      977088            4          13.345      7816704      3908352
      977088            8          26.641     15633408      7816704
      977088           16          50.714     31266816     15633408
      977088           32          86.604     62533632     31266816
      977088           64         158.702    125067264     62533632
      977088          128         322.604    250134528    125067264
      977088          256         599.383    500269056    250134528
      977088          512        1217.298   1000538112    500269056
      977088         1024        2395.490   2001076224   1000538112
     1074624            1          11.133      2149248      1074624
     1074624            2          38.540      4298496      2149248
     1074624            4          16.426      8596992      4298496
     1074624            8          30.255     17193984      8596992
     1074624           16          61.947     34387968     17193984
     1074624           32          88.987     68775936     34387968
     1074624           64         173.555    137551872     68775936
     1074624          128         342.175    275103744    137551872
     1074624          256         682.811    550207488    275103744
     1074624          512        1322.656   1100414976    550207488
     1181952            1          15.629      2363904      1181952
     1181952            2          18.522      4727808      2363904
     1181952            4          15.588      9455616      4727808
     1181952            8          30.264     18911232      9455616
     1181952           16          63.574     37822464     18911232
     1181952           32          95.971     75644928     37822464
     1181952           64         195.361    151289856     75644928
     1181952          128         389.212    302579712    151289856
     1181952          256         740.852    605159424    302579712
     1181952          512        1501.984   1210318848    605159424
     1300032            1          14.203      2600064      1300032
     1300032            2          11.139      5200128      2600064
     1300032            4          22.522     10400256      5200128
     1300032            8          34.781     20800512     10400256
     1300032           16          71.027     41601024     20800512
     1300032           32         106.055     83202048     41601024
     1300032           64         213.974    166404096     83202048
     1300032          128         428.010    332808192    166404096
     1300032          256         816.077    665616384    332808192
     1300032          512        1650.150   1331232768    665616384
     1430016            1          16.763      2860032      1430016
     1430016            2          19.309      5720064      2860032
     1430016            4          22.235     11440128      5720064
     1430016            8          37.859     22880256     11440128
     1430016           16          71.573     45760512     22880256
     1430016           32         131.079     91521024     45760512
     1430016           64         225.650    183042048     91521024
     1430016          128         478.756    366084096    183042048
     1430016          256         905.938    732168192    366084096
     1430016          512        1795.371   1464336384    732168192
     1572864            1          30.099      3145728      1572864
     1572864            2          13.189      6291456      3145728
     1572864            4          25.997     12582912      6291456
     1572864            8          49.471     25165824     12582912
     1572864           16          98.699     50331648     25165824
     1572864           32         195.554    100663296     50331648
     1572864           64         405.697    201326592    100663296
     1572864          128         794.349    402653184    201326592
     1572864          256        1573.981    805306368    402653184
     1572864          512        3158.157   1610612736    805306368
     1730112            1          31.690      3460224      1730112
     1730112            2          13.886      6920448      3460224
     1730112            4          26.406     13840896      6920448
     1730112            8          52.865     27681792     13840896
     1730112           16         109.117     55363584     27681792
     1730112           32         216.701    110727168     55363584
     1730112           64         442.923    221454336    110727168
     1730112          128         862.719    442908672    221454336
     1730112          256        1719.557    885817344    442908672
     1730112          512        2436.843   1771634688    885817344
     1903104            1          30.446      3806208      1903104
     1903104            2          12.787      7612416      3806208
     1903104            4          45.453     15224832      7612416
     1903104            8          51.018     30449664     15224832
     1903104           16          86.165     60899328     30449664
     1903104           32         150.500    121798656     60899328
     1903104           64         312.604    243597312    121798656
     1903104          128         627.640    487194624    243597312
     1903104          256        1200.008    974389248    487194624
     1903104          512        2396.188   1948778496    974389248
     2093376            1          31.869      4186752      2093376
     2093376            2          14.412      8373504      4186752
     2093376            4          27.650     16747008      8373504
     2093376            8          52.168     33494016     16747008
     2093376           16          95.332     66988032     33494016
     2093376           32         167.777    133976064     66988032
     2093376           64         359.447    267952128    133976064
     2093376          128         658.175    535904256    267952128
     2093376          256        1328.924   1071808512    535904256
     2093376          512        2636.461   2143617024   1071808512
     2302656            1          35.863      4605312      2302656
     2302656            2          15.103      9210624      4605312
     2302656            4          29.671     18421248      9210624
     2302656            8          58.268     36842496     18421248
     2302656           16         101.734     73684992     36842496
     2302656           32         184.580    147369984     73684992
     2302656           64         390.753    294739968    147369984
     2302656          128         714.182    589479936    294739968
     2302656          256        1439.311   1178959872    589479936
     2532864            1          36.211      5065728      2532864
     2532864            2          40.722     10131456      5065728
     2532864            4          31.885     20262912     10131456
     2532864            8          68.511     40525824     20262912
     2532864           16         102.602     81051648     40525824
     2532864           32         204.330    162103296     81051648
     2532864           64         396.044    324206592    162103296
     2532864          128         799.481    648413184    324206592
     2532864          256        1596.855   1296826368    648413184
     2786112            1          38.552      5572224      2786112
     2786112            2          17.976     11144448      5572224
     2786112            4          34.559     22288896     11144448
     2786112            8          71.031     44577792     22288896
     2786112           16         130.778     89155584     44577792
     2786112           32         225.840    178311168     89155584
     2786112           64         435.706    356622336    178311168
     2786112          128         879.263    713244672    356622336
     2786112          256        1757.484   1426489344    713244672
     3064704            1          51.523      6129408      3064704
     3064704            2          20.262     12258816      6129408
     3064704            4          38.390     24517632     12258816
     3064704            8          77.369     49035264     24517632
     3064704           16         122.729     98070528     49035264
     3064704           32         245.544    196141056     98070528
     3064704           64         490.925    392282112    196141056
     3064704          128         965.566    784564224    392282112
     3064704          256        1933.911   1569128448    784564224
     3371136            1          47.883      6742272      3371136
     3371136            2          22.304     13484544      6742272
     3371136            4          44.110     26969088     13484544
     3371136            8          81.083     53938176     26969088
     3371136           16         133.986    107876352     53938176
     3371136           32         279.547    215752704    107876352
     3371136           64         525.228    431505408    215752704
     3371136          128        1059.371    863010816    431505408
     3371136          256        2116.736   1726021632    863010816
     3708096            1          52.610      7416192      3708096
     3708096            2          24.471     14832384      7416192
     3708096            4          49.048     29664768     14832384
     3708096            8          87.487     59329536     29664768
     3708096           16         147.552    118659072     59329536
     3708096           32         292.937    237318144    118659072
     3708096           64         588.233    474636288    237318144
     3708096          128        1158.271    949272576    474636288
     3708096          256        2330.052   1898545152    949272576
     4078848            1          57.764      8157696      4078848
     4078848            2          27.415     16315392      8157696
     4078848            4          54.004     32630784     16315392
     4078848            8          91.681     65261568     32630784
     4078848           16         160.889    130523136     65261568
     4078848           32         332.607    261046272    130523136
     4078848           64         632.106    522092544    261046272
     4078848          128        1284.908   1044185088    522092544
     4078848          256        2546.614   2088370176   1044185088
     4486656            1          60.643      8973312      4486656
     4486656            2          29.822     17946624      8973312
     4486656            4          56.693     35893248     17946624
     4486656            8          99.807     71786496     35893248
     4486656           16         177.854    143572992     71786496
     4486656           32         362.797    287145984    143572992
     4486656           64         694.707    574291968    287145984
     4486656          128        1412.350   1148583936    574291968
     4935168            1          67.160      9870336      4935168
     4935168            2          30.847     19740672      9870336
     4935168            4          58.065     39481344     19740672
     4935168            8         105.882     78962688     39481344
     4935168           16         192.855    157925376     78962688
     4935168           32         404.662    315850752    157925376
     4935168           64         763.671    631701504    315850752
     4935168          128        1543.467   1263403008    631701504
     5428608            1          93.049     10857216      5428608
     5428608            2          33.935     21714432     10857216
     5428608            4          66.143     43428864     21714432
     5428608            8         112.518     86857728     43428864
     5428608           16         212.119    173715456     86857728
     5428608           32         431.050    347430912    173715456
     5428608           64         853.377    694861824    347430912
     5428608          128        1698.619   1389723648    694861824
     5971392            1          77.053     11942784      5971392
     5971392            2          36.723     23885568     11942784
     5971392            4          69.711     47771136     23885568
     5971392            8         123.160     95542272     47771136
     5971392           16         234.397    191084544     95542272
     5971392           32         484.440    382169088    191084544
     5971392           64         935.209    764338176    382169088
     5971392          128        1861.147   1528676352    764338176
     6568512            1          81.766     13137024      6568512
     6568512            2          40.302     26274048     13137024
     6568512            4          75.893     52548096     26274048
     6568512            8         133.951    105096192     52548096
     6568512           16         263.647    210192384    105096192
     6568512           32         530.074    420384768    210192384
     6568512           64        1027.771    840769536    420384768
     6568512          128        2051.673   1681539072    840769536
     7225344            1          87.937     14450688      7225344
     7225344            2          43.055     28901376     14450688
     7225344            4          86.863     57802752     28901376
     7225344            8         142.853    115605504     57802752
     7225344           16         287.676    231211008    115605504
     7225344           32         577.166    462422016    231211008
     7225344           64        1126.696    924844032    462422016
     7225344          128        2243.856   1849688064    924844032
     7947840            1          98.866     15895680      7947840
     7947840            2          47.926     31791360     15895680
     7947840            4          90.829     63582720     31791360
     7947840            8         157.329    127165440     63582720
     7947840           16         315.843    254330880    127165440
     7947840           32         626.567    508661760    254330880
     7947840           64        1235.108   1017323520    508661760
     7947840          128        2478.739   2034647040   1017323520
     8742528            1         126.795     17485056      8742528
     8742528            2          53.061     34970112     17485056
     8742528            4         103.848     69940224     34970112
     8742528            8         175.271    139880448     69940224
     8742528           16         350.075    279760896    139880448
     8742528           32         686.693    559521792    279760896
     8742528           64        1373.922   1119043584    559521792
     9616704            1         115.491     19233408      9616704
     9616704            2          54.004     38466816     19233408
     9616704            4         108.046     76933632     38466816
     9616704            8         187.131    153867264     76933632
     9616704           16         405.787    307734528    153867264
     9616704           32         750.721    615469056    307734528
     9616704           64        1496.986   1230938112    615469056
    10578240            1         123.352     21156480     10578240
    10578240            2          74.613     42312960     21156480
    10578240            4         116.058     84625920     42312960
    10578240            8         207.318    169251840     84625920
    10578240           16         415.717    338503680    169251840
    10578240           32         823.998    677007360    338503680
    10578240           64        1644.347   1354014720    677007360
    11635968            1         137.465     23271936     11635968
    11635968            2          63.802     46543872     23271936
    11635968            4         141.827     93087744     46543872
    11635968            8         236.457    186175488     93087744
    11635968           16         449.684    372350976    186175488
    11635968           32         900.222    744701952    372350976
    11635968           64        1798.112   1489403904    744701952
    12799488            1         171.476     25598976     12799488
    12799488            2          73.707     51197952     25598976
    12799488            4         140.767    102395904     51197952
    12799488            8         249.864    204791808    102395904
    12799488           16         512.128    409583616    204791808
    12799488           32        1006.198    819167232    409583616
    12799488           64        1987.686   1638334464    819167232
    14079360            1         160.103     28158720     14079360
    14079360            2          78.781     56317440     28158720
    14079360            4         144.208    112634880     56317440
    14079360            8         292.758    225269760    112634880
    14079360           16         547.817    450539520    225269760
    14079360           32        1105.970    901079040    450539520
    14079360           64        2181.017   1802158080    901079040
    15487296            1         180.074     30974592     15487296
    15487296            2          86.176     61949184     30974592
    15487296            4         159.410    123898368     61949184
    15487296            8         323.942    247796736    123898368
    15487296           16         600.620    495593472    247796736
    15487296           32        1197.362    991186944    495593472
    15487296           64        2404.012   1982373888    991186944
    17035968            1         199.936     34071936     17035968
    17035968            2         112.763     68143872     34071936
    17035968            4         170.648    136287744     68143872
    17035968            8         339.274    272575488    136287744
    17035968           16         672.560    545150976    272575488
    17035968           32        1333.079   1090301952    545150976
    18739392            1         234.110     37478784     18739392
    18739392            2         112.687     74957568     37478784
    18739392            4         190.944    149915136     74957568
    18739392            8         377.900    299830272    149915136
    18739392           16         745.615    599660544    299830272
    18739392           32        1479.818   1199321088    599660544
    20613312            1         230.813     41226624     20613312
    20613312            2         119.672     82453248     41226624
    20613312            4         206.421    164906496     82453248
    20613312            8         426.787    329812992    164906496
    20613312           16         812.575    659625984    329812992
    20613312           32        2694.682   1319251968    659625984
    22674624            1         238.248     45349248     22674624
    22674624            2         130.857     90698496     45349248
    22674624            4         225.389    181396992     90698496
    22674624            8         464.814    362793984    181396992
    22674624           16         893.649    725587968    362793984
    22674624           32        1783.420   1451175936    725587968
    24941952            1         241.990     49883904     24941952
    24941952            2         146.572     99767808     49883904
    24941952            4         270.914    199535616     99767808
    24941952            8         490.538    399071232    199535616
    24941952           16         977.495    798142464    399071232
    24941952           32        1940.260   1596284928    798142464
    27436032            1         202.389     54872064     27436032
    27436032            2         159.058    109744128     54872064
    27436032            4         277.100    219488256    109744128
    27436032            8         567.896    438976512    219488256
    27436032           16        1098.901    877953024    438976512
    27436032           32        2151.072   1755906048    877953024
    30179520            1         222.886     60359040     30179520
    30179520            2         181.442    120718080     60359040
    30179520            4         320.734    241436160    120718080
    30179520            8         622.344    482872320    241436160
    30179520           16        1195.570    965744640    482872320
    30179520           32        2386.583   1931489280    965744640
    33197376            1         209.899     66394752     33197376
    33197376            2         198.411    132789504     66394752
    33197376            4         367.290    265579008    132789504
    33197376            8         832.849    531158016    265579008
    33197376           16        1683.116   1062316032    531158016
    33197376           32        2605.258   2124632064   1062316032
    36517056            1         251.187     73034112     36517056
    36517056            2         250.372    146068224     73034112
    36517056            4         364.802    292136448    146068224
    36517056            8         734.564    584272896    292136448
    36517056           16        1432.194   1168545792    584272896
    40168704            1         252.864     80337408     40168704
    40168704            2         252.031    160674816     80337408
    40168704            4         414.493    321349632    160674816
    40168704            8         792.114    642699264    321349632
    40168704           16        1629.696   1285398528    642699264
    44185536            1         330.470     88371072     44185536
    44185536            2         314.610    176742144     88371072
    44185536            4         449.907    353484288    176742144
    44185536            8         873.506    706968576    353484288
    44185536           16        1740.625   1413937152    706968576
    48604032            1         390.910     97208064     48604032
    48604032            2         411.192    194416128     97208064
    48604032            4         525.813    388832256    194416128
    48604032            8        1011.868    777664512    388832256
    48604032           16        1965.201   1555329024    777664512
    53464320            1         358.053    106928640     53464320
    53464320            2         457.980    213857280    106928640
    53464320            4         630.425    427714560    213857280
    53464320            8        1169.085    855429120    427714560
    53464320           16        2282.536   1710858240    855429120
    58810752            1         437.940    117621504     58810752
    58810752            2         548.901    235243008    117621504
    58810752            4         754.331    470486016    235243008
    58810752            8        1433.535    940972032    470486016
    58810752           16        2717.149   1881944064    940972032
    64691712            1         499.198    129383424     64691712
    64691712            2         734.848    258766848    129383424
    64691712            4         893.336    517533696    258766848
    64691712            8        1639.910   1035067392    517533696
    64691712           16        3162.896   2070134784   1035067392
    71160768            1         585.879    142321536     71160768
    71160768            2         873.717    284643072    142321536
    71160768            4        1060.238    569286144    284643072
    71160768            8        1917.923   1138572288    569286144
    78276672            1         671.357    156553344     78276672
    78276672            2        1148.859    313106688    156553344
    78276672            4        1307.662    626213376    313106688
    78276672            8        2251.765   1252426752    626213376
    86104320            1         722.516    172208640     86104320
    86104320            2        1307.539    344417280    172208640
    86104320            4        1638.201    688834560    344417280
    86104320            8        2784.604   1377669120    688834560
    94714752            1         823.168    189429504     94714752
    94714752            2        1478.248    378859008    189429504
    94714752            4        1963.511    757718016    378859008
    94714752            8        3295.378   1515436032    757718016
   104186112            1         963.532    208372224    104186112
   104186112            2        1692.224    416744448    208372224
   104186112            4        2345.713    833488896    416744448
   104186112            8        3926.716   1666977792    833488896
   114604608            1        1043.944    229209216    114604608
   114604608            2        1933.956    458418432    229209216
   114604608            4        2731.514    916836864    458418432
   114604608            8        4546.636   1833673728    916836864
   126064896            1        1155.726    252129792    126064896
   126064896            2        2218.237    504259584    252129792
   126064896            4        3112.981   1008519168    504259584
   126064896            8        5294.876   2017038336   1008519168
   138671232            1        1310.212    277342464    138671232
   138671232            2        2493.753    554684928    277342464
   138671232            4        3611.788   1109369856    554684928
   152538240            1        1486.194    305076480    152538240
   152538240            2        2747.931    610152960    305076480
   152538240            4        4069.700   1220305920    610152960
   167792064            1        1573.347    335584128    167792064
   167792064            2        3075.364    671168256    335584128
   167792064            4        4495.817   1342336512    671168256
   184571136            1        1789.660    369142272    184571136
   184571136            2        3540.878    738284544    369142272
   184571136            4        5178.273   1476569088    738284544
   203028096            1        1998.104    406056192    203028096
   203028096            2        3907.435    812112384    406056192
   203028096            4        5719.405   1624224768    812112384
   223330752            1        2237.161    446661504    223330752
   223330752            2        4418.244    893323008    446661504
   223330752            4        6566.077   1786646016    893323008
   245663808            1        2493.949    491327616    245663808
   245663808            2        5302.783    982655232    491327616
   245663808            4        7228.505   1965310464    982655232
   270230016            1        2821.098    540460032    270230016
   270230016            2        5522.958   1080920064    540460032
   297252864            1        3121.417    594505728    297252864
   297252864            2        6098.578   1189011456    594505728
   326978112            1        3392.224    653956224    326978112
   326978112            2        6631.864   1307912448    653956224
   359675904            1        3739.946    719351808    359675904
   359675904            2        7403.415   1438703616    719351808
   395643456            1        4224.921    791286912    395643456
   395643456            2        8192.873   1582573824    791286912
   435207744            1        4603.851    870415488    435207744
   435207744            2        9033.738   1740830976    870415488
   478728384            1        5110.254    957456768    478728384
   478728384            2       10037.890   1914913536    957456768
   526601088            1        5617.722   1053202176    526601088
   526601088            2       11064.675   2106404352   1053202176
   579261120            1        6152.489   1158522240    579261120
   637187136            1        6738.354   1274374272    637187136
   700905792            1        7460.761   1401811584    700905792
   770996352            1        8336.839   1541992704    770996352
   848095872            1        9224.494   1696191744    848095872
   932905344            1       10115.420   1865810688    932905344
  1026195840            1       11100.071   2052391680   1026195840

META_DATA
FLOPS          8
MPI_PROCS      1
OPENMP_THREADS 24
ERT_VERSION  1.1.0
HOSTNAME  ('deepv.deep', [], ['10.2.8.6'])
UNAME  uname_result(system='Linux', node='deepv', release='4.18.0-513.11.1.el8_9.0.1.x86_64', version='#1 SMP Sun Feb 11 10:42:18 UTC 2024', machine='x86_64')
TIMESTAMP_DATA  1710501741.8550875
CONFIG  {'ERT_RESULTS': ['Results.cn.deep.fz-juelich.de.01.gcc2023-O3'], 'ERT_DRIVER': ['driver1'], 'ERT_KERNEL': ['kernel1'], 'ERT_MPI': ['True'], 'ERT_MPI_CFLAGS': ['-I', '/p/software/deep/stages/2023/software/psmpi/5.9.2-1-GCC-11.3.0/include'], 'ERT_MPI_LDFLAGS': ['-L', '/p/software/deep/stages/2023/software/psmpi/5.9.2-1-GCC-11.3.0/lib', '-lmpi'], 'ERT_OPENMP': ['True'], 'ERT_OPENMP_CFLAGS': ['-fopenmp'], 'ERT_OPENMP_LDFLAGS': ['-fopenmp'], 'ERT_FLOPS': ['1,2,4,8,16,64,128'], 'ERT_ALIGN': ['64'], 'ERT_CC': ['mpicxx'], 'ERT_CFLAGS': ['-g', '-O3', '-mavx'], 'ERT_LD': ['mpicxx'], 'ERT_LDFLAGS': [], 'ERT_LDLIBS': [], 'ERT_PRECISION': ['FP64'], 'ERT_RUN': ['export', 'OMP_NUM_THREADS=ERT_OPENMP_THREADS;', 'export', 'OMP_PLACES="cores(ERT_OPENMP_THREADS)";', 'srun', '-p', 'dp-cn', '-n', 'ERT_MPI_PROCS', '-c', '48', '--ntasks-per-node', '1', 'ERT_CODE'], 'ERT_PROCS_THREADS': ['24'], 'ERT_MPI_PROCS': ['1'], 'ERT_OPENMP_THREADS': ['24'], 'ERT_NUM_EXPERIMENTS': ['5'], 'ERT_MEMORY_MAX': ['1073741824'], 'ERT_WORKING_SET_MIN': ['128'], 'ERT_TRIALS_MIN': ['1'], 'ERT_GNUPLOT': ['gnuplot'], 'ERT_GPU': [False], 'ERT_HIP': [False], 'ERT_OCL': [False], 'ERT_SYCL': [False], 'ERT_WSS_MULT': [1.1]}
