fp64
       24576            1           3.522        49152        24576
       24576            2          15.590        98304        49152
       24576            4           3.237       196608        98304
       24576            8           4.403       393216       196608
       24576           16           2.440       786432       393216
       24576           32           7.014      1572864       786432
       24576           64           7.922      3145728      1572864
       24576          128          12.062      6291456      3145728
       24576          256          22.507     12582912      6291456
       24576          512          42.527     25165824     12582912
       24576         1024          85.396     50331648     25165824
       24576         2048         128.701    100663296     50331648
       24576         4096         251.188    201326592    100663296
       24576         8192         503.738    402653184    201326592
       24576        16384         984.906    805306368    402653184
       24576        32768        1955.060   1610612736    805306368
       26880            1           5.058        53760        26880
       26880            2          13.799       107520        53760
       26880            4          14.459       215040       107520
       26880            8           5.985       430080       215040
       26880           16           5.014       860160       430080
       26880           32           6.174      1720320       860160
       26880           64           9.188      3440640      1720320
       26880          128          13.755      6881280      3440640
       26880          256          29.720     13762560      6881280
       26880          512          50.829     27525120     13762560
       26880         1024          73.926     55050240     27525120
       26880         2048         141.622    110100480     55050240
       26880         4096         281.908    220200960    110100480
       26880         8192         563.664    440401920    220200960
       26880        16384        1109.089    880803840    440401920
       26880        32768        2209.835   1761607680    880803840
       29568            1           1.586        59136        29568
       29568            2          15.411       118272        59136
       29568            4           6.486       236544       118272
       29568            8           4.215       473088       236544
       29568           16           4.360       946176       473088
       29568           32           5.929      1892352       946176
       29568           64           8.778      3784704      1892352
       29568          128          17.015      7569408      3784704
       29568          256          27.994     15138816      7569408
       29568          512          53.324     30277632     15138816
       29568         1024          79.146     60555264     30277632
       29568         2048         153.038    121110528     60555264
       29568         4096         304.601    242221056    121110528
       29568         8192         608.691    484442112    242221056
       29568        16384        1198.612    968884224    484442112
       29568        32768        2400.694   1937768448    968884224
       32448            1           3.991        64896        32448
       32448            2          10.794       129792        64896
       32448            4          17.462       259584       129792
       32448            8           3.925       519168       259584
       32448           16           6.093      1038336       519168
       32448           32           8.899      2076672      1038336
       32448           64           9.269      4153344      2076672
       32448          128          16.724      8306688      4153344
       32448          256          49.615     16613376      8306688
       32448          512          55.571     33226752     16613376
       32448         1024          86.812     66453504     33226752
       32448         2048         168.001    132907008     66453504
       32448         4096         329.693    265814016    132907008
       32448         8192         668.703    531628032    265814016
       32448        16384        1318.617   1063256064    531628032
       32448        32768        2640.038   2126512128   1063256064
       35520            1           3.181        71040        35520
       35520            2          16.223       142080        71040
       35520            4           4.106       284160       142080
       35520            8           3.479       568320       284160
       35520           16           5.408      1136640       568320
       35520           32           6.941      2273280      1136640
       35520           64           9.500      4546560      2273280
       35520          128          16.997      9093120      4546560
       35520          256          34.781     18186240      9093120
       35520          512          63.798     36372480     18186240
       35520         1024          95.323     72744960     36372480
       35520         2048         183.743    145489920     72744960
       35520         4096         360.273    290979840    145489920
       35520         8192         726.803    581959680    290979840
       35520        16384        1438.372   1163919360    581959680
       38976            1           2.962        77952        38976
       38976            2           4.350       155904        77952
       38976            4          18.629       311808       155904
       38976            8           4.093       623616       311808
       38976           16           6.604      1247232       623616
       38976           32           6.793      2494464      1247232
       38976           64          11.066      4988928      2494464
       38976          128          21.456      9977856      4988928
       38976          256          38.764     19955712      9977856
       38976          512          56.914     39911424     19955712
       38976         1024         103.742     79822848     39911424
       38976         2048         217.852    159645696     79822848
       38976         4096         398.587    319291392    159645696
       38976         8192         803.918    638582784    319291392
       38976        16384        1589.566   1277165568    638582784
       42816            1           3.116        85632        42816
       42816            2          20.740       171264        85632
       42816            4          14.673       342528       171264
       42816            8           4.650       685056       342528
       42816           16           5.488      1370112       685056
       42816           32           7.794      2740224      1370112
       42816           64          11.283      5480448      2740224
       42816          128          22.494     10960896      5480448
       42816          256          43.549     21921792     10960896
       42816          512          59.992     43843584     21921792
       42816         1024         112.824     87687168     43843584
       42816         2048         237.192    175374336     87687168
       42816         4096         435.871    350748672    175374336
       42816         8192         877.897    701497344    350748672
       42816        16384        1750.106   1402994688    701497344
       47040            1           3.635        94080        47040
       47040            2          18.867       188160        94080
       47040            4           2.593       376320       188160
       47040            8           5.334       752640       376320
       47040           16           5.040      1505280       752640
       47040           32           6.642      3010560      1505280
       47040           64          12.439      6021120      3010560
       47040          128          24.278     12042240      6021120
       47040          256          43.107     24084480     12042240
       47040          512          89.480     48168960     24084480
       47040         1024         123.102     96337920     48168960
       47040         2048         239.102    192675840     96337920
       47040         4096         475.440    385351680    192675840
       47040         8192         952.194    770703360    385351680
       47040        16384        1901.638   1541406720    770703360
       51648            1           6.290       103296        51648
       51648            2          11.728       206592       103296
       51648            4           4.965       413184       206592
       51648            8           7.038       826368       413184
       51648           16           6.498      1652736       826368
       51648           32           8.154      3305472      1652736
       51648           64          12.862      6610944      3305472
       51648          128          26.509     13221888      6610944
       51648          256          49.790     26443776     13221888
       51648          512          70.321     52887552     26443776
       51648         1024         133.495    105775104     52887552
       51648         2048         261.942    211550208    105775104
       51648         4096         532.662    423100416    211550208
       51648         8192        1043.499    846200832    423100416
       51648        16384        2081.376   1692401664    846200832
       56640            1           3.183       113280        56640
       56640            2           3.422       226560       113280
       56640            4          13.282       453120       226560
       56640            8           3.603       906240       453120
       56640           16           5.728      1812480       906240
       56640           32           7.322      3624960      1812480
       56640           64          13.767      7249920      3624960
       56640          128          28.781     14499840      7249920
       56640          256          50.919     28999680     14499840
       56640          512          78.378     57999360     28999680
       56640         1024         147.204    115998720     57999360
       56640         2048         288.711    231997440    115998720
       56640         4096         590.445    463994880    231997440
       56640         8192        1151.030    927989760    463994880
       56640        16384        2292.162   1855979520    927989760
       62208            1           3.772       124416        62208
       62208            2          19.323       248832       124416
       62208            4          12.723       497664       248832
       62208            8           4.225       995328       497664
       62208           16           6.758      1990656       995328
       62208           32           8.609      3981312      1990656
       62208           64          16.968      7962624      3981312
       62208          128          29.948     15925248      7962624
       62208          256          58.167     31850496     15925248
       62208          512          84.439     63700992     31850496
       62208         1024         179.321    127401984     63700992
       62208         2048         335.877    254803968    127401984
       62208         4096         640.654    509607936    254803968
       62208         8192        1267.576   1019215872    509607936
       62208        16384        2530.413   2038431744   1019215872
       68352            1           5.135       136704        68352
       68352            2          15.214       273408       136704
       68352            4           5.286       546816       273408
       68352            8           4.409      1093632       546816
       68352           16           8.147      2187264      1093632
       68352           32           9.718      4374528      2187264
       68352           64          17.300      8749056      4374528
       68352          128          32.995     17498112      8749056
       68352          256          56.530     34996224     17498112
       68352          512          90.880     69992448     34996224
       68352         1024         178.618    139984896     69992448
       68352         2048         378.687    279969792    139984896
       68352         4096         706.120    559939584    279969792
       68352         8192        1389.071   1119879168    559939584
       75072            1           3.144       150144        75072
       75072            2           4.676       300288       150144
       75072            4          18.703       600576       300288
       75072            8           5.240      1201152       600576
       75072           16           6.478      2402304      1201152
       75072           32          10.318      4804608      2402304
       75072           64          18.536      9609216      4804608
       75072          128          31.646     19218432      9609216
       75072          256          62.186     38436864     19218432
       75072          512         100.929     76873728     38436864
       75072         1024         206.857    153747456     76873728
       75072         2048         402.611    307494912    153747456
       75072         4096         773.968    614989824    307494912
       75072         8192        1559.937   1229979648    614989824
       82560            1           3.683       165120        82560
       82560            2          35.023       330240       165120
       82560            4           3.926       660480       330240
       82560            8           4.996      1320960       660480
       82560           16           8.518      2641920      1320960
       82560           32          11.215      5283840      2641920
       82560           64          21.030     10567680      5283840
       82560          128          36.957     21135360     10567680
       82560          256          61.608     42270720     21135360
       82560          512         109.980     84541440     42270720
       82560         1024         214.404    169082880     84541440
       82560         2048         422.117    338165760    169082880
       82560         4096         851.953    676331520    338165760
       82560         8192        1696.026   1352663040    676331520
       90816            1           2.832       181632        90816
       90816            2           3.820       363264       181632
       90816            4          11.962       726528       363264
       90816            8           6.194      1453056       726528
       90816           16           7.342      2906112      1453056
       90816           32          12.600      5812224      2906112
       90816           64          24.448     11624448      5812224
       90816          128          39.434     23248896     11624448
       90816          256          67.234     46497792     23248896
       90816          512         116.675     92995584     46497792
       90816         1024         227.020    185991168     92995584
       90816         2048         461.686    371982336    185991168
       90816         4096         910.439    743964672    371982336
       90816         8192        1790.209   1487929344    743964672
       99840            1           2.955       199680        99840
       99840            2           4.822       399360       199680
       99840            4           4.562       798720       399360
       99840            8           4.365      1597440       798720
       99840           16           7.171      3194880      1597440
       99840           32          13.198      6389760      3194880
       99840           64          23.514     12779520      6389760
       99840          128          44.706     25559040     12779520
       99840          256          68.958     51118080     25559040
       99840          512         130.131    102236160     51118080
       99840         1024         271.447    204472320    102236160
       99840         2048         505.938    408944640    204472320
       99840         4096        1018.819    817889280    408944640
       99840         8192        2030.052   1635778560    817889280
      109824            1           3.807       219648       109824
      109824            2           2.998       439296       219648
      109824            4          15.750       878592       439296
      109824            8          13.504      1757184       878592
      109824           16           7.542      3514368      1757184
      109824           32          14.307      7028736      3514368
      109824           64          27.713     14057472      7028736
      109824          128          51.486     28114944     14057472
      109824          256          76.216     56229888     28114944
      109824          512         142.484    112459776     56229888
      109824         1024         283.236    224919552    112459776
      109824         2048         570.378    449839104    224919552
      109824         4096        1115.001    899678208    449839104
      109824         8192        2226.027   1799356416    899678208
      120768            1           4.001       241536       120768
      120768            2           3.909       483072       241536
      120768            4           5.365       966144       483072
      120768            8           8.868      1932288       966144
      120768           16           8.043      3864576      1932288
      120768           32          14.526      7729152      3864576
      120768           64          30.462     15458304      7729152
      120768          128          53.717     30916608     15458304
      120768          256          79.121     61833216     30916608
      120768          512         153.520    123666432     61833216
      120768         1024         315.478    247332864    123666432
      120768         2048         594.506    494665728    247332864
      120768         4096        1204.514    989331456    494665728
      120768         8192        2376.202   1978662912    989331456
      132672            1           3.357       265344       132672
      132672            2          17.973       530688       265344
      132672            4          14.514      1061376       530688
      132672            8           6.371      2122752      1061376
      132672           16           9.462      4245504      2122752
      132672           32          15.046      8491008      4245504
      132672           64          32.339     16982016      8491008
      132672          128          56.316     33964032     16982016
      132672          256          90.428     67928064     33964032
      132672          512         171.727    135856128     67928064
      132672         1024         342.379    271712256    135856128
      132672         2048         686.040    543424512    271712256
      132672         4096        1354.394   1086849024    543424512
      145920            1           5.524       291840       145920
      145920            2          14.112       583680       291840
      145920            4          14.694      1167360       583680
      145920            8           5.939      2334720      1167360
      145920           16           9.940      4669440      2334720
      145920           32          17.203      9338880      4669440
      145920           64          33.812     18677760      9338880
      145920          128          59.035     37355520     18677760
      145920          256          96.174     74711040     37355520
      145920          512         204.752    149422080     74711040
      145920         1024         369.636    298844160    149422080
      145920         2048         744.707    597688320    298844160
      145920         4096        1474.859   1195376640    597688320
      160512            1           3.575       321024       160512
      160512            2           4.776       642048       321024
      160512            4           6.022      1284096       642048
      160512            8           7.121      2568192      1284096
      160512           16          11.717      5136384      2568192
      160512           32          17.496     10272768      5136384
      160512           64          34.779     20545536     10272768
      160512          128          62.227     41091072     20545536
      160512          256         105.730     82182144     41091072
      160512          512         204.989    164364288     82182144
      160512         1024         422.763    328728576    164364288
      160512         2048         818.553    657457152    328728576
      160512         4096        1621.066   1314914304    657457152
      176448            1           3.862       352896       176448
      176448            2          11.450       705792       352896
      176448            4           5.746      1411584       705792
      176448            8           8.495      2823168      1411584
      176448           16          12.977      5646336      2823168
      176448           32          22.178     11292672      5646336
      176448           64          41.781     22585344     11292672
      176448          128          59.815     45170688     22585344
      176448          256         115.953     90341376     45170688
      176448          512         226.767    180682752     90341376
      176448         1024         469.445    361365504    180682752
      176448         2048         908.553    722731008    361365504
      176448         4096        1804.890   1445462016    722731008
      193920            1           6.726       387840       193920
      193920            2          13.011       775680       387840
      193920            4          11.356      1551360       775680
      193920            8           8.531      3102720      1551360
      193920           16          12.712      6205440      3102720
      193920           32          22.260     12410880      6205440
      193920           64          41.200     24821760     12410880
      193920          128          70.408     49643520     24821760
      193920          256         142.533     99287040     49643520
      193920          512         258.680    198574080     99287040
      193920         1024         492.964    397148160    198574080
      193920         2048         990.370    794296320    397148160
      193920         4096        1971.930   1588592640    794296320
      213312            1           4.701       426624       213312
      213312            2           4.555       853248       426624
      213312            4          15.621      1706496       853248
      213312            8           7.578      3412992      1706496
      213312           16          12.718      6825984      3412992
      213312           32          25.354     13651968      6825984
      213312           64          46.404     27303936     13651968
      213312          128          73.250     54607872     27303936
      213312          256         140.713    109215744     54607872
      213312          512         296.294    218431488    109215744
      213312         1024         541.716    436862976    218431488
      213312         2048        1113.037    873725952    436862976
      213312         4096        2224.854   1747451904    873725952
      234624            1           3.526       469248       234624
      234624            2          19.273       938496       469248
      234624            4           6.252      1876992       938496
      234624            8          10.789      3753984      1876992
      234624           16          15.716      7507968      3753984
      234624           32          29.314     15015936      7507968
      234624           64          49.762     30031872     15015936
      234624          128          78.878     60063744     30031872
      234624          256         151.543    120127488     60063744
      234624          512         317.250    240254976    120127488
      234624         1024         592.539    480509952    240254976
      234624         2048        1205.002    961019904    480509952
      234624         4096        2378.977   1922039808    961019904
      258048            1           4.197       516096       258048
      258048            2           3.425      1032192       516096
      258048            4          14.527      2064384      1032192
      258048            8          10.288      4128768      2064384
      258048           16          16.726      8257536      4128768
      258048           32          31.115     16515072      8257536
      258048           64          53.686     33030144     16515072
      258048          128          88.444     66060288     33030144
      258048          256         164.919    132120576     66060288
      258048          512         328.965    264241152    132120576
      258048         1024         661.634    528482304    264241152
      258048         2048        1305.075   1056964608    528482304
      258048         4096        2614.704   2113929216   1056964608
      283776            1           6.656       567552       283776
      283776            2           4.491      1135104       567552
      283776            4          33.682      2270208      1135104
      283776            8           8.187      4540416      2270208
      283776           16          15.595      9080832      4540416
      283776           32          34.524     18161664      9080832
      283776           64          58.506     36323328     18161664
      283776          128          92.976     72646656     36323328
      283776          256         182.240    145293312     72646656
      283776          512         361.713    290586624    145293312
      283776         1024         725.591    581173248    290586624
      283776         2048        1435.436   1162346496    581173248
      312000            1           6.041       624000       312000
      312000            2           5.271      1248000       624000
      312000            4          15.898      2496000      1248000
      312000            8           9.182      4992000      2496000
      312000           16          16.256      9984000      4992000
      312000           32          34.197     19968000      9984000
      312000           64          63.701     39936000     19968000
      312000          128         102.318     79872000     39936000
      312000          256         214.051    159744000     79872000
      312000          512         383.877    319488000    159744000
      312000         1024         773.396    638976000    319488000
      312000         2048        1525.229   1277952000    638976000
      343104            1           5.998       686208       343104
      343104            2          14.381      1372416       686208
      343104            4           7.088      2744832      1372416
      343104            8          10.875      5489664      2744832
      343104           16          19.468     10979328      5489664
      343104           32          36.107     21958656     10979328
      343104           64          67.322     43917312     21958656
      343104          128         110.911     87834624     43917312
      343104          256         234.549    175669248     87834624
      343104          512         434.924    351338496    175669248
      343104         1024         873.617    702676992    351338496
      343104         2048        1744.317   1405353984    702676992
      377280            1           6.755       754560       377280
      377280            2          13.494      1509120       754560
      377280            4          15.811      3018240      1509120
      377280            8          11.903      6036480      3018240
      377280           16          19.369     12072960      6036480
      377280           32          41.499     24145920     12072960
      377280           64          68.492     48291840     24145920
      377280          128         139.674     96583680     48291840
      377280          256         238.065    193167360     96583680
      377280          512         464.167    386334720    193167360
      377280         1024         929.575    772669440    386334720
      377280         2048        1850.297   1545338880    772669440
      414912            1           7.013       829824       414912
      414912            2          22.044      1659648       829824
      414912            4           6.712      3319296      1659648
      414912            8          13.619      6638592      3319296
      414912           16          22.052     13277184      6638592
      414912           32          47.251     26554368     13277184
      414912           64          70.108     53108736     26554368
      414912          128         132.512    106217472     53108736
      414912          256         257.158    212434944    106217472
      414912          512         520.355    424869888    212434944
      414912         1024        1018.997    849739776    424869888
      414912         2048        2033.149   1699479552    849739776
      456384            1           7.906       912768       456384
      456384            2          42.941      1825536       912768
      456384            4           5.734      3651072      1825536
      456384            8          13.683      7302144      3651072
      456384           16          26.341     14604288      7302144
      456384           32          50.051     29208576     14604288
      456384           64          76.074     58417152     29208576
      456384          128         145.780    116834304     58417152
      456384          256         281.742    233668608    116834304
      456384          512         574.939    467337216    233668608
      456384         1024        1121.158    934674432    467337216
      456384         2048        2230.603   1869348864    934674432
      501888            1           6.947      1003776       501888
      501888            2          16.158      2007552      1003776
      501888            4          17.347      4015104      2007552
      501888            8          13.878      8030208      4015104
      501888           16          29.701     16060416      8030208
      501888           32          50.597     32120832     16060416
      501888           64          81.935     64241664     32120832
      501888          128         161.454    128483328     64241664
      501888          256         316.968    256966656    128483328
      501888          512         645.493    513933312    256966656
      501888         1024        1270.269   1027866624    513933312
      501888         2048        2542.931   2055733248   1027866624
      552000            1           7.090      1104000       552000
      552000            2          15.489      2208000      1104000
      552000            4          18.345      4416000      2208000
      552000            8          15.914      8832000      4416000
      552000           16          32.043     17664000      8832000
      552000           32          57.420     35328000     17664000
      552000           64          89.444     70656000     35328000
      552000          128         177.783    141312000     70656000
      552000          256         349.186    282624000    141312000
      552000          512         705.461    565248000    282624000
      552000         1024        1391.463   1130496000    565248000
      607104            1          10.073      1214208       607104
      607104            2          16.069      2428416      1214208
      607104            4          17.983      4856832      2428416
      607104            8          18.629      9713664      4856832
      607104           16          34.093     19427328      9713664
      607104           32          58.527     38854656     19427328
      607104           64          97.774     77709312     38854656
      607104          128         210.525    155418624     77709312
      607104          256         382.292    310837248    155418624
      607104          512         772.259    621674496    310837248
      607104         1024        1530.590   1243348992    621674496
      667776            1          13.216      1335552       667776
      667776            2          15.297      2671104      1335552
      667776            4           8.590      5342208      2671104
      667776            8          20.479     10684416      5342208
      667776           16          36.666     21368832     10684416
      667776           32          64.686     42737664     21368832
      667776           64         108.546     85475328     42737664
      667776          128         212.558    170950656     85475328
      667776          256         434.773    341901312    170950656
      667776          512         849.536    683802624    341901312
      667776         1024        1682.657   1367605248    683802624
      734400            1          10.260      1468800       734400
      734400            2          16.101      2937600      1468800
      734400            4          10.947      5875200      2937600
      734400            8          19.751     11750400      5875200
      734400           16          37.930     23500800     11750400
      734400           32          67.802     47001600     23500800
      734400           64         119.185     94003200     47001600
      734400          128         246.129    188006400     94003200
      734400          256         454.030    376012800    188006400
      734400          512         927.178    752025600    376012800
      734400         1024        1805.559   1504051200    752025600
      807744            1           9.429      1615488       807744
      807744            2          25.654      3230976      1615488
      807744            4          11.630      6461952      3230976
      807744            8          21.110     12923904      6461952
      807744           16          47.363     25847808     12923904
      807744           32          69.800     51695616     25847808
      807744           64         150.081    103391232     51695616
      807744          128         255.860    206782464    103391232
      807744          256         511.865    413564928    206782464
      807744          512        1031.321    827129856    413564928
      807744         1024        2075.070   1654259712    827129856
      888384            1          11.119      1776768       888384
      888384            2           6.976      3553536      1776768
      888384            4          12.910      7107072      3553536
      888384            8          22.796     14214144      7107072
      888384           16          46.574     28428288     14214144
      888384           32          77.589     56856576     28428288
      888384           64         143.782    113713152     56856576
      888384          128         299.740    227426304    113713152
      888384          256         560.731    454852608    227426304
      888384          512        1125.053    909705216    454852608
      888384         1024        2258.081   1819410432    909705216
      977088            1          15.130      1954176       977088
      977088            2           9.775      3908352      1954176
      977088            4          14.659      7816704      3908352
      977088            8          25.161     15633408      7816704
      977088           16          72.566     31266816     15633408
      977088           32          81.511     62533632     31266816
      977088           64         155.439    125067264     62533632
      977088          128         307.972    250134528    125067264
      977088          256         612.476    500269056    250134528
      977088          512        1207.108   1000538112    500269056
      977088         1024        2396.620   2001076224   1000538112
     1074624            1          14.459      2149248      1074624
     1074624            2          27.716      4298496      2149248
     1074624            4          17.468      8596992      4298496
     1074624            8          33.260     17193984      8596992
     1074624           16          67.688     34387968     17193984
     1074624           32         133.822     68775936     34387968
     1074624           64         282.073    137551872     68775936
     1074624          128         536.378    275103744    137551872
     1074624          256        1082.129    550207488    275103744
     1074624          512        2165.403   1100414976    550207488
     1181952            1          18.025      2363904      1181952
     1181952            2          21.550      4727808      2363904
     1181952            4          19.399      9455616      4727808
     1181952            8          36.980     18911232      9455616
     1181952           16          72.677     37822464     18911232
     1181952           32         161.845     75644928     37822464
     1181952           64         291.821    151289856     75644928
     1181952          128         586.047    302579712    151289856
     1181952          256        1171.911    605159424    302579712
     1181952          512        2337.314   1210318848    605159424
     1300032            1          17.549      2600064      1300032
     1300032            2          17.476      5200128      2600064
     1300032            4          17.920     10400256      5200128
     1300032            8          36.511     20800512     10400256
     1300032           16          62.597     41601024     20800512
     1300032           32         106.384     83202048     41601024
     1300032           64         206.827    166404096     83202048
     1300032          128         422.688    332808192    166404096
     1300032          256         828.372    665616384    332808192
     1300032          512        1637.422   1331232768    665616384
     1430016            1          28.132      2860032      1430016
     1430016            2          12.025      5720064      2860032
     1430016            4          22.832     11440128      5720064
     1430016            8          38.214     22880256     11440128
     1430016           16          66.746     45760512     22880256
     1430016           32         115.424     91521024     45760512
     1430016           64         226.998    183042048     91521024
     1430016          128         460.216    366084096    183042048
     1430016          256         913.231    732168192    366084096
     1430016          512        1809.418   1464336384    732168192
     1572864            1          19.706      3145728      1572864
     1572864            2          12.765      6291456      3145728
     1572864            4          23.568     12582912      6291456
     1572864            8          41.605     25165824     12582912
     1572864           16          72.344     50331648     25165824
     1572864           32         124.473    100663296     50331648
     1572864           64         265.228    201326592    100663296
     1572864          128         492.281    402653184    201326592
     1572864          256         993.801    805306368    402653184
     1572864          512        1983.110   1610612736    805306368
     1730112            1          32.594      3460224      1730112
     1730112            2          11.232      6920448      3460224
     1730112            4          25.747     13840896      6920448
     1730112            8          44.322     27681792     13840896
     1730112           16          77.790     55363584     27681792
     1730112           32         138.755    110727168     55363584
     1730112           64         287.683    221454336    110727168
     1730112          128         544.161    442908672    221454336
     1730112          256        1092.820    885817344    442908672
     1730112          512        2182.554   1771634688    885817344
     1903104            1          29.837      3806208      1903104
     1903104            2          12.354      7612416      3806208
     1903104            4          26.418     15224832      7612416
     1903104            8          52.132     30449664     15224832
     1903104           16          84.471     60899328     30449664
     1903104           32         150.527    121798656     60899328
     1903104           64         312.363    243597312    121798656
     1903104          128         596.983    487194624    243597312
     1903104          256        1197.209    974389248    487194624
     1903104          512        2407.650   1948778496    974389248
     2093376            1          32.377      4186752      2093376
     2093376            2          14.406      8373504      4186752
     2093376            4          31.581     16747008      8373504
     2093376            8          57.182     33494016     16747008
     2093376           16          85.270     66988032     33494016
     2093376           32         165.019    133976064     66988032
     2093376           64         329.265    267952128    133976064
     2093376          128         666.188    535904256    267952128
     2093376          256        1319.729   1071808512    535904256
     2093376          512        2645.199   2143617024   1071808512
     2302656            1          37.002      4605312      2302656
     2302656            2          14.402      9210624      4605312
     2302656            4          30.011     18421248      9210624
     2302656            8          59.911     36842496     18421248
     2302656           16          95.295     73684992     36842496
     2302656           32         183.734    147369984     73684992
     2302656           64         359.758    294739968    147369984
     2302656          128         723.106    589479936    294739968
     2302656          256        1427.035   1178959872    589479936
     2532864            1          37.503      5065728      2532864
     2532864            2          15.672     10131456      5065728
     2532864            4          34.974     20262912     10131456
     2532864            8          67.067     40525824     20262912
     2532864           16         108.047     81051648     40525824
     2532864           32         211.837    162103296     81051648
     2532864           64         398.017    324206592    162103296
     2532864          128         799.439    648413184    324206592
     2532864          256        1590.884   1296826368    648413184
     2786112            1          51.978      5572224      2786112
     2786112            2          19.098     11144448      5572224
     2786112            4          34.553     22288896     11144448
     2786112            8          70.717     44577792     22288896
     2786112           16         114.467     89155584     44577792
     2786112           32         218.278    178311168     89155584
     2786112           64         448.221    356622336    178311168
     2786112          128         878.956    713244672    356622336
     2786112          256        1760.172   1426489344    713244672
     3064704            1          50.217      6129408      3064704
     3064704            2          19.855     12258816      6129408
     3064704            4          41.740     24517632     12258816
     3064704            8          74.099     49035264     24517632
     3064704           16         121.622     98070528     49035264
     3064704           32         256.390    196141056     98070528
     3064704           64         476.783    392282112    196141056
     3064704          128         964.594    784564224    392282112
     3064704          256        1926.429   1569128448    784564224
     3371136            1          53.656      6742272      3371136
     3371136            2          22.019     13484544      6742272
     3371136            4          45.197     26969088     13484544
     3371136            8          78.383     53938176     26969088
     3371136           16         135.784    107876352     53938176
     3371136           32         264.402    215752704    107876352
     3371136           64         534.724    431505408    215752704
     3371136          128        1059.096    863010816    431505408
     3371136          256        2117.375   1726021632    863010816
     3708096            1          54.264      7416192      3708096
     3708096            2          23.384     14832384      7416192
     3708096            4          49.119     29664768     14832384
     3708096            8          83.483     59329536     29664768
     3708096           16         148.472    118659072     59329536
     3708096           32         292.751    237318144    118659072
     3708096           64         592.154    474636288    237318144
     3708096          128        1161.818    949272576    474636288
     3708096          256        2319.630   1898545152    949272576
     4078848            1          57.061      8157696      4078848
     4078848            2          27.440     16315392      8157696
     4078848            4          54.441     32630784     16315392
     4078848            8          87.891     65261568     32630784
     4078848           16         160.943    130523136     65261568
     4078848           32         332.781    261046272    130523136
     4078848           64         633.639    522092544    261046272
     4078848          128        1284.987   1044185088    522092544
     4078848          256        2548.315   2088370176   1044185088
     4486656            1          65.539      8973312      4486656
     4486656            2          28.313     17946624      8973312
     4486656            4          57.626     35893248     17946624
     4486656            8          96.201     71786496     35893248
     4486656           16         176.957    143572992     71786496
     4486656           32         364.080    287145984    143572992
     4486656           64         694.616    574291968    287145984
     4486656          128        1408.732   1148583936    574291968
     4935168            1          65.592      9870336      4935168
     4935168            2          31.270     19740672      9870336
     4935168            4          62.537     39481344     19740672
     4935168            8         104.142     78962688     39481344
     4935168           16         205.915    157925376     78962688
     4935168           32         384.601    315850752    157925376
     4935168           64         779.076    631701504    315850752
     4935168          128        1541.699   1263403008    631701504
     5428608            1          70.413     10857216      5428608
     5428608            2          33.983     21714432     10857216
     5428608            4          63.018     43428864     21714432
     5428608            8         111.354     86857728     43428864
     5428608           16         211.887    173715456     86857728
     5428608           32         432.868    347430912    173715456
     5428608           64         856.561    694861824    347430912
     5428608          128        1696.866   1389723648    694861824
     5971392            1          75.702     11942784      5971392
     5971392            2          36.465     23885568     11942784
     5971392            4          74.907     47771136     23885568
     5971392            8         119.624     95542272     47771136
     5971392           16         234.216    191084544     95542272
     5971392           32         480.368    382169088    191084544
     5971392           64         938.906    764338176    382169088
     5971392          128        1867.940   1528676352    764338176
     6568512            1          84.934     13137024      6568512
     6568512            2          39.511     26274048     13137024
     6568512            4          77.883     52548096     26274048
     6568512            8         154.494    105096192     52548096
     6568512           16         256.060    210192384    105096192
     6568512           32         510.481    420384768    210192384
     6568512           64        1027.477    840769536    420384768
     6568512          128        2050.813   1681539072    840769536
     7225344            1          95.492     14450688      7225344
     7225344            2          42.626     28901376     14450688
     7225344            4          85.784     57802752     28901376
     7225344            8         142.939    115605504     57802752
     7225344           16         297.248    231211008    115605504
     7225344           32         555.382    462422016    231211008
     7225344           64        1127.308    924844032    462422016
     7225344          128        2256.071   1849688064    924844032
     7947840            1         101.912     15895680      7947840
     7947840            2          49.632     31791360     15895680
     7947840            4          93.053     63582720     31791360
     7947840            8         177.935    127165440     63582720
     7947840           16         310.536    254330880    127165440
     7947840           32         629.638    508661760    254330880
     7947840           64        1234.931   1017323520    508661760
     7947840          128        2463.687   2034647040   1017323520
     8742528            1         106.205     17485056      8742528
     8742528            2          50.204     34970112     17485056
     8742528            4          99.116     69940224     34970112
     8742528            8         171.761    139880448     69940224
     8742528           16         359.294    279760896    139880448
     8742528           32         682.260    559521792    279760896
     8742528           64        1368.475   1119043584    559521792
     9616704            1         120.662     19233408      9616704
     9616704            2          58.630     38466816     19233408
     9616704            4         105.398     76933632     38466816
     9616704            8         205.635    153867264     76933632
     9616704           16         371.933    307734528    153867264
     9616704           32         747.710    615469056    307734528
     9616704           64        1481.612   1230938112    615469056
    10578240            1         125.799     21156480     10578240
    10578240            2          57.674     42312960     21156480
    10578240            4         115.671     84625920     42312960
    10578240            8         207.592    169251840     84625920
    10578240           16         431.412    338503680    169251840
    10578240           32         824.885    677007360    338503680
    10578240           64        1627.590   1354014720    677007360
    11635968            1         137.779     23271936     11635968
    11635968            2          63.985     46543872     23271936
    11635968            4         122.872     93087744     46543872
    11635968            8         227.018    186175488     93087744
    11635968           16         467.453    372350976    186175488
    11635968           32         911.538    744701952    372350976
    11635968           64        1779.014   1489403904    744701952
    12799488            1         156.307     25598976     12799488
    12799488            2          70.655     51197952     25598976
    12799488            4         131.513    102395904     51197952
    12799488            8         264.572    204791808    102395904
    12799488           16         499.045    409583616    204791808
    12799488           32         993.841    819167232    409583616
    12799488           64        1968.020   1638334464    819167232
    14079360            1         166.154     28158720     14079360
    14079360            2          76.961     56317440     28158720
    14079360            4         142.745    112634880     56317440
    14079360            8         273.792    225269760    112634880
    14079360           16         559.958    450539520    225269760
    14079360           32        1093.329    901079040    450539520
    14079360           64        2165.604   1802158080    901079040
    15487296            1         207.732     30974592     15487296
    15487296            2          84.950     61949184     30974592
    15487296            4         156.717    123898368     61949184
    15487296            8         303.152    247796736    123898368
    15487296           16         613.076    495593472    247796736
    15487296           32        1198.370    991186944    495593472
    15487296           64        2388.634   1982373888    991186944
    17035968            1         200.961     34071936     17035968
    17035968            2          94.266     68143872     34071936
    17035968            4         169.476    136287744     68143872
    17035968            8         349.965    272575488    136287744
    17035968           16         661.479    545150976    272575488
    17035968           32        1345.093   1090301952    545150976
    18739392            1         229.787     37478784     18739392
    18739392            2         130.230     74957568     37478784
    18739392            4         186.122    149915136     74957568
    18739392            8         363.993    299830272    149915136
    18739392           16         733.778    599660544    299830272
    18739392           32        1465.504   1199321088    599660544
    20613312            1         236.378     41226624     20613312
    20613312            2         118.095     82453248     41226624
    20613312            4         204.790    164906496     82453248
    20613312            8         419.537    329812992    164906496
    20613312           16         812.385    659625984    329812992
    20613312           32        1602.848   1319251968    659625984
    22674624            1         239.869     45349248     22674624
    22674624            2         132.541     90698496     45349248
    22674624            4         224.029    181396992     90698496
    22674624            8         460.902    362793984    181396992
    22674624           16         893.574    725587968    362793984
    22674624           32        1789.654   1451175936    725587968
    24941952            1         234.123     49883904     24941952
    24941952            2         140.153     99767808     49883904
    24941952            4         275.689    199535616     99767808
    24941952            8         488.652    399071232    199535616
    24941952           16         980.842    798142464    399071232
    24941952           32        1939.542   1596284928    798142464
    27436032            1         188.192     54872064     27436032
    27436032            2         155.468    109744128     54872064
    27436032            4         273.721    219488256    109744128
    27436032            8         559.509    438976512    219488256
    27436032           16        1095.554    877953024    438976512
    27436032           32        2157.707   1755906048    877953024
    30179520            1         205.457     60359040     30179520
    30179520            2         170.283    120718080     60359040
    30179520            4         305.013    241436160    120718080
    30179520            8         614.944    482872320    241436160
    30179520           16        1192.759    965744640    482872320
    30179520           32        2388.695   1931489280    965744640
    33197376            1         209.191     66394752     33197376
    33197376            2         196.675    132789504     66394752
    33197376            4         350.433    265579008    132789504
    33197376            8         653.742    531158016    265579008
    33197376           16        1318.946   1062316032    531158016
    33197376           32        2593.451   2124632064   1062316032
    36517056            1         215.090     73034112     36517056
    36517056            2         214.139    146068224     73034112
    36517056            4         383.544    292136448    146068224
    36517056            8         712.143    584272896    292136448
    36517056           16        1449.006   1168545792    584272896
    40168704            1         246.857     80337408     40168704
    40168704            2         265.701    160674816     80337408
    40168704            4         401.453    321349632    160674816
    40168704            8         806.403    642699264    321349632
    40168704           16        1580.030   1285398528    642699264
    44185536            1         283.172     88371072     44185536
    44185536            2         322.628    176742144     88371072
    44185536            4         477.714    353484288    176742144
    44185536            8         938.679    706968576    353484288
    44185536           16        1836.010   1413937152    706968576
    48604032            1         332.044     97208064     48604032
    48604032            2         367.886    194416128     97208064
    48604032            4         585.386    388832256    194416128
    48604032            8        1091.938    777664512    388832256
    48604032           16        2116.259   1555329024    777664512
    53464320            1         357.330    106928640     53464320
    53464320            2         424.029    213857280    106928640
    53464320            4         661.427    427714560    213857280
    53464320            8        1238.654    855429120    427714560
    53464320           16        2398.479   1710858240    855429120
    58810752            1         375.966    117621504     58810752
    58810752            2         530.496    235243008    117621504
    58810752            4         736.559    470486016    235243008
    58810752            8        1419.489    940972032    470486016
    58810752           16        2685.491   1881944064    940972032
    64691712            1         437.765    129383424     64691712
    64691712            2         639.284    258766848    129383424
    64691712            4         897.291    517533696    258766848
    64691712            8        1628.714   1035067392    517533696
    64691712           16        3065.361   2070134784   1035067392
    71160768            1         529.677    142321536     71160768
    71160768            2         792.796    284643072    142321536
    71160768            4        1035.964    569286144    284643072
    71160768            8        1834.768   1138572288    569286144
    78276672            1         578.814    156553344     78276672
    78276672            2         948.332    313106688    156553344
    78276672            4        1286.624    626213376    313106688
    78276672            8        2206.327   1252426752    626213376
    86104320            1         685.199    172208640     86104320
    86104320            2        1133.396    344417280    172208640
    86104320            4        2661.734    688834560    344417280
    86104320            8        2725.906   1377669120    688834560
    94714752            1         760.967    189429504     94714752
    94714752            2        1298.575    378859008    189429504
    94714752            4        1884.552    757718016    378859008
    94714752            8        3171.168   1515436032    757718016
   104186112            1         858.584    208372224    104186112
   104186112            2        1513.453    416744448    208372224
   104186112            4        2257.174    833488896    416744448
   104186112            8        3821.840   1666977792    833488896
   114604608            1         976.320    229209216    114604608
   114604608            2        1752.535    458418432    229209216
   114604608            4        2579.253    916836864    458418432
   114604608            8        4356.528   1833673728    916836864
   126064896            1        1095.965    252129792    126064896
   126064896            2        2045.192    504259584    252129792
   126064896            4        3005.631   1008519168    504259584
   126064896            8        5053.132   2017038336   1008519168
   138671232            1        1222.700    277342464    138671232
   138671232            2        2317.211    554684928    277342464
   138671232            4        3449.909   1109369856    554684928
   152538240            1        1420.980    305076480    152538240
   152538240            2        2609.802    610152960    305076480
   152538240            4        3917.291   1220305920    610152960
   167792064            1        1530.921    335584128    167792064
   167792064            2        2940.501    671168256    335584128
   167792064            4        4448.714   1342336512    671168256
   184571136            1        1748.630    369142272    184571136
   184571136            2        3381.789    738284544    369142272
   184571136            4        5032.727   1476569088    738284544
   203028096            1        1977.104    406056192    203028096
   203028096            2        3834.619    812112384    406056192
   203028096            4        5645.028   1624224768    812112384
   223330752            1        2178.536    446661504    223330752
   223330752            2        4250.468    893323008    446661504
   223330752            4        6425.426   1786646016    893323008
   245663808            1        2430.934    491327616    245663808
   245663808            2        4782.654    982655232    491327616
   245663808            4        7462.114   1965310464    982655232
   270230016            1        2680.506    540460032    270230016
   270230016            2        5359.314   1080920064    540460032
   297252864            1        2990.064    594505728    297252864
   297252864            2        5874.673   1189011456    594505728
   326978112            1        3302.897    653956224    326978112
   326978112            2        6548.223   1307912448    653956224
   359675904            1        3662.394    719351808    359675904
   359675904            2        7247.608   1438703616    719351808
   395643456            1        4081.669    791286912    395643456
   395643456            2        8049.740   1582573824    791286912
   435207744            1        4506.137    870415488    435207744
   435207744            2        8955.007   1740830976    870415488
   478728384            1        5013.501    957456768    478728384
   478728384            2        9982.125   1914913536    957456768
   526601088            1        5555.768   1053202176    526601088
   526601088            2       10941.644   2106404352   1053202176
   579261120            1        6133.502   1158522240    579261120
   637187136            1        6761.772   1274374272    637187136
   700905792            1        7492.369   1401811584    700905792
   770996352            1        8225.850   1541992704    770996352
   848095872            1        9023.591   1696191744    848095872
   932905344            1       10055.825   1865810688    932905344
  1026195840            1       11154.814   2052391680   1026195840

META_DATA
FLOPS          8
MPI_PROCS      1
OPENMP_THREADS 24
ERT_VERSION  1.1.0
HOSTNAME  ('deepv.deep', [], ['10.2.8.6'])
UNAME  uname_result(system='Linux', node='deepv', release='4.18.0-513.11.1.el8_9.0.1.x86_64', version='#1 SMP Sun Feb 11 10:42:18 UTC 2024', machine='x86_64')
TIMESTAMP_DATA  1710501834.7297697
CONFIG  {'ERT_RESULTS': ['Results.cn.deep.fz-juelich.de.01.gcc2023-O3'], 'ERT_DRIVER': ['driver1'], 'ERT_KERNEL': ['kernel1'], 'ERT_MPI': ['True'], 'ERT_MPI_CFLAGS': ['-I', '/p/software/deep/stages/2023/software/psmpi/5.9.2-1-GCC-11.3.0/include'], 'ERT_MPI_LDFLAGS': ['-L', '/p/software/deep/stages/2023/software/psmpi/5.9.2-1-GCC-11.3.0/lib', '-lmpi'], 'ERT_OPENMP': ['True'], 'ERT_OPENMP_CFLAGS': ['-fopenmp'], 'ERT_OPENMP_LDFLAGS': ['-fopenmp'], 'ERT_FLOPS': ['1,2,4,8,16,64,128'], 'ERT_ALIGN': ['64'], 'ERT_CC': ['mpicxx'], 'ERT_CFLAGS': ['-g', '-O3', '-mavx'], 'ERT_LD': ['mpicxx'], 'ERT_LDFLAGS': [], 'ERT_LDLIBS': [], 'ERT_PRECISION': ['FP64'], 'ERT_RUN': ['export', 'OMP_NUM_THREADS=ERT_OPENMP_THREADS;', 'export', 'OMP_PLACES="cores(ERT_OPENMP_THREADS)";', 'srun', '-p', 'dp-cn', '-n', 'ERT_MPI_PROCS', '-c', '48', '--ntasks-per-node', '1', 'ERT_CODE'], 'ERT_PROCS_THREADS': ['24'], 'ERT_MPI_PROCS': ['1'], 'ERT_OPENMP_THREADS': ['24'], 'ERT_NUM_EXPERIMENTS': ['5'], 'ERT_MEMORY_MAX': ['1073741824'], 'ERT_WORKING_SET_MIN': ['128'], 'ERT_TRIALS_MIN': ['1'], 'ERT_GNUPLOT': ['gnuplot'], 'ERT_GPU': [False], 'ERT_HIP': [False], 'ERT_OCL': [False], 'ERT_SYCL': [False], 'ERT_WSS_MULT': [1.1]}
