fp64
 1024 1048576 357772.278 359297.028 359489.532 5.973702867097671 5.9769034549320015 6.00237575701715 23.894811468390685 23.907613819728006 24.0095030280686
 1120 524288 187139.069 188042.236 188130.31 6.242508822741004 6.245432648439684 6.27557423618475 24.970035290964017 24.981730593758737 25.102296944739
 1232 524288 188316.666 189232.132 189315.079 6.823786244729085 6.826777346671758 6.85996443883517 27.29514497891634 27.30710938668703 27.43985775534068
 1352 524288 187097.092 188002.304 188098.557 7.5368720239571 7.540730734874398 7.577214251945723 30.1474880958284 30.16292293949759 30.30885700778289
 1480 524288 188321.793 189175.812 189308.929 8.197671859418739 8.203440300285324 8.240642016402212 32.790687437674954 32.8137612011413 32.96256806560885
 1624 524288 187143.173 188048.386 188152.832 9.050554306830737 9.055581173666654 9.099383091041211 36.20221722732295 36.22232469466662 36.397532364164846
 1784 524288 188347.397 189279.236 189390.747 9.877249092850349 9.883068124810055 9.931964092925584 39.508996371401395 39.53227249924022 39.72785637170234
 1960 524288 188153.854 189074.432 189131.775 10.8665450847696 10.869840719659017 10.923023452923797 43.4661803390784 43.47936287863607 43.69209381169519
 2152 262144 101932.03 102499.329 102550.529 11.002066854282145 11.007562556824151 11.068824745273885 44.00826741712858 44.030250227296605 44.27529898109554
 2360 262144 104342.529 104858.589 104906.754 11.794471116702361 11.79988870534964 11.858248902516058 47.177884466809445 47.19955482139856 47.43299561006423
 2592 262144 104381.439 104899.612 104919.037 12.95241106721176 12.954809556397597 13.019120152194875 51.80964426884704 51.81923822559039 52.0764806087795
 2848 262144 104243.202 104752.129 104803.329 14.24737399324405 14.254337723293434 14.323928998266956 56.9894959729762 57.017350893173735 57.29571599306782
 3128 262144 124412.926 125008.896 125084.671 13.11090200652964 13.118849269735174 13.18169194091617 52.44360802611856 52.475397078940695 52.72676776366468
 3440 262144 124650.528 125249.535 125339.645 14.38930770866632 14.399660006721783 14.468857444390448 57.55723083466528 57.59864002688713 57.87542977756179
 3784 262144 124694.527 125301.697 125360.13 15.825651999563178 15.833032109692818 15.910127250412522 63.30260799825271 63.33212843877127 63.64050900165009
 4160 131072 62286.846 62611.458 62625.793 17.41325718622038 17.41724398112563 17.508015095193613 69.65302874488152 69.66897592450252 70.03206038077445
 4576 131072 62287.872 62582.783 62628.864 19.15364366181063 19.167746886551846 19.258499375287695 76.61457464724252 76.67098754620739 77.03399750115078
 5032 131072 62282.753 62584.831 62610.432 21.068511522169338 21.07712982399841 21.179356153380056 84.27404608867735 84.30851929599363 84.71742461352022
 5528 131072 62297.089 62589.985 62609.409 23.14559512931994 23.15277806824846 23.261633171976946 92.58238051727976 92.61111227299384 93.04653268790778
 6080 131072 62274.559 62592.991 62619.648 25.45264259549974 25.46348232504179 25.593686179295144 101.81057038199896 101.85392930016717 102.37474471718058
 6688 131072 62277.634 62579.712 62617.599 27.998823014596905 28.01577405789276 28.151664721238447 111.99529205838762 112.06309623157104 112.60665888495379
 7352 131072 62307.327 62647.263 62684.158 30.745929266530148 30.76403653899453 30.93187881418826 122.98371706612059 123.05614615597813 123.72751525675304
 8080 131072 62284.801 62627.838 62662.594 33.80204017727067 33.82079898718522 34.007068915577015 135.20816070908268 135.28319594874088 136.02827566230806
 8888 65536 31152.128 31323.135 31333.281 37.17988984300751 37.19193292753105 37.396094931299714 148.71955937203003 148.7677317101242 149.58437972519886
 9776 65536 31155.199 31327.232 31328.257 40.90109041176469 40.90242866015102 41.12828398239407 163.60436164705877 163.60971464060407 164.5131359295763
 10752 65536 31159.296 31320.065 31336.416 44.972792804384525 44.996271367891474 45.22843340234645 179.8911712175381 179.9850854715659 180.9137336093858
 11824 65536 31200.256 31312.897 31329.281 49.467950700815635 49.4938340582157 49.672519610095506 197.87180280326254 197.9753362328628 198.69007844038202
 13000 65536 31159.296 31324.16 31341.568 54.36664815238344 54.39686171951618 54.684675802688226 217.46659260953376 217.58744687806472 218.7387032107529
 14296 65536 31157.185 31316.992 31334.4 59.8002614379085 59.833502272504326 60.140391758754845 239.201045751634 239.3340090900173 240.56156703501938
 15720 65536 31203.36 31326.208 31329.281 65.7676069872143 65.77405857740585 66.03301182949528 263.0704279488572 263.0962343096234 264.1320473179811
 17288 32768 15594.496 15668.224 15679.488 72.25914315569489 72.3110907783805 72.6529647383282 289.03657262277954 289.244363113522 290.6118589533128
 19016 32768 15592.448 15669.248 15678.464 79.48690483965775 79.53365573127695 79.92539567872856 317.947619358631 318.1346229251078 319.70158271491425
 20912 32768 15608.832 15664.128 15675.488 87.4287825680451 87.49218801072105 87.80213868661025 349.7151302721804 349.9687520428842 351.208554746441
 23000 32768 15607.808 15666.112 15673.344 96.17143603815498 96.21583198179613 96.57525259152342 384.6857441526199 384.8633279271845 386.3010103660937
 25296 32768 15610.88 15672.32 15678.4 105.73774466782325 105.77876510944135 106.1950803542145 422.950978671293 423.1150604377654 424.780321416858
 27824 32768 15610.88 15675.36 15690.752 116.21327416302292 116.32738667564892 116.8078714332568 464.85309665209166 465.3095467025957 467.2314857330272
 30600 32768 15621.12 15670.304 15678.464 127.90803997126248 127.97464554612341 128.37758112094394 511.63215988504993 511.89858218449365 513.5103244837758
 33656 16384 7814.144 7841.792 7844.864 140.58112517948047 140.636197440585 141.133796356965 562.3245007179219 562.54478976234 564.53518542786
 37016 16384 7811.072 7840.768 7843.808 154.63666219264925 154.69661747420662 155.28474042999474 618.546648770597 618.7864698968265 621.138961719979
 40712 16384 7816.192 7842.816 7844.864 170.05403994256625 170.09844627235933 170.67784619415696 680.216159770265 680.3937850894373 682.7113847766278
 44776 16384 7827.456 7843.84 7854.08 186.80990873533247 187.0537859007833 187.44531658817374 747.2396349413299 748.2151436031332 749.781266352695
 49248 16384 7816.192 7844.864 7846.912 205.6552264126321 205.70891528521082 206.46351369055418 822.6209056505284 822.8356611408433 825.8540547622167
 54168 16384 7812.096 7842.816 7852.0 226.05412939378505 226.31884057971018 227.20880849390485 904.2165175751402 905.2753623188407 908.8352339756194
 59584 16384 7815.168 7843.84 7846.912 248.8174344251598 248.91488250652742 249.8280922431866 995.2697377006392 995.6595300261097 999.3123689727464
 65536 16384 7813.12 7844.864 7848.96 273.6010437051533 273.74389766349043 274.8560943643513 1094.4041748206132 1094.9755906539617 1099.4243774574052
 72088 8192 3923.04 3935.232 3939.328 299.82011957369383 300.1321883944835 301.0649373954892 1199.2804782947753 1200.528753577934 1204.2597495819568
 79296 8192 3923.968 3938.304 3940.352 329.7130977130977 329.88455538221524 331.089770354906 1318.8523908523907 1319.538221528861 1324.359081419624
 87224 8192 3920.896 3934.208 3943.424 362.3952220202545 363.2441436751692 364.47740924523373 1449.580888081018 1452.9765747006768 1457.909636980935
 95944 8192 3919.872 3936.256 3938.304 399.1430057202288 399.3506763787721 401.01985370950894 1596.5720228809153 1597.4027055150884 1604.0794148380357
 105536 8192 3926.016 3938.304 3942.4 438.5911688311688 439.0473218928757 440.42149191444963 1754.364675324675 1756.1892875715027 1761.6859676577985
 116088 8192 3919.872 3940.352 3942.4 482.4436363636363 482.69438669438665 485.21630094043894 1929.7745454545452 1930.7775467775466 1940.8652037617558
 127696 8192 3921.856 3938.304 3942.4 530.6846753246753 531.2366094643786 533.464580035575 2122.738701298701 2124.9464378575144 2133.8583201423
 140464 4096 1963.008 1971.2 1976.32 582.2341968911918 583.7464935064935 586.1825769431404 2328.936787564767 2334.985974025974 2344.7303077725614
 154504 4096 1967.104 1975.296 1980.416 639.1065149948294 640.763089683774 643.4315460697553 2556.4260599793174 2563.052358735096 2573.7261842790213
 169952 4096 1967.104 1973.248 1977.344 704.0994303469704 705.560975609756 707.7647058823529 2816.3977213878816 2822.243902439024 2831.0588235294117
 186944 4096 1965.056 1972.224 1982.464 772.4958677685952 776.5067497403946 779.3392391870766 3089.9834710743808 3106.0269989615786 3117.3569567483064
 205632 4096 1966.08 1975.296 1980.416 850.5977249224405 852.8024883359253 856.8000000000001 3402.390899689762 3411.2099533437013 3427.2000000000003
 226192 4096 1967.104 1975.296 1978.368 936.6128364389235 938.0694660445827 941.9760541384696 3746.451345755694 3752.2778641783307 3767.9042165538785
 248808 4096 1960.96 1973.248 1979.456 1029.6945908370783 1032.9340944473274 1039.4067885117495 4118.778363348313 4131.73637778931 4157.627154046998
 273688 2048 986.112 992.192 1122.304 998.861313868613 1129.847900406373 1136.8141225337488 3995.445255474452 4519.391601625492 4547.256490134995
 301056 2048 985.088 995.328 1127.424 1093.7547683923708 1238.9135802469136 1251.7920997920999 4375.019073569483 4955.6543209876545 5007.168399168399
 331160 2048 1757.216 1771.52 1974.272 687.0539419087137 765.6878612716763 771.9206745215159 2748.2157676348547 3062.751445086705 3087.6826980860637
 364272 2048 1767.424 1773.664 1986.56 751.0762886597938 841.2292925830372 844.199304750869 3004.3051546391753 3364.917170332149 3376.797219003476
 400696 2048 1765.376 1977.344 1988.608 825.3264675592173 830.0279647850853 929.6890951276101 3301.3058702368694 3320.111859140341 3718.7563805104405
 440760 2048 1767.424 1977.344 1980.416 911.6028955532574 913.0191610564473 1021.460023174971 3646.4115822130298 3652.076644225789 4085.840092699884
 484832 2048 1770.496 1977.376 1986.56 999.6536082474227 1004.2965384428658 1121.6471949103527 3998.6144329896906 4017.186153771463 4486.588779641411
 533312 1024 878.592 983.04 988.16 1105.3098445595856 1111.0666666666668 1243.1515151515152 4421.239378238342 4444.266666666667 4972.606060606061
 586640 1024 880.64 984.064 987.136 1217.0954356846473 1220.8949011446412 1364.2790697674418 4868.381742738589 4883.579604578565 5457.116279069767
 645304 1024 985.088 987.136 999.424 1322.3442622950818 1338.804979253112 1341.5883575883574 5289.377049180327 5355.219917012448 5366.35343035343
 709832 1024 1441.792 1443.84 1448.96 1003.2961130742049 1006.8539007092199 1008.284090909091 4013.1844522968195 4027.4156028368798 4033.136363636364
 780808 1024 1440.768 1442.816 1448.96 1103.6155477031803 1108.3151171043294 1109.8905472636816 4414.462190812721 4433.2604684173175 4439.562189054726
 858888 1024 1440.768 1444.864 1449.984 1213.1186440677968 1217.417434443657 1220.8784648187634 4852.474576271187 4869.669737774628 4883.513859275054
 944776 1024 1440.768 1444.864 1454.08 1330.6704225352114 1339.1580439404677 1342.9651741293533 5322.681690140846 5356.632175761871 5371.860696517413
 1039248 1024 1896.448 1899.52 1907.712 1115.6714975845412 1120.4830188679246 1122.2980561555075 4462.685990338165 4481.932075471698 4489.19222462203
 1143168 512 952.32 955.392 958.464 1221.3333333333333 1225.2604501607716 1229.2129032258063 4885.333333333333 4901.041800643086 4916.851612903225
 1257480 512 953.312 956.416 959.488 1342.0277481323371 1346.3383297644539 1350.722030143332 5368.110992529349 5385.3533190578155 5402.888120573328
 1383224 512 1181.696 1184.768 1189.888 1190.3820998278832 1195.52636127917 1198.6343154246101 4761.528399311533 4782.10544511668 4794.5372616984405
 1521544 512 1182.72 1185.792 1188.896 1310.510806664334 1313.9412780656305 1317.3541125541126 5242.043226657336 5255.765112262522 5269.41645021645
 1673696 512 1408.0 1412.096 1417.216 1209.3179190751446 1213.7026831036983 1217.2334545454546 4837.271676300578 4854.810732414793 4868.933818181818
 1841064 512 1410.048 1413.12 1417.216 1330.2485549132948 1334.104347826087 1337.0108932461874 5320.994219653179 5336.417391304348 5348.0435729847495
 2025168 512 1636.352 1640.448 1643.52 1261.7869158878505 1264.1498127340824 1267.314142678348 5047.147663551402 5056.59925093633 5069.256570713392
 2227680 256 822.272 824.32 827.392 1378.5148514851485 1383.6521739130435 1387.0983810709838 5514.059405940594 5534.608695652174 5548.393524283935
 2450448 256 935.968 939.008 943.104 1330.3192182410423 1336.1221374045801 1340.4618277547952 5321.276872964169 5344.488549618321 5361.847311019181
 2695488 256 1050.624 1054.688 1057.792 1304.6892545982575 1308.5290209047603 1313.5906432748536 5218.75701839303 5234.116083619041 5254.3625730994145
 2965032 256 1164.288 1167.36 1167.36 1300.4526315789474 1300.4526315789474 1303.8839050131924 5201.8105263157895 5201.8105263157895 5215.535620052769
 3261528 256 1164.288 1167.36 1172.48 1424.2480349344978 1430.4947368421053 1434.2691292875988 5696.992139737991 5721.978947368421 5737.076517150395
 3587680 256 1276.928 1280.0 1285.12 1429.354581673307 1435.072 1438.5244587008822 5717.418326693228 5740.288 5754.097834803529
 3946448 256 1506.304 1509.376 1510.4 1337.7789830508475 1338.686567164179 1341.416723317471 5351.11593220339 5354.746268656716 5365.666893269884
 4341088 128 814.08 817.152 820.224 1354.896379525593 1359.9899749373433 1365.1220125786162 5419.585518102372 5439.959899749373 5460.488050314465
 4775192 128 871.392 872.48 877.568 1392.9964994165693 1401.1199706583532 1402.869376813191 5571.985997666277 5604.479882633413 5611.477507252764
 5252704 128 985.088 986.112 989.184 1359.3954451345758 1363.630321910696 1365.047817047817 5437.581780538303 5454.521287642784 5460.191268191268
 5777968 128 1043.424 1047.552 1049.6 1409.260487804878 1412.0156402737048 1417.601864630294 5637.041951219512 5648.062561094819 5670.407458521176
 6355760 128 1157.12 1160.192 1165.312 1396.2565905096662 1402.4183583406884 1406.141592920354 5585.026362038665 5609.673433362754 5624.566371681416
 6991336 128 1271.808 1272.832 1277.952 1400.508012820513 1406.141592920354 1407.2737520128826 5602.032051282052 5624.566371681416 5629.09500805153
 7690464 128 1385.472 1387.52 1394.688 1411.612334801762 1418.9047970479705 1421.0022172949002 5646.449339207048 5675.619188191882 5684.008869179601
 8459504 64 754.688 757.76 759.808 1425.1185983827493 1428.9702702702702 1434.78697421981 5700.474393530997 5715.881081081081 5739.14789687924
 9305448 64 839.68 842.752 846.848 1406.5066505441353 1413.3426488456864 1418.5134146341463 5626.026602176541 5653.370595382746 5674.053658536585
 10235992 64 926.688 928.768 931.84 1406.042857142857 1410.6934950385885 1413.8598708518941 5624.171428571428 5642.773980154354 5655.4394834075765
 11259584 64 1016.832 1019.904 1028.096 1401.840637450199 1413.1004016064255 1417.3695871097682 5607.362549800796 5652.401606425702 5669.478348439073
 12385536 64 1106.944 1108.992 1112.064 1425.5911602209944 1429.5401662049862 1432.185013876041 5702.364640883978 5718.160664819945 5728.740055504164
 13624088 64 1226.752 1230.848 1239.04 1407.4471074380165 1416.814475873544 1421.5450751252085 5629.788429752066 5667.257903494176 5686.180300500834
 14986496 64 1377.28 1440.768 1479.68 1296.4096885813149 1331.4228855721392 1392.7970260223049 5185.6387543252595 5325.691542288557 5571.188104089219
 16485144 64 1760.256 1823.744 1873.92 1126.0344262295082 1157.014598540146 1198.7452006980802 4504.137704918033 4628.058394160584 4794.980802792321
 18133656 32 1202.176 1209.344 1224.704 947.6199832775922 959.6558001693481 965.3777683134584 3790.4799331103686 3838.6232006773926 3861.5110732538337
 19947016 32 1496.064 1513.472 1521.664 838.9559219380889 843.4969553450609 853.3117727583847 3355.8236877523555 3373.9878213802435 3413.2470910335387
 21941712 32 1746.944 1760.256 1767.424 794.528968713789 797.764397905759 803.8434935521688 3178.115874855156 3191.057591623036 3215.373974208675
 24135880 32 1942.528 1951.744 1952.768 791.0291033036182 791.4441238195174 795.1989984185556 3164.1164132144727 3165.7764952780694 3180.7959936742222
 26549464 32 2144.256 2152.448 2157.568 787.5374940673943 789.4107992388201 792.4266953199618 3150.149976269577 3157.6431969552805 3169.7067812798473
 29204408 32 2374.656 2379.776 2392.064 781.3679366438357 785.402538726334 787.0959465286761 3125.471746575343 3141.610154905336 3148.3837861147044
 32124848 32 2615.296 2625.536 2637.824 779.4266304347825 783.0744929797191 786.1405638214565 3117.70652173913 3132.2979719188766 3144.562255285826
 35337328 16 1445.888 1453.056 1455.104 777.1228008444757 778.2181113460183 782.076133144476 3108.491203377903 3112.872445384073 3128.304532577904
 38871056 16 1592.32 1597.44 1602.56 776.179233226837 778.6669871794871 781.1707395498393 3104.716932907348 3114.6679487179485 3124.682958199357
 42758160 16 1752.064 1754.112 1763.328 775.9538327526133 780.0306479859895 780.9424313267095 3103.815331010453 3120.122591943958 3123.769725306838
 47033976 16 1928.192 1936.384 1943.552 774.4002897787144 777.2669222633527 780.5691715347849 3097.6011591148576 3109.067689053411 3122.2766861391397
 51737368 16 2129.92 2135.04 2141.184 773.215088474414 775.4401678657074 777.3042067307692 3092.860353897656 3101.7606714628296 3109.216826923077
 56911104 16 2357.248 2363.392 2381.824 764.6053310404126 770.5684575389948 772.5768896611642 3058.4213241616503 3082.2738301559793 3090.3075586446566
 62602208 16 2600.96 2611.2 2622.432 763.8980366316459 767.1839215686276 770.2043307086615 3055.5921465265837 3068.7356862745105 3080.817322834646
 68862424 8 1421.312 1425.408 1432.576 769.1031987133667 772.9708153735633 775.1983969740635 3076.412794853467 3091.883261494253 3100.793587896254
 75748664 8 1568.768 1569.792 1586.176 764.0883634602969 772.0631930854533 772.5671507832897 3056.3534538411877 3088.2527723418134 3090.2686031331586
 83323528 8 1722.4 1732.608 1736.704 767.6474793632075 769.462248817967 774.0225545750116 3070.58991745283 3077.848995271868 3096.090218300046
 91655880 8 1907.712 1914.88 1925.12 761.7676196808511 765.841243315508 768.7188003220612 3047.0704787234044 3063.364973262032 3074.8752012882446
 100821464 8 2088.96 2103.296 2127.872 758.1017204042349 766.9597736124636 772.2232230392157 3032.4068816169397 3067.839094449854 3088.8928921568627
 110903608 8 2311.168 2317.312 2328.576 762.0355650835531 765.7396707909855 767.7753101462117 3048.1422603342126 3062.958683163942 3071.101240584847
 121993968 8 2546.688 2552.832 2558.976 762.767406962785 764.6031889290012 766.4478287092883 3051.06962785114 3058.412755716005 3065.791314837153
 134193360 8 2806.784 2811.904 2837.504 756.6839588596176 763.5729242534596 764.9657971543232 3026.7358354384705 3054.2916970138385 3059.863188617293
 147612696 4 1524.736 1530.88 1537.024 768.3039223850766 771.3874163879598 774.4957605775687 3073.2156895403064 3085.549665551839 3097.983042310275
 162373960 4 1678.336 1687.552 1690.624 768.3504315566324 769.7491277305826 773.9759380719951 3073.4017262265297 3078.9965109223303 3095.9037522879803
 178611352 4 1851.392 1862.656 1869.824 764.1846590909091 767.1254466739967 771.7926922013274 3056.7386363636365 3068.501786695987 3087.1707688053098
 196472480 4 2035.712 2046.976 2057.216 764.0324788451967 767.854552276138 772.1032444668009 3056.1299153807868 3071.418209104552 3088.4129778672036
 216119728 4 2241.536 2250.752 2270.208 761.5856450157871 768.1689604185624 771.3272613065327 3046.3425800631485 3072.6758416742496 3085.309045226131
 237731696 4 2478.08 2493.44 2497.504 761.501710507771 762.742864476386 767.4706095041322 3046.006842031084 3050.971457905544 3069.882438016529
 261504864 4 2733.056 2752.512 2785.312 751.0967934651486 760.047154017857 765.4577557137504 3004.3871738605944 3040.188616071428 3061.8310228550017
 287655344 2 1481.728 1482.752 1490.944 771.7401699862637 776.0039278314916 776.5402125086384 3086.960679945055 3104.0157113259665 3106.1608500345537
 316420872 2 1636.384 1638.4 1659.904 762.5040291486737 772.5118945312499 773.4636173416509 3050.0161165946947 3090.0475781249997 3093.8544693666036
 348062952 2 1803.264 1804.288 1807.36 770.323459631728 771.6350205732122 772.0732005962521 3081.293838526912 3086.5400822928486 3088.2928023850086
 382869240 2 1983.488 1987.584 2012.16 761.110925572519 770.5218798299845 772.1130453020133 3044.443702290076 3082.087519319938 3088.4521812080534
 421156160 2 2185.216 2193.408 2203.616 764.4819424073886 768.0397992530345 770.9190487347704 3057.9277696295544 3072.159197012138 3083.6761949390816
 463271776 2 2411.52 2425.856 2445.312 757.8121335845897 763.8899852258337 768.4311571125266 3031.2485343383587 3055.559940903335 3073.7246284501066
 509598952 2 2651.136 2673.664 2691.072 757.4660982686454 762.3978959211031 768.8763639436077 3029.8643930745816 3049.5915836844124 3075.5054557744306
 560558840 1 1458.944 1466.784 1479.168 757.9380300276913 764.3372712001221 768.4446284435866 3031.752120110765 3057.3490848004885 3073.7785137743463
 616614720 1 1609.92 1610.08 1615.936 763.1672541486791 765.9429593560568 766.0190816935002 3052.6690165947166 3063.771837424227 3064.076326774001
 678276192 1 1767.744 1773.536 1784.704 760.0993688589256 764.8857333597964 767.3918757467145 3040.3974754357023 3059.5429334391856 3069.567502986858
 746103808 1 1947.104 1953.472 1958.592 761.877724406104 763.8745863774858 766.3728367873518 3047.510897624416 3055.498345509943 3065.4913471494074
 820714184 1 2146.368 2150.08 2176.704 754.0889197612536 763.4266483107605 764.7469436741509 3016.3556790450143 3053.706593243042 3058.9877746966035
 902785600 1 2364.832 2384.416 2387.84 756.1525060305548 757.2383342503991 763.5092894548112 3024.6100241222193 3028.9533370015965 3054.037157819245
 993064160 1 2601.12 2604.128 2629.12 755.4346397273613 762.6845992209292 763.5665867011135 3021.738558909445 3050.7383968837166 3054.266346804454
 
META_DATA
 FLOPS          64
 MPI_PROCS      1
 GPU_BLOCKS     320
 GPU_THREADS    512
 ERT_VERSION  1.1.0
 HOSTNAME  ('deepv.deep', [], ['10.2.8.6'])
 UNAME  uname_result(system='Linux', node='deepv', release='4.18.0-513.11.1.el8_9.0.1.x86_64', version='#1 SMP Sun Feb 11 10:42:18 UTC 2024', machine='x86_64')
 TIMESTAMP_DATA  1710684088.6029835
 CONFIG  {'ERT_RESULTS': ['Results.esb.deep.fz-juelich.de.01-gcc2023'], 'ERT_DRIVER': ['driver1'], 'ERT_KERNEL': ['kernel1'], 'ERT_MPI': ['True'], 'ERT_MPI_CFLAGS': ['-I', '/p/software/deep/stages/2023/software/psmpi/5.9.2-1-GCC-11.3.0/include'], 'ERT_MPI_LDFLAGS': ['-L', '/p/software/deep/stages/2023/software/psmpi/5.9.2-1-GCC-11.3.0/lib', '-lmpi'], 'ERT_GPU': ['True'], 'ERT_GPU_CFLAGS': ['-x', 'cu', '-arch=sm_70'], 'ERT_GPU_LDFLAGS': [], 'ERT_FLOPS': ['1,2,4,8,16,32,64,128'], 'ERT_ALIGN': ['64'], 'ERT_CC': ['nvcc'], 'ERT_CFLAGS': ['-O3'], 'ERT_LD': ['nvcc'], 'ERT_LDFLAGS': [], 'ERT_LDLIBS': [], 'ERT_PRECISION': ['FP64'], 'ERT_RUN': ['srun', '-p', 'dp-esb', '-n', 'ERT_MPI_PROCS', '-c', '8', 'ERT_CODE'], 'ERT_MPI_PROCS': ['1'], 'ERT_BLOCKS_THREADS': ['163840'], 'ERT_GPU_BLOCKS': ['80,160,320'], 'ERT_GPU_THREADS': ['256,512,1024'], 'ERT_NUM_EXPERIMENTS': ['5'], 'ERT_MEMORY_MAX': ['1073741824'], 'ERT_WORKING_SET_MIN': ['128'], 'ERT_TRIALS_MIN': ['1'], 'ERT_GNUPLOT': ['gnuplot'], 'ERT_OPENMP': [False], 'ERT_HIP': [False], 'ERT_OCL': [False], 'ERT_SYCL': [False], 'ERT_WSS_MULT': [1.1]}
 TIMESTAMP_DATA  1710684132.5403793
 TIMESTAMP_DATA  1710684192.0126414
 TIMESTAMP_DATA  1710684238.326065
 TIMESTAMP_DATA  1710684296.6733
 