fp64
       24576            1           3.936        49152        24576
       24576            2           3.909        98304        49152
       24576            4           5.307       196608        98304
       24576            8           5.190       393216       196608
       24576           16           9.027       786432       393216
       24576           32           6.058      1572864       786432
       24576           64          11.722      3145728      1572864
       24576          128          18.697      6291456      3145728
       24576          256          41.999     12582912      6291456
       24576          512          70.874     25165824     12582912
       24576         1024         133.557     50331648     25165824
       24576         2048         196.700    100663296     50331648
       24576         4096         387.167    201326592    100663296
       24576         8192         785.199    402653184    201326592
       24576        16384        1545.728    805306368    402653184
       24576        32768        3082.444   1610612736    805306368
       26880            1           4.342        53760        26880
       26880            2           5.424       107520        53760
       26880            4           2.127       215040       107520
       26880            8           2.474       430080       215040
       26880           16           5.937       860160       430080
       26880           32           7.875      1720320       860160
       26880           64          10.893      3440640      1720320
       26880          128          20.138      6881280      3440640
       26880          256          37.681     13762560      6881280
       26880          512          76.394     27525120     13762560
       26880         1024         141.734     55050240     27525120
       26880         2048         216.066    110100480     55050240
       26880         4096         424.867    220200960    110100480
       26880         8192         848.575    440401920    220200960
       26880        16384        1694.528    880803840    440401920
       26880        32768        3357.123   1761607680    880803840
       29568            1           2.309        59136        29568
       29568            2           3.978       118272        59136
       29568            4           5.697       236544       118272
       29568            8           4.329       473088       236544
       29568           16           4.947       946176       473088
       29568           32           7.243      1892352       946176
       29568           64          13.552      3784704      1892352
       29568          128          23.258      7569408      3784704
       29568          256          40.872     15138816      7569408
       29568          512          84.769     30277632     15138816
       29568         1024         124.907     60555264     30277632
       29568         2048         238.318    121110528     60555264
       29568         4096         485.375    242221056    121110528
       29568         8192        1116.430    484442112    242221056
       29568        16384        2081.065    968884224    484442112
       29568        32768        3775.392   1937768448    968884224
       32448            1           5.083        64896        32448
       32448            2           3.318       129792        64896
       32448            4           3.266       259584       129792
       32448            8           4.287       519168       259584
       32448           16           4.669      1038336       519168
       32448           32           7.898      2076672      1038336
       32448           64          15.082      4153344      2076672
       32448          128          27.900      8306688      4153344
       32448          256          48.581     16613376      8306688
       32448          512         103.505     33226752     16613376
       32448         1024         157.374     66453504     33226752
       32448         2048         309.083    132907008     66453504
       32448         4096         539.847    265814016    132907008
       32448         8192        1162.440    531628032    265814016
       32448        16384        2074.299   1063256064    531628032
       32448        32768        4156.679   2126512128   1063256064
       35520            1           2.610        71040        35520
       35520            2           3.596       142080        71040
       35520            4           3.208       284160       142080
       35520            8           6.241       568320       284160
       35520           16           4.021      1136640       568320
       35520           32           8.292      2273280      1136640
       35520           64          15.061      4546560      2273280
       35520          128          30.430      9093120      4546560
       35520          256          73.142     18186240      9093120
       35520          512          97.474     36372480     18186240
       35520         1024         173.231     72744960     36372480
       35520         2048         343.507    145489920     72744960
       35520         4096         602.195    290979840    145489920
       35520         8192        1135.951    581959680    290979840
       35520        16384        2259.442   1163919360    581959680
       38976            1           5.059        77952        38976
       38976            2           4.658       155904        77952
       38976            4           3.586       311808       155904
       38976            8           5.295       623616       311808
       38976           16           5.844      1247232       623616
       38976           32           9.299      2494464      1247232
       38976           64          14.779      4988928      2494464
       38976          128          32.771      9977856      4988928
       38976          256          61.447     19955712      9977856
       38976          512          94.955     39911424     19955712
       38976         1024         159.656     79822848     39911424
       38976         2048         328.550    159645696     79822848
       38976         4096         617.368    319291392    159645696
       38976         8192        1365.791    638582784    319291392
       38976        16384        2468.148   1277165568    638582784
       42816            1           3.329        85632        42816
       42816            2           3.882       171264        85632
       42816            4           4.321       342528       171264
       42816            8           4.227       685056       342528
       42816           16           5.812      1370112       685056
       42816           32          20.231      2740224      1370112
       42816           64          17.055      5480448      2740224
       42816          128          33.610     10960896      5480448
       42816          256          80.227     21921792     10960896
       42816          512         107.206     43843584     21921792
       42816         1024         204.893     87687168     43843584
       42816         2048         410.054    175374336     87687168
       42816         4096         676.015    350748672    175374336
       42816         8192        1365.234    701497344    350748672
       42816        16384        2718.600   1402994688    701497344
       47040            1           3.665        94080        47040
       47040            2           3.957       188160        94080
       47040            4           3.203       376320       188160
       47040            8           3.849       752640       376320
       47040           16           5.822      1505280       752640
       47040           32          12.525      3010560      1505280
       47040           64          16.852      6021120      3010560
       47040          128          35.852     12042240      6021120
       47040          256          83.836     24084480     12042240
       47040          512         115.784     48168960     24084480
       47040         1024         243.853     96337920     48168960
       47040         2048         419.922    192675840     96337920
       47040         4096         872.038    385351680    192675840
       47040         8192        1486.519    770703360    385351680
       47040        16384        2973.200   1541406720    770703360
       51648            1           5.324       103296        51648
       51648            2           3.281       206592       103296
       51648            4           3.850       413184       206592
       51648            8           5.692       826368       413184
       51648           16           6.752      1652736       826368
       51648           32          11.870      3305472      1652736
       51648           64          20.526      6610944      3305472
       51648          128          34.787     13221888      6610944
       51648          256          78.125     26443776     13221888
       51648          512         109.188     52887552     26443776
       51648         1024         207.655    105775104     52887552
       51648         2048         425.527    211550208    105775104
       51648         4096         821.564    423100416    211550208
       51648         8192        1629.124    846200832    423100416
       51648        16384        3266.637   1692401664    846200832
       56640            1           2.134       113280        56640
       56640            2           2.942       226560       113280
       56640            4           4.698       453120       226560
       56640            8           4.607       906240       453120
       56640           16           6.944      1812480       906240
       56640           32          12.900      3624960      1812480
       56640           64          24.008      7249920      3624960
       56640          128          39.443     14499840      7249920
       56640          256          81.603     28999680     14499840
       56640          512         157.941     57999360     28999680
       56640         1024         268.549    115998720     57999360
       56640         2048         496.477    231997440    115998720
       56640         4096         898.798    463994880    231997440
       56640         8192        1791.412    927989760    463994880
       56640        16384        3578.790   1855979520    927989760
       62208            1           2.214       124416        62208
       62208            2           3.950       248832       124416
       62208            4           4.083       497664       248832
       62208            8           4.816       995328       497664
       62208           16           7.231      1990656       995328
       62208           32          13.004      3981312      1990656
       62208           64          23.814      7962624      3981312
       62208          128          42.917     15925248      7962624
       62208          256         103.976     31850496     15925248
       62208          512         149.189     63700992     31850496
       62208         1024         310.327    127401984     63700992
       62208         2048         582.384    254803968    127401984
       62208         4096        1007.691    509607936    254803968
       62208         8192        1956.559   1019215872    509607936
       62208        16384        3907.265   2038431744   1019215872
       68352            1           3.317       136704        68352
       68352            2           4.049       273408       136704
       68352            4           5.139       546816       273408
       68352            8           5.059      1093632       546816
       68352           16           9.234      2187264      1093632
       68352           32          12.842      4374528      2187264
       68352           64          27.398      8749056      4374528
       68352          128          47.383     17498112      8749056
       68352          256          89.911     34996224     17498112
       68352          512         163.369     69992448     34996224
       68352         1024         321.671    139984896     69992448
       68352         2048         569.976    279969792    139984896
       68352         4096        1202.062    559939584    279969792
       68352         8192        2146.046   1119879168    559939584
       75072            1           4.634       150144        75072
       75072            2           3.329       300288       150144
       75072            4           3.442       600576       300288
       75072            8           3.993      1201152       600576
       75072           16           9.104      2402304      1201152
       75072           32          13.642      4804608      2402304
       75072           64          30.606      9609216      4804608
       75072          128          57.012     19218432      9609216
       75072          256          94.179     38436864     19218432
       75072          512         184.490     76873728     38436864
       75072         1024         363.090    153747456     76873728
       75072         2048         620.485    307494912    153747456
       75072         4096        1194.155    614989824    307494912
       75072         8192        2365.795   1229979648    614989824
       82560            1           3.232       165120        82560
       82560            2           3.284       330240       165120
       82560            4           4.953       660480       330240
       82560            8           6.207      1320960       660480
       82560           16           9.116      2641920      1320960
       82560           32          18.311      5283840      2641920
       82560           64          35.561     10567680      5283840
       82560          128          62.182     21135360     10567680
       82560          256          99.863     42270720     21135360
       82560          512         196.586     84541440     42270720
       82560         1024         367.820    169082880     84541440
       82560         2048         658.777    338165760    169082880
       82560         4096        1492.618    676331520    338165760
       82560         8192        2588.233   1352663040    676331520
       90816            1           4.273       181632        90816
       90816            2           3.559       363264       181632
       90816            4           4.795       726528       363264
       90816            8           5.444      1453056       726528
       90816           16           9.870      2906112      1453056
       90816           32          17.732      5812224      2906112
       90816           64          34.859     11624448      5812224
       90816          128          68.637     23248896     11624448
       90816          256         104.309     46497792     23248896
       90816          512         182.808     92995584     46497792
       90816         1024         371.213    185991168     92995584
       90816         2048         710.786    371982336    185991168
       90816         4096        1436.647    743964672    371982336
       90816         8192        2855.849   1487929344    743964672
       99840            1           4.330       199680        99840
       99840            2           3.649       399360       199680
       99840            4           3.793       798720       399360
       99840            8           7.036      1597440       798720
       99840           16          12.162      3194880      1597440
       99840           32          17.331      6389760      3194880
       99840           64          38.229     12779520      6389760
       99840          128          70.094     25559040     12779520
       99840          256         109.618     51118080     25559040
       99840          512         217.912    102236160     51118080
       99840         1024         393.633    204472320    102236160
       99840         2048         790.906    408944640    204472320
       99840         4096        1574.114    817889280    408944640
       99840         8192        3146.511   1635778560    817889280
      109824            1           3.615       219648       109824
      109824            2           4.300       439296       219648
      109824            4           5.894       878592       439296
      109824            8           6.395      1757184       878592
      109824           16          13.066      3514368      1757184
      109824           32          22.200      7028736      3514368
      109824           64          37.526     14057472      7028736
      109824          128          80.467     28114944     14057472
      109824          256         132.849     56229888     28114944
      109824          512         273.128    112459776     56229888
      109824         1024         503.909    224919552    112459776
      109824         2048         865.513    449839104    224919552
      109824         4096        1727.234    899678208    449839104
      109824         8192        3435.785   1799356416    899678208
      120768            1           2.838       241536       120768
      120768            2           5.266       483072       241536
      120768            4           5.268       966144       483072
      120768            8           6.864      1932288       966144
      120768           16          11.762      3864576      1932288
      120768           32          21.969      7729152      3864576
      120768           64          42.700     15458304      7729152
      120768          128          85.119     30916608     15458304
      120768          256         151.068     61833216     30916608
      120768          512         282.910    123666432     61833216
      120768         1024         531.068    247332864    123666432
      120768         2048         953.402    494665728    247332864
      120768         4096        2015.069    989331456    494665728
      120768         8192        3788.408   1978662912    989331456
      132672            1           5.743       265344       132672
      132672            2           3.619       530688       265344
      132672            4           6.182      1061376       530688
      132672            8           7.258      2122752      1061376
      132672           16          12.283      4245504      2122752
      132672           32          25.150      8491008      4245504
      132672           64          45.419     16982016      8491008
      132672          128         100.931     33964032     16982016
      132672          256         179.124     67928064     33964032
      132672          512         310.376    135856128     67928064
      132672         1024         539.804    271712256    135856128
      132672         2048        1051.530    543424512    271712256
      132672         4096        2091.285   1086849024    543424512
      145920            1           5.687       291840       145920
      145920            2           2.872       583680       291840
      145920            4           5.258      1167360       583680
      145920            8           9.433      2334720      1167360
      145920           16          14.131      4669440      2334720
      145920           32          27.685      9338880      4669440
      145920           64          49.776     18677760      9338880
      145920          128          92.144     37355520     18677760
      145920          256         147.158     74711040     37355520
      145920          512         307.160    149422080     74711040
      145920         1024         677.294    298844160    149422080
      145920         2048        1166.058    597688320    298844160
      145920         4096        2284.495   1195376640    597688320
      160512            1           3.557       321024       160512
      160512            2           6.142       642048       321024
      160512            4          22.649      1284096       642048
      160512            8           8.670      2568192      1284096
      160512           16          14.128      5136384      2568192
      160512           32          30.000     10272768      5136384
      160512           64          59.394     20545536     10272768
      160512          128          98.515     41091072     20545536
      160512          256         189.343     82182144     41091072
      160512          512         374.339    164364288     82182144
      160512         1024         700.523    328728576    164364288
      160512         2048        1260.729    657457152    328728576
      160512         4096        2537.917   1314914304    657457152
      176448            1           5.114       352896       176448
      176448            2           5.513       705792       352896
      176448            4           5.652      1411584       705792
      176448            8           8.530      2823168      1411584
      176448           16          16.673      5646336      2823168
      176448           32          33.495     11292672      5646336
      176448           64          64.887     22585344     11292672
      176448          128         123.735     45170688     22585344
      176448          256         209.514     90341376     45170688
      176448          512         411.976    180682752     90341376
      176448         1024         700.746    361365504    180682752
      176448         2048        1602.806    722731008    361365504
      176448         4096        2757.029   1445462016    722731008
      193920            1           4.940       387840       193920
      193920            2           5.811       775680       387840
      193920            4           6.452      1551360       775680
      193920            8          11.713      3102720      1551360
      193920           16          18.887      6205440      3102720
      193920           32          36.873     12410880      6205440
      193920           64          66.747     24821760     12410880
      193920          128         110.826     49643520     24821760
      193920          256         193.431     99287040     49643520
      193920          512         396.761    198574080     99287040
      193920         1024         766.490    397148160    198574080
      193920         2048        1514.814    794296320    397148160
      193920         4096        3032.924   1588592640    794296320
      213312            1           4.220       426624       213312
      213312            2           5.522       853248       426624
      213312            4           5.705      1706496       853248
      213312            8           9.902      3412992      1706496
      213312           16          18.469      6825984      3412992
      213312           32          39.545     13651968      6825984
      213312           64          76.242     27303936     13651968
      213312          128         111.872     54607872     27303936
      213312          256         255.372    109215744     54607872
      213312          512         503.602    218431488    109215744
      213312         1024         844.308    436862976    218431488
      213312         2048        1664.669    873725952    436862976
      213312         4096        3345.183   1747451904    873725952
      234624            1           4.110       469248       234624
      234624            2           4.008       938496       469248
      234624            4           7.341      1876992       938496
      234624            8          11.110      3753984      1876992
      234624           16          21.255      7507968      3753984
      234624           32          41.042     15015936      7507968
      234624           64          85.980     30031872     15015936
      234624          128         119.965     60063744     30031872
      234624          256         250.475    120127488     60063744
      234624          512         459.847    240254976    120127488
      234624         1024         924.280    480509952    240254976
      234624         2048        1838.414    961019904    480509952
      234624         4096        3669.684   1922039808    961019904
      258048            1           4.662       516096       258048
      258048            2           5.841      1032192       516096
      258048            4           6.921      2064384      1032192
      258048            8          12.834      4128768      2064384
      258048           16          23.908      8257536      4128768
      258048           32          44.620     16515072      8257536
      258048           64         103.259     33030144     16515072
      258048          128         154.395     66060288     33030144
      258048          256         320.596    132120576     66060288
      258048          512         536.943    264241152    132120576
      258048         1024        1011.936    528482304    264241152
      258048         2048        2019.099   1056964608    528482304
      258048         4096        4031.103   2113929216   1056964608
      283776            1           6.013       567552       283776
      283776            2           5.247      1135104       567552
      283776            4           7.820      2270208      1135104
      283776            8          13.865      4540416      2270208
      283776           16          25.608      9080832      4540416
      283776           32          56.030     18161664      9080832
      283776           64         108.709     36323328     18161664
      283776          128         168.876     72646656     36323328
      283776          256         352.198    145293312     72646656
      283776          512         579.393    290586624    145293312
      283776         1024        1110.356    581173248    290586624
      283776         2048        2233.931   1162346496    581173248
      312000            1           4.430       624000       312000
      312000            2           5.495      1248000       624000
      312000            4           8.493      2496000      1248000
      312000            8          15.086      4992000      2496000
      312000           16          34.965      9984000      4992000
      312000           32          62.517     19968000      9984000
      312000           64          96.067     39936000     19968000
      312000          128         202.162     79872000     39936000
      312000          256         362.082    159744000     79872000
      312000          512         619.191    319488000    159744000
      312000         1024        1222.301    638976000    319488000
      312000         2048        2436.422   1277952000    638976000
      343104            1           4.949       686208       343104
      343104            2           4.449      1372416       686208
      343104            4           8.965      2744832      1372416
      343104            8          26.717      5489664      2744832
      343104           16          33.234     10979328      5489664
      343104           32          63.380     21958656     10979328
      343104           64         104.982     43917312     21958656
      343104          128         201.977     87834624     43917312
      343104          256         400.485    175669248     87834624
      343104          512         668.677    351338496    175669248
      343104         1024        1351.578    702676992    351338496
      343104         2048        2676.522   1405353984    702676992
      377280            1           6.635       754560       377280
      377280            2           5.363      1509120       754560
      377280            4          11.646      3018240      1509120
      377280            8          17.361      6036480      3018240
      377280           16          34.242     12072960      6036480
      377280           32          68.267     24145920     12072960
      377280           64         113.406     48291840     24145920
      377280          128         222.585     96583680     48291840
      377280          256         428.436    193167360     96583680
      377280          512         745.874    386334720    193167360
      377280         1024        1476.597    772669440    386334720
      377280         2048        2957.482   1545338880    772669440
      414912            1           5.910       829824       414912
      414912            2           6.869      1659648       829824
      414912            4           9.833      3319296      1659648
      414912            8          29.002      6638592      3319296
      414912           16          35.554     13277184      6638592
      414912           32          89.074     26554368     13277184
      414912           64         124.642     53108736     26554368
      414912          128         244.111    106217472     53108736
      414912          256         460.621    212434944    106217472
      414912          512         808.895    424869888    212434944
      414912         1024        1627.495    849739776    424869888
      414912         2048        3239.339   1699479552    849739776
      456384            1           6.108       912768       456384
      456384            2           5.508      1825536       912768
      456384            4          12.320      3651072      1825536
      456384            8          29.760      7302144      3651072
      456384           16          39.169     14604288      7302144
      456384           32          79.606     29208576     14604288
      456384           64         145.567     58417152     29208576
      456384          128         267.414    116834304     58417152
      456384          256         539.352    233668608    116834304
      456384          512        1057.143    467337216    233668608
      456384         1024        1970.454    934674432    467337216
      456384         2048        3591.615   1869348864    934674432
      501888            1           6.214      1003776       501888
      501888            2           4.801      2007552      1003776
      501888            4          11.333      4015104      2007552
      501888            8          32.374      8030208      4015104
      501888           16          43.942     16060416      8030208
      501888           32          87.615     32120832     16060416
      501888           64         149.271     64241664     32120832
      501888          128         307.767    128483328     64241664
      501888          256         502.689    256966656    128483328
      501888          512         984.548    513933312    256966656
      501888         1024        1961.953   1027866624    513933312
      501888         2048        3921.287   2055733248   1027866624
      552000            1           7.672      1104000       552000
      552000            2           5.700      2208000      1104000
      552000            4          13.091      4416000      2208000
      552000            8          25.257      8832000      4416000
      552000           16          56.847     17664000      8832000
      552000           32          88.257     35328000     17664000
      552000           64         164.075     70656000     35328000
      552000          128         320.626    141312000     70656000
      552000          256         562.223    282624000    141312000
      552000          512        1082.446    565248000    282624000
      552000         1024        2157.152   1130496000    565248000
      607104            1           9.410      1214208       607104
      607104            2           6.775      2428416      1214208
      607104            4          13.155      4856832      2428416
      607104            8          26.629      9713664      4856832
      607104           16          50.786     19427328      9713664
      607104           32         113.502     38854656     19427328
      607104           64         180.147     77709312     38854656
      607104          128         352.588    155418624     77709312
      607104          256         623.325    310837248    155418624
      607104          512        1187.977    621674496    310837248
      607104         1024        2377.695   1243348992    621674496
      667776            1          10.002      1335552       667776
      667776            2           7.224      2671104      1335552
      667776            4          14.453      5342208      2671104
      667776            8          28.578     10684416      5342208
      667776           16          63.032     21368832     10684416
      667776           32         120.004     42737664     21368832
      667776           64         213.605     85475328     42737664
      667776          128         388.515    170950656     85475328
      667776          256         671.427    341901312    170950656
      667776          512        1310.780    683802624    341901312
      667776         1024        2612.778   1367605248    683802624
      734400            1          10.657      1468800       734400
      734400            2           8.792      2937600      1468800
      734400            4          15.636      5875200      2937600
      734400            8          34.002     11750400      5875200
      734400           16          66.085     23500800     11750400
      734400           32         118.952     47001600     23500800
      734400           64         233.785     94003200     47001600
      734400          128         416.969    188006400     94003200
      734400          256         728.553    376012800    188006400
      734400          512        1434.041    752025600    376012800
      734400         1024        2868.484   1504051200    752025600
      807744            1           9.918      1615488       807744
      807744            2          10.515      3230976      1615488
      807744            4          16.963      6461952      3230976
      807744            8          36.939     12923904      6461952
      807744           16          72.300     25847808     12923904
      807744           32         127.531     51695616     25847808
      807744           64         317.324    103391232     51695616
      807744          128         728.305    206782464    103391232
      807744          256        1422.180    413564928    206782464
      807744          512        2666.620    827129856    413564928
      807744         1024        5449.854   1654259712    827129856
      888384            1          13.583      1776768       888384
      888384            2          11.176      3553536      1776768
      888384            4          32.421      7107072      3553536
      888384            8          52.295     14214144      7107072
      888384           16         106.612     28428288     14214144
      888384           32         219.594     56856576     28428288
      888384           64         414.893    113713152     56856576
      888384          128         701.943    227426304    113713152
      888384          256        1433.435    454852608    227426304
      888384          512        1874.673    909705216    454852608
      888384         1024        3478.486   1819410432    909705216
      977088            1          14.135      1954176       977088
      977088            2          10.330      3908352      1954176
      977088            4          21.950      7816704      3908352
      977088            8          42.225     15633408      7816704
      977088           16          82.984     31266816     15633408
      977088           32         147.186     62533632     31266816
      977088           64         298.429    125067264     62533632
      977088          128         506.900    250134528    125067264
      977088          256         957.482    500269056    250134528
      977088          512        1912.211   1000538112    500269056
      977088         1024        3816.525   2001076224   1000538112
     1074624            1          12.683      2149248      1074624
     1074624            2           9.863      4298496      2149248
     1074624            4          23.518      8596992      4298496
     1074624            8          48.325     17193984      8596992
     1074624           16          99.766     34387968     17193984
     1074624           32         178.237     68775936     34387968
     1074624           64         313.521    137551872     68775936
     1074624          128         552.879    275103744    137551872
     1074624          256        1058.330    550207488    275103744
     1074624          512        2099.113   1100414976    550207488
     1181952            1          14.262      2363904      1181952
     1181952            2          10.923      4727808      2363904
     1181952            4          23.192      9455616      4727808
     1181952            8          47.355     18911232      9455616
     1181952           16          97.208     37822464     18911232
     1181952           32         199.484     75644928     37822464
     1181952           64         342.853    151289856     75644928
     1181952          128         613.656    302579712    151289856
     1181952          256        1154.379    605159424    302579712
     1181952          512        2307.748   1210318848    605159424
     1300032            1          17.323      2600064      1300032
     1300032            2          15.609      5200128      2600064
     1300032            4          25.497     10400256      5200128
     1300032            8          50.155     20800512     10400256
     1300032           16         103.626     41601024     20800512
     1300032           32         160.987     83202048     41601024
     1300032           64         380.412    166404096     83202048
     1300032          128         700.193    332808192    166404096
     1300032          256        1268.972    665616384    332808192
     1300032          512        2567.644   1331232768    665616384
     1430016            1          18.417      2860032      1430016
     1430016            2          15.002      5720064      2860032
     1430016            4          26.771     11440128      5720064
     1430016            8          70.055     22880256     11440128
     1430016           16         106.846     45760512     22880256
     1430016           32         209.261     91521024     45760512
     1430016           64         399.471    183042048     91521024
     1430016          128         705.373    366084096    183042048
     1430016          256        1407.444    732168192    366084096
     1430016          512        2784.280   1464336384    732168192
     1572864            1          17.330      3145728      1572864
     1572864            2          17.593      6291456      3145728
     1572864            4          33.577     12582912      6291456
     1572864            8          79.937     25165824     12582912
     1572864           16         122.564     50331648     25165824
     1572864           32         228.236    100663296     50331648
     1572864           64         455.000    201326592    100663296
     1572864          128         777.336    402653184    201326592
     1572864          256        1531.600    805306368    402653184
     1572864          512        3068.602   1610612736    805306368
     1730112            1          23.840      3460224      1730112
     1730112            2          16.052      6920448      3460224
     1730112            4          43.491     13840896      6920448
     1730112            8          69.492     27681792     13840896
     1730112           16         139.426     55363584     27681792
     1730112           32         252.927    110727168     55363584
     1730112           64         507.392    221454336    110727168
     1730112          128         849.256    442908672    221454336
     1730112          256        1683.694    885817344    442908672
     1730112          512        3382.760   1771634688    885817344
     1903104            1          21.888      3806208      1903104
     1903104            2          17.305      7612416      3806208
     1903104            4          47.622     15224832      7612416
     1903104            8          73.638     30449664     15224832
     1903104           16         138.367     60899328     30449664
     1903104           32         274.624    121798656     60899328
     1903104           64         494.640    243597312    121798656
     1903104          128         931.240    487194624    243597312
     1903104          256        1860.691    974389248    487194624
     1903104          512        3718.491   1948778496    974389248
     2093376            1          23.008      4186752      2093376
     2093376            2          19.433      8373504      4186752
     2093376            4          47.966     16747008      8373504
     2093376            8         103.765     33494016     16747008
     2093376           16         152.130     66988032     33494016
     2093376           32         300.867    133976064     66988032
     2093376           64         586.871    267952128    133976064
     2093376          128        1022.882    535904256    267952128
     2093376          256        2043.663   1071808512    535904256
     2093376          512        4146.735   2143617024   1071808512
     2302656            1          27.181      4605312      2302656
     2302656            2          21.324      9210624      4605312
     2302656            4          49.263     18421248      9210624
     2302656            8         110.347     36842496     18421248
     2302656           16         176.900     73684992     36842496
     2302656           32         337.756    147369984     73684992
     2302656           64         672.570    294739968    147369984
     2302656          128        1244.521    589479936    294739968
     2302656          256        2245.341   1178959872    589479936
     2532864            1          29.351      5065728      2532864
     2532864            2          24.701     10131456      5065728
     2532864            4          58.878     20262912     10131456
     2532864            8          95.936     40525824     20262912
     2532864           16         182.312     81051648     40525824
     2532864           32         383.793    162103296     81051648
     2532864           64         614.186    324206592    162103296
     2532864          128        1243.913    648413184    324206592
     2532864          256        2505.207   1296826368    648413184
     2786112            1          35.526      5572224      2786112
     2786112            2          25.738     11144448      5572224
     2786112            4          49.740     22288896     11144448
     2786112            8         114.111     44577792     22288896
     2786112           16         200.660     89155584     44577792
     2786112           32         412.185    178311168     89155584
     2786112           64         673.952    356622336    178311168
     2786112          128        1369.043    713244672    356622336
     2786112          256        2712.273   1426489344    713244672
     3064704            1          36.867      6129408      3064704
     3064704            2          27.646     12258816      6129408
     3064704            4          75.362     24517632     12258816
     3064704            8         113.633     49035264     24517632
     3064704           16         234.995     98070528     49035264
     3064704           32         459.298    196141056     98070528
     3064704           64         741.025    392282112    196141056
     3064704          128        1502.503    784564224    392282112
     3064704          256        3111.235   1569128448    784564224
     3371136            1          40.487      6742272      3371136
     3371136            2          29.962     13484544      6742272
     3371136            4          67.722     26969088     13484544
     3371136            8         128.517     53938176     26969088
     3371136           16         241.593    107876352     53938176
     3371136           32         469.419    215752704    107876352
     3371136           64         814.727    431505408    215752704
     3371136          128        1647.262    863010816    431505408
     3371136          256        3283.674   1726021632    863010816
     3708096            1          42.230      7416192      3708096
     3708096            2          42.450     14832384      7416192
     3708096            4          69.089     29664768     14832384
     3708096            8         140.897     59329536     29664768
     3708096           16         263.550    118659072     59329536
     3708096           32         542.932    237318144    118659072
     3708096           64         937.176    474636288    237318144
     3708096          128        1809.206    949272576    474636288
     3708096          256        3607.399   1898545152    949272576
     4078848            1          45.589      8157696      4078848
     4078848            2          34.470     16315392      8157696
     4078848            4          73.383     32630784     16315392
     4078848            8         153.027     65261568     32630784
     4078848           16         302.447    130523136     65261568
     4078848           32         534.462    261046272    130523136
     4078848           64         996.610    522092544    261046272
     4078848          128        1990.809   1044185088    522092544
     4078848          256        3976.997   2088370176   1044185088
     4486656            1          55.385      8973312      4486656
     4486656            2          49.087     17946624      8973312
     4486656            4          91.580     35893248     17946624
     4486656            8         157.557     71786496     35893248
     4486656           16         317.540    143572992     71786496
     4486656           32         588.458    287145984    143572992
     4486656           64        1092.907    574291968    287145984
     4486656          128        2183.741   1148583936    574291968
     4935168            1          57.855      9870336      4935168
     4935168            2          51.050     19740672      9870336
     4935168            4          99.638     39481344     19740672
     4935168            8         181.900     78962688     39481344
     4935168           16         356.370    157925376     78962688
     4935168           32         631.867    315850752    157925376
     4935168           64        1198.668    631701504    315850752
     4935168          128        2410.384   1263403008    631701504
     5428608            1          59.586     10857216      5428608
     5428608            2          41.012     21714432     10857216
     5428608            4         108.470     43428864     21714432
     5428608            8         213.693     86857728     43428864
     5428608           16         385.016    173715456     86857728
     5428608           32         678.780    347430912    173715456
     5428608           64        1318.137    694861824    347430912
     5428608          128        2646.653   1389723648    694861824
     5971392            1          70.558     11942784      5971392
     5971392            2          57.697     23885568     11942784
     5971392            4         117.802     47771136     23885568
     5971392            8         209.399     95542272     47771136
     5971392           16         434.988    191084544     95542272
     5971392           32         737.843    382169088    191084544
     5971392           64        1511.243    764338176    382169088
     5971392          128        2906.977   1528676352    764338176
     6568512            1          75.959     13137024      6568512
     6568512            2          67.171     26274048     13137024
     6568512            4         124.627     52548096     26274048
     6568512            8         229.018    105096192     52548096
     6568512           16         472.986    210192384    105096192
     6568512           32         788.285    420384768    210192384
     6568512           64        1600.110    840769536    420384768
     6568512          128        3197.302   1681539072    840769536
     7225344            1          85.161     14450688      7225344
     7225344            2          55.591     28901376     14450688
     7225344            4         132.472     57802752     28901376
     7225344            8         251.464    115605504     57802752
     7225344           16         506.226    231211008    115605504
     7225344           32         866.356    462422016    231211008
     7225344           64        1759.886    924844032    462422016
     7225344          128        3523.079   1849688064    924844032
     7947840            1          90.183     15895680      7947840
     7947840            2          74.370     31791360     15895680
     7947840            4         132.467     63582720     31791360
     7947840            8         290.634    127165440     63582720
     7947840           16         513.517    254330880    127165440
     7947840           32         963.955    508661760    254330880
     7947840           64        1931.929   1017323520    508661760
     7947840          128        3898.949   2034647040   1017323520
     8742528            1          99.878     17485056      8742528
     8742528            2          84.307     34970112     17485056
     8742528            4         163.890     69940224     34970112
     8742528            8         302.147    139880448     69940224
     8742528           16         577.223    279760896    139880448
     8742528           32        1058.423    559521792    279760896
     8742528           64        2126.654   1119043584    559521792
     9616704            1         111.728     19233408      9616704
     9616704            2          84.491     38466816     19233408
     9616704            4         157.986     76933632     38466816
     9616704            8         330.892    153867264     76933632
     9616704           16         612.319    307734528    153867264
     9616704           32        1161.977    615469056    307734528
     9616704           64        2330.286   1230938112    615469056
    10578240            1         121.627     21156480     10578240
    10578240            2          89.971     42312960     21156480
    10578240            4         173.156     84625920     42312960
    10578240            8         372.794    169251840     84625920
    10578240           16         650.447    338503680    169251840
    10578240           32        1276.200    677007360    338503680
    10578240           64        2569.504   1354014720    677007360
    11635968            1         158.728     23271936     11635968
    11635968            2          97.129     46543872     23271936
    11635968            4         199.900     93087744     46543872
    11635968            8         403.858    186175488     93087744
    11635968           16         712.918    372350976    186175488
    11635968           32        1402.797    744701952    372350976
    11635968           64        2828.970   1489403904    744701952
    12799488            1         144.562     25598976     12799488
    12799488            2         109.504     51197952     25598976
    12799488            4         210.358    102395904     51197952
    12799488            8         458.911    204791808    102395904
    12799488           16         759.558    409583616    204791808
    12799488           32        1550.352    819167232    409583616
    12799488           64        3102.749   1638334464    819167232
    14079360            1         188.847     28158720     14079360
    14079360            2         120.085     56317440     28158720
    14079360            4         228.744    112634880     56317440
    14079360            8         481.700    225269760    112634880
    14079360           16         846.502    450539520    225269760
    14079360           32        1702.384    901079040    450539520
    14079360           64        3409.494   1802158080    901079040
    15487296            1         176.095     30974592     15487296
    15487296            2         122.648     61949184     30974592
    15487296            4         256.210    123898368     61949184
    15487296            8         529.313    247796736    123898368
    15487296           16         928.278    495593472    247796736
    15487296           32        1989.661    991186944    495593472
    15487296           64        3758.362   1982373888    991186944
    17035968            1         196.181     34071936     17035968
    17035968            2         139.725     68143872     34071936
    17035968            4         295.458    136287744     68143872
    17035968            8         585.884    272575488    136287744
    17035968           16        1049.464    545150976    272575488
    17035968           32        2055.525   1090301952    545150976
    18739392            1         212.284     37478784     18739392
    18739392            2         154.557     74957568     37478784
    18739392            4         308.489    149915136     74957568
    18739392            8         614.640    299830272    149915136
    18739392           16        1118.423    599660544    299830272
    18739392           32        2260.208   1199321088    599660544
    20613312            1         226.889     41226624     20613312
    20613312            2         169.980     82453248     41226624
    20613312            4         336.483    164906496     82453248
    20613312            8         662.670    329812992    164906496
    20613312           16        1228.640    659625984    329812992
    20613312           32        2497.115   1319251968    659625984
    22674624            1         247.740     45349248     22674624
    22674624            2         185.036     90698496     45349248
    22674624            4         386.051    181396992     90698496
    22674624            8         787.893    362793984    181396992
    22674624           16        1463.448    725587968    362793984
    22674624           32        2741.984   1451175936    725587968
    24941952            1         237.628     49883904     24941952
    24941952            2         212.372     99767808     49883904
    24941952            4         407.093    199535616     99767808
    24941952            8         769.906    399071232    199535616
    24941952           16        1486.339    798142464    399071232
    24941952           32        3016.111   1596284928    798142464
    27436032            1         190.567     54872064     27436032
    27436032            2         214.968    109744128     54872064
    27436032            4         447.672    219488256    109744128
    27436032            8         838.264    438976512    219488256
    27436032           16        1651.427    877953024    438976512
    27436032           32        3339.019   1755906048    877953024
    30179520            1         178.546     60359040     30179520
    30179520            2         233.800    120718080     60359040
    30179520            4         511.212    241436160    120718080
    30179520            8         973.861    482872320    241436160
    30179520           16        1801.188    965744640    482872320
    30179520           32        3663.263   1931489280    965744640
    33197376            1         198.640     66394752     33197376
    33197376            2         265.815    132789504     66394752
    33197376            4         562.618    265579008    132789504
    33197376            8        1000.603    531158016    265579008
    33197376           16        1991.761   1062316032    531158016
    33197376           32        4020.840   2124632064   1062316032
    36517056            1         234.566     73034112     36517056
    36517056            2         297.167    146068224     73034112
    36517056            4         587.923    292136448    146068224
    36517056            8        1065.424    584272896    292136448
    36517056           16        2180.703   1168545792    584272896
    40168704            1         239.021     80337408     40168704
    40168704            2         313.801    160674816     80337408
    40168704            4         646.235    321349632    160674816
    40168704            8        1168.968    642699264    321349632
    40168704           16        2425.980   1285398528    642699264
    44185536            1         283.775     88371072     44185536
    44185536            2         367.882    176742144     88371072
    44185536            4         718.908    353484288    176742144
    44185536            8        1339.108    706968576    353484288
    44185536           16        2670.120   1413937152    706968576
    48604032            1         284.243     97208064     48604032
    48604032            2         399.924    194416128     97208064
    48604032            4         760.314    388832256    194416128
    48604032            8        1516.101    777664512    388832256
    48604032           16        3035.252   1555329024    777664512
    53464320            1         315.153    106928640     53464320
    53464320            2         477.719    213857280    106928640
    53464320            4         895.773    427714560    213857280
    53464320            8        1682.865    855429120    427714560
    53464320           16        3408.032   1710858240    855429120
    58810752            1         365.091    117621504     58810752
    58810752            2         555.551    235243008    117621504
    58810752            4        1008.302    470486016    235243008
    58810752            8        1920.842    940972032    470486016
    58810752           16        3824.692   1881944064    940972032
    64691712            1         456.749    129383424     64691712
    64691712            2         623.106    258766848    129383424
    64691712            4        1145.603    517533696    258766848
    64691712            8        2194.316   1035067392    517533696
    64691712           16        4516.711   2070134784   1035067392
    71160768            1         511.688    142321536     71160768
    71160768            2         747.160    284643072    142321536
    71160768            4        1258.596    569286144    284643072
    71160768            8        2439.554   1138572288    569286144
    78276672            1         548.048    156553344     78276672
    78276672            2         927.118    313106688    156553344
    78276672            4        1469.025    626213376    313106688
    78276672            8        2795.202   1252426752    626213376
    86104320            1         668.370    172208640     86104320
    86104320            2        1147.983    344417280    172208640
    86104320            4        1756.989    688834560    344417280
    86104320            8        3206.807   1377669120    688834560
    94714752            1         731.114    189429504     94714752
    94714752            2        1334.854    378859008    189429504
    94714752            4        2046.220    757718016    378859008
    94714752            8        3683.625   1515436032    757718016
   104186112            1         844.469    208372224    104186112
   104186112            2        1580.822    416744448    208372224
   104186112            4        2427.584    833488896    416744448
   104186112            8        4282.311   1666977792    833488896
   114604608            1         984.942    229209216    114604608
   114604608            2        1885.702    458418432    229209216
   114604608            4        2827.982    916836864    458418432
   114604608            8        4910.619   1833673728    916836864
   126064896            1        1122.340    252129792    126064896
   126064896            2        2092.939    504259584    252129792
   126064896            4        3211.363   1008519168    504259584
   126064896            8        5547.231   2017038336   1008519168
   138671232            1        1241.721    277342464    138671232
   138671232            2        2366.450    554684928    277342464
   138671232            4        3617.697   1109369856    554684928
   152538240            1        1398.917    305076480    152538240
   152538240            2        2704.847    610152960    305076480
   152538240            4        4105.936   1220305920    610152960
   167792064            1        1568.570    335584128    167792064
   167792064            2        3016.460    671168256    335584128
   167792064            4        4561.621   1342336512    671168256
   184571136            1        1805.085    369142272    184571136
   184571136            2        3405.201    738284544    369142272
   184571136            4        5153.374   1476569088    738284544
   203028096            1        1983.361    406056192    203028096
   203028096            2        3810.797    812112384    406056192
   203028096            4        5853.803   1624224768    812112384
   223330752            1        2181.818    446661504    223330752
   223330752            2        4255.804    893323008    446661504
   223330752            4        6519.317   1786646016    893323008
   245663808            1        2496.346    491327616    245663808
   245663808            2        4775.880    982655232    491327616
   245663808            4        7280.980   1965310464    982655232
   270230016            1        2719.418    540460032    270230016
   270230016            2        5313.150   1080920064    540460032
   297252864            1        3035.376    594505728    297252864
   297252864            2        5887.206   1189011456    594505728
   326978112            1        3308.300    653956224    326978112
   326978112            2        6590.439   1307912448    653956224
   359675904            1        3808.099    719351808    359675904
   359675904            2        7352.455   1438703616    719351808
   395643456            1        4211.385    791286912    395643456
   395643456            2        8111.435   1582573824    791286912
   435207744            1        4547.192    870415488    435207744
   435207744            2        8931.597   1740830976    870415488
   478728384            1        5035.967    957456768    478728384
   478728384            2       10036.228   1914913536    957456768
   526601088            1        5585.069   1053202176    526601088
   526601088            2       11095.326   2106404352   1053202176
   579261120            1        6164.340   1158522240    579261120
   637187136            1        6873.332   1274374272    637187136
   700905792            1        7585.341   1401811584    700905792
   770996352            1        8295.026   1541992704    770996352
   848095872            1        9141.754   1696191744    848095872
   932905344            1       10102.937   1865810688    932905344
  1026195840            1       11288.940   2052391680   1026195840

META_DATA
FLOPS          8
MPI_PROCS      1
OPENMP_THREADS 24
ERT_VERSION  1.1.0
HOSTNAME  ('dp-cn26.deep', [], ['10.2.9.126'])
UNAME  uname_result(system='Linux', node='dp-cn26', release='4.18.0-513.24.1.el8_9.x86_64', version='#1 SMP Thu Apr 4 18:13:02 UTC 2024', machine='x86_64')
TIMESTAMP_DATA  1713441591.5015914
CONFIG  {'ERT_RESULTS': ['Results.cn.deep.fz-juelich.de.01.gcc2023-O3-only'], 'ERT_DRIVER': ['driver1'], 'ERT_KERNEL': ['kernel1'], 'ERT_MPI': ['True'], 'ERT_MPI_CFLAGS': ['-I', '/p/software/deep/stages/2023/software/psmpi/5.9.2-1-GCC-11.3.0/include'], 'ERT_MPI_LDFLAGS': ['-L', '/p/software/deep/stages/2023/software/psmpi/5.9.2-1-GCC-11.3.0/lib', '-lmpi'], 'ERT_OPENMP': ['True'], 'ERT_OPENMP_CFLAGS': ['-fopenmp'], 'ERT_OPENMP_LDFLAGS': ['-fopenmp'], 'ERT_FLOPS': ['1,2,4,8,16,64,128'], 'ERT_ALIGN': ['64'], 'ERT_CC': ['mpicxx'], 'ERT_CFLAGS': ['-g', '-O3'], 'ERT_LD': ['mpicxx'], 'ERT_LDFLAGS': [], 'ERT_LDLIBS': [], 'ERT_PRECISION': ['FP64'], 'ERT_RUN': ['export', 'OMP_NUM_THREADS=ERT_OPENMP_THREADS;', 'export', 'OMP_PLACES="cores(ERT_OPENMP_THREADS)";', 'srun', '-p', 'dp-cn', '-n', 'ERT_MPI_PROCS', '-c', '48', '--ntasks-per-node', '1', 'ERT_CODE'], 'ERT_PROCS_THREADS': ['24'], 'ERT_MPI_PROCS': ['1'], 'ERT_OPENMP_THREADS': ['24'], 'ERT_NUM_EXPERIMENTS': ['5'], 'ERT_MEMORY_MAX': ['1073741824'], 'ERT_WORKING_SET_MIN': ['128'], 'ERT_TRIALS_MIN': ['1'], 'ERT_GNUPLOT': ['gnuplot'], 'ERT_GPU': [False], 'ERT_HIP': [False], 'ERT_OCL': [False], 'ERT_SYCL': [False], 'ERT_WSS_MULT': [1.1]}
