fp64
       24576            1           4.202        49152        24576
       24576            2           4.245        98304        49152
       24576            4           4.393       196608        98304
       24576            8           4.988       393216       196608
       24576           16           4.325       786432       393216
       24576           32           6.050      1572864       786432
       24576           64          10.001      3145728      1572864
       24576          128          17.158      6291456      3145728
       24576          256          37.336     12582912      6291456
       24576          512          68.353     25165824     12582912
       24576         1024         121.231     50331648     25165824
       24576         2048         196.911    100663296     50331648
       24576         4096         408.792    201326592    100663296
       24576         8192         765.430    402653184    201326592
       24576        16384        1550.663    805306368    402653184
       24576        32768        3106.876   1610612736    805306368
       26880            1           3.891        53760        26880
       26880            2           4.715       107520        53760
       26880            4           4.085       215040       107520
       26880            8           4.094       430080       215040
       26880           16           7.709       860160       430080
       26880           32           8.709      1720320       860160
       26880           64          10.181      3440640      1720320
       26880          128          23.605      6881280      3440640
       26880          256          36.428     13762560      6881280
       26880          512          79.185     27525120     13762560
       26880         1024         120.463     55050240     27525120
       26880         2048         215.981    110100480     55050240
       26880         4096         421.424    220200960    110100480
       26880         8192         848.281    440401920    220200960
       26880        16384        1690.006    880803840    440401920
       26880        32768        3360.994   1761607680    880803840
       29568            1           3.749        59136        29568
       29568            2           3.581       118272        59136
       29568            4           3.870       236544       118272
       29568            8           3.414       473088       236544
       29568           16           3.834       946176       473088
       29568           32           7.786      1892352       946176
       29568           64          13.320      3784704      1892352
       29568          128          27.727      7569408      3784704
       29568          256          41.268     15138816      7569408
       29568          512          85.117     30277632     15138816
       29568         1024         123.245     60555264     30277632
       29568         2048         237.600    121110528     60555264
       29568         4096         481.086    242221056    121110528
       29568         8192         949.924    484442112    242221056
       29568        16384        1912.016    968884224    484442112
       29568        32768        3749.315   1937768448    968884224
       32448            1           5.113        64896        32448
       32448            2           4.426       129792        64896
       32448            4           3.526       259584       129792
       32448            8           4.630       519168       259584
       32448           16           4.864      1038336       519168
       32448           32          17.522      2076672      1038336
       32448           64          13.895      4153344      2076672
       32448          128          25.157      8306688      4153344
       32448          256          46.903     16613376      8306688
       32448          512          98.557     33226752     16613376
       32448         1024         158.872     66453504     33226752
       32448         2048         312.517    132907008     66453504
       32448         4096         553.405    265814016    132907008
       32448         8192        1161.078    531628032    265814016
       32448        16384        2076.756   1063256064    531628032
       32448        32768        4133.648   2126512128   1063256064
       35520            1           1.847        71040        35520
       35520            2           4.491       142080        71040
       35520            4           3.692       284160       142080
       35520            8           6.126       568320       284160
       35520           16           5.914      1136640       568320
       35520           32          10.505      2273280      1136640
       35520           64          15.406      4546560      2273280
       35520          128          29.862      9093120      4546560
       35520          256          53.504     18186240      9093120
       35520          512          90.138     36372480     18186240
       35520         1024         146.417     72744960     36372480
       35520         2048         340.641    145489920     72744960
       35520         4096         677.853    290979840    145489920
       35520         8192        1304.476    581959680    290979840
       35520        16384        2272.272   1163919360    581959680
       38976            1           5.008        77952        38976
       38976            2           3.424       155904        77952
       38976            4           2.228       311808       155904
       38976            8           5.669       623616       311808
       38976           16           5.368      1247232       623616
       38976           32           9.095      2494464      1247232
       38976           64          15.196      4988928      2494464
       38976          128          31.282      9977856      4988928
       38976          256          70.488     19955712      9977856
       38976          512         102.957     39911424     19955712
       38976         1024         187.367     79822848     39911424
       38976         2048         386.930    159645696     79822848
       38976         4096         616.665    319291392    159645696
       38976         8192        1248.235    638582784    319291392
       38976        16384        2506.992   1277165568    638582784
       42816            1           3.569        85632        42816
       42816            2           3.774       171264        85632
       42816            4           6.245       342528       171264
       42816            8           5.179       685056       342528
       42816           16          22.982      1370112       685056
       42816           32           9.676      2740224      1370112
       42816           64          14.971      5480448      2740224
       42816          128          33.709     10960896      5480448
       42816          256          78.135     21921792     10960896
       42816          512         107.814     43843584     21921792
       42816         1024         205.837     87687168     43843584
       42816         2048         396.772    175374336     87687168
       42816         4096         821.001    350748672    175374336
       42816         8192        1367.134    701497344    350748672
       42816        16384        2702.521   1402994688    701497344
       47040            1           3.513        94080        47040
       47040            2           5.110       188160        94080
       47040            4           4.946       376320       188160
       47040            8           4.355       752640       376320
       47040           16          10.502      1505280       752640
       47040           32          13.519      3010560      1505280
       47040           64          20.185      6021120      3010560
       47040          128          32.247     12042240      6021120
       47040          256          72.527     24084480     12042240
       47040          512         114.167     48168960     24084480
       47040         1024         223.232     96337920     48168960
       47040         2048         416.431    192675840     96337920
       47040         4096         865.413    385351680    192675840
       47040         8192        1494.846    770703360    385351680
       47040        16384        2974.753   1541406720    770703360
       51648            1           2.241       103296        51648
       51648            2           6.382       206592       103296
       51648            4           3.576       413184       206592
       51648            8           4.036       826368       413184
       51648           16           5.601      1652736       826368
       51648           32          11.290      3305472      1652736
       51648           64          22.824      6610944      3305472
       51648          128          35.893     13221888      6610944
       51648          256          77.251     26443776     13221888
       51648          512         107.295     52887552     26443776
       51648         1024         229.779    105775104     52887552
       51648         2048         408.754    211550208    105775104
       51648         4096         822.912    423100416    211550208
       51648         8192        1638.706    846200832    423100416
       51648        16384        3258.410   1692401664    846200832
       56640            1           3.518       113280        56640
       56640            2           3.028       226560       113280
       56640            4           3.921       453120       226560
       56640            8           6.274       906240       453120
       56640           16           6.847      1812480       906240
       56640           32          11.224      3624960      1812480
       56640           64          25.163      7249920      3624960
       56640          128          38.921     14499840      7249920
       56640          256          93.727     28999680     14499840
       56640          512         137.448     57999360     28999680
       56640         1024         285.124    115998720     57999360
       56640         2048         478.448    231997440    115998720
       56640         4096         899.913    463994880    231997440
       56640         8192        1794.720    927989760    463994880
       56640        16384        3652.857   1855979520    927989760
       62208            1           1.743       124416        62208
       62208            2           3.538       248832       124416
       62208            4           3.214       497664       248832
       62208            8           4.803       995328       497664
       62208           16           7.489      1990656       995328
       62208           32          15.823      3981312      1990656
       62208           64          27.128      7962624      3981312
       62208          128          61.412     15925248      7962624
       62208          256          88.256     31850496     15925248
       62208          512         151.718     63700992     31850496
       62208         1024         350.462    127401984     63700992
       62208         2048         578.328    254803968    127401984
       62208         4096        1147.220    509607936    254803968
       62208         8192        1963.447   1019215872    509607936
       62208        16384        3905.998   2038431744   1019215872
       68352            1          20.132       136704        68352
       68352            2           3.032       273408       136704
       68352            4           3.954       546816       273408
       68352            8           5.097      1093632       546816
       68352           16           7.845      2187264      1093632
       68352           32          23.903      4374528      2187264
       68352           64          28.002      8749056      4374528
       68352          128          50.002     17498112      8749056
       68352          256          88.504     34996224     17498112
       68352          512         161.693     69992448     34996224
       68352         1024         324.071    139984896     69992448
       68352         2048         615.917    279969792    139984896
       68352         4096        1077.492    559939584    279969792
       68352         8192        2159.106   1119879168    559939584
       75072            1           3.175       150144        75072
       75072            2           3.096       300288       150144
       75072            4           5.940       600576       300288
       75072            8           5.810      1201152       600576
       75072           16           8.779      2402304      1201152
       75072           32          14.372      4804608      2402304
       75072           64          31.175      9609216      4804608
       75072          128          96.359     19218432      9609216
       75072          256          93.973     38436864     19218432
       75072          512         179.523     76873728     38436864
       75072         1024         350.706    153747456     76873728
       75072         2048         658.559    307494912    153747456
       75072         4096        1183.157    614989824    307494912
       75072         8192        2360.627   1229979648    614989824
       82560            1           4.294       165120        82560
       82560            2           3.597       330240       165120
       82560            4           2.985       660480       330240
       82560            8           5.665      1320960       660480
       82560           16          10.206      2641920      1320960
       82560           32          17.707      5283840      2641920
       82560           64          30.910     10567680      5283840
       82560          128          59.651     21135360     10567680
       82560          256          96.339     42270720     21135360
       82560          512         166.540     84541440     42270720
       82560         1024         325.187    169082880     84541440
       82560         2048         658.754    338165760    169082880
       82560         4096        1482.906    676331520    338165760
       82560         8192        2585.805   1352663040    676331520
       90816            1           3.276       181632        90816
       90816            2           1.998       363264       181632
       90816            4           6.021       726528       363264
       90816            8           7.134      1453056       726528
       90816           16          10.856      2906112      1453056
       90816           32          19.488      5812224      2906112
       90816           64          49.094     11624448      5812224
       90816          128          62.972     23248896     11624448
       90816          256         105.571     46497792     23248896
       90816          512         182.331     92995584     46497792
       90816         1024         359.071    185991168     92995584
       90816         2048         721.056    371982336    185991168
       90816         4096        1555.336    743964672    371982336
       90816         8192        2854.496   1487929344    743964672
       99840            1           2.354       199680        99840
       99840            2           4.889       399360       199680
       99840            4           5.528       798720       399360
       99840            8           8.357      1597440       798720
       99840           16          10.672      3194880      1597440
       99840           32          18.667      6389760      3194880
       99840           64          45.625     12779520      6389760
       99840          128          75.347     25559040     12779520
       99840          256         124.050     51118080     25559040
       99840          512         236.897    102236160     51118080
       99840         1024         437.299    204472320    102236160
       99840         2048         780.799    408944640    204472320
       99840         4096        1579.320    817889280    408944640
       99840         8192        3134.837   1635778560    817889280
      109824            1           2.620       219648       109824
      109824            2           2.725       439296       219648
      109824            4           5.362       878592       439296
      109824            8           9.169      1757184       878592
      109824           16          10.786      3514368      1757184
      109824           32          21.988      7028736      3514368
      109824           64          37.529     14057472      7028736
      109824          128         108.655     28114944     14057472
      109824          256         134.830     56229888     28114944
      109824          512         258.234    112459776     56229888
      109824         1024         473.502    224919552    112459776
      109824         2048         866.539    449839104    224919552
      109824         4096        1726.123    899678208    449839104
      109824         8192        3449.856   1799356416    899678208
      120768            1           4.050       241536       120768
      120768            2           4.265       483072       241536
      120768            4           6.873       966144       483072
      120768            8           9.639      1932288       966144
      120768           16          12.257      3864576      1932288
      120768           32          21.913      7729152      3864576
      120768           64          50.024     15458304      7729152
      120768          128          81.051     30916608     15458304
      120768          256         144.265     61833216     30916608
      120768          512         282.465    123666432     61833216
      120768         1024         511.494    247332864    123666432
      120768         2048         962.789    494665728    247332864
      120768         4096        1899.411    989331456    494665728
      120768         8192        3795.251   1978662912    989331456
      132672            1           3.157       265344       132672
      132672            2           4.309       530688       265344
      132672            4           6.362      1061376       530688
      132672            8           6.852      2122752      1061376
      132672           16          12.715      4245504      2122752
      132672           32          28.063      8491008      4245504
      132672           64          50.230     16982016      8491008
      132672          128         100.113     33964032     16982016
      132672          256         159.213     67928064     33964032
      132672          512         326.207    135856128     67928064
      132672         1024         614.766    271712256    135856128
      132672         2048        1191.604    543424512    271712256
      132672         4096        2092.708   1086849024    543424512
      145920            1           4.855       291840       145920
      145920            2           3.845       583680       291840
      145920            4           5.863      1167360       583680
      145920            8           7.422      2334720      1167360
      145920           16          14.495      4669440      2334720
      145920           32          28.311      9338880      4669440
      145920           64          55.354     18677760      9338880
      145920          128         103.286     37355520     18677760
      145920          256         174.315     74711040     37355520
      145920          512         358.828    149422080     74711040
      145920         1024         582.270    298844160    149422080
      145920         2048        1144.991    597688320    298844160
      145920         4096        2294.580   1195376640    597688320
      160512            1           2.144       321024       160512
      160512            2           3.414       642048       321024
      160512            4           5.821      1284096       642048
      160512            8           7.656      2568192      1284096
      160512           16          16.630      5136384      2568192
      160512           32          34.520     10272768      5136384
      160512           64          62.545     20545536     10272768
      160512          128         104.210     41091072     20545536
      160512          256         190.198     82182144     41091072
      160512          512         404.959    164364288     82182144
      160512         1024         684.539    328728576    164364288
      160512         2048        1268.220    657457152    328728576
      160512         4096        2509.941   1314914304    657457152
      176448            1           5.709       352896       176448
      176448            2           4.866       705792       352896
      176448            4           4.871      1411584       705792
      176448            8           9.149      2823168      1411584
      176448           16          31.520      5646336      2823168
      176448           32          36.676     11292672      5646336
      176448           64          81.175     22585344     11292672
      176448          128         107.744     45170688     22585344
      176448          256         208.766     90341376     45170688
      176448          512         395.476    180682752     90341376
      176448         1024         702.359    361365504    180682752
      176448         2048        1382.090    722731008    361365504
      176448         4096        2769.634   1445462016    722731008
      193920            1           3.874       387840       193920
      193920            2           4.745       775680       387840
      193920            4           6.833      1551360       775680
      193920            8          25.465      3102720      1551360
      193920           16          16.584      6205440      3102720
      193920           32          49.485     12410880      6205440
      193920           64          71.264     24821760     12410880
      193920          128         116.682     49643520     24821760
      193920          256         227.170     99287040     49643520
      193920          512         418.415    198574080     99287040
      193920         1024         765.378    397148160    198574080
      193920         2048        1524.228    794296320    397148160
      193920         4096        3034.554   1588592640    794296320
      213312            1           5.776       426624       213312
      213312            2           8.049       853248       426624
      213312            4           7.362      1706496       853248
      213312            8          12.032      3412992      1706496
      213312           16          18.750      6825984      3412992
      213312           32          36.643     13651968      6825984
      213312           64          78.790     27303936     13651968
      213312          128         128.295     54607872     27303936
      213312          256         267.935    109215744     54607872
      213312          512         457.821    218431488    109215744
      213312         1024         840.040    436862976    218431488
      213312         2048        1793.214    873725952    436862976
      213312         4096        3341.419   1747451904    873725952
      234624            1           4.552       469248       234624
      234624            2           5.365       938496       469248
      234624            4           7.175      1876992       938496
      234624            8          13.805      3753984      1876992
      234624           16          20.721      7507968      3753984
      234624           32          40.162     15015936      7507968
      234624           64          83.291     30031872     15015936
      234624          128         139.535     60063744     30031872
      234624          256         233.512    120127488     60063744
      234624          512         459.701    240254976    120127488
      234624         1024         922.446    480509952    240254976
      234624         2048        1837.968    961019904    480509952
      234624         4096        3671.487   1922039808    961019904
      258048            1           6.049       516096       258048
      258048            2           4.514      1032192       516096
      258048            4           7.700      2064384      1032192
      258048            8          15.349      4128768      2064384
      258048           16          22.984      8257536      4128768
      258048           32          54.449     16515072      8257536
      258048           64         100.619     33030144     16515072
      258048          128         154.092     66060288     33030144
      258048          256         317.135    132120576     66060288
      258048          512         535.242    264241152    132120576
      258048         1024        1016.070    528482304    264241152
      258048         2048        2020.895   1056964608    528482304
      258048         4096        4032.201   2113929216   1056964608
      283776            1           4.605       567552       283776
      283776            2           5.627      1135104       567552
      283776            4          10.368      2270208      1135104
      283776            8          23.638      4540416      2270208
      283776           16          28.317      9080832      4540416
      283776           32          48.331     18161664      9080832
      283776           64         102.097     36323328     18161664
      283776          128         168.547     72646656     36323328
      283776          256         331.207    145293312     72646656
      283776          512         583.231    290586624    145293312
      283776         1024        1113.349    581173248    290586624
      283776         2048        2217.041   1162346496    581173248
      312000            1           6.127       624000       312000
      312000            2           4.725      1248000       624000
      312000            4           8.306      2496000      1248000
      312000            8          14.726      4992000      2496000
      312000           16          43.754      9984000      4992000
      312000           32          62.110     19968000      9984000
      312000           64          94.719     39936000     19968000
      312000          128         186.901     79872000     39936000
      312000          256         364.831    159744000     79872000
      312000          512         620.531    319488000    159744000
      312000         1024        1222.133    638976000    319488000
      312000         2048        2447.447   1277952000    638976000
      343104            1           5.849       686208       343104
      343104            2           5.362      1372416       686208
      343104            4           8.128      2744832      1372416
      343104            8          25.738      5489664      2744832
      343104           16          32.134     10979328      5489664
      343104           32          78.166     21958656     10979328
      343104           64         104.304     43917312     21958656
      343104          128         202.097     87834624     43917312
      343104          256         414.874    175669248     87834624
      343104          512         718.823    351338496    175669248
      343104         1024        1354.462    702676992    351338496
      343104         2048        2676.076   1405353984    702676992
      377280            1           5.742       754560       377280
      377280            2           6.408      1509120       754560
      377280            4           9.549      3018240      1509120
      377280            8          16.805      6036480      3018240
      377280           16          48.989     12072960      6036480
      377280           32          66.285     24145920     12072960
      377280           64         112.896     48291840     24145920
      377280          128         220.070     96583680     48291840
      377280          256         420.448    193167360     96583680
      377280          512         734.295    386334720    193167360
      377280         1024        1483.615    772669440    386334720
      377280         2048        2948.801   1545338880    772669440
      414912            1           6.687       829824       414912
      414912            2           6.595      1659648       829824
      414912            4          10.568      3319296      1659648
      414912            8          27.872      6638592      3319296
      414912           16          36.156     13277184      6638592
      414912           32          83.265     26554368     13277184
      414912           64         128.247     53108736     26554368
      414912          128         262.884    106217472     53108736
      414912          256         454.643    212434944    106217472
      414912          512         818.704    424869888    212434944
      414912         1024        1627.703    849739776    424869888
      414912         2048        3240.981   1699479552    849739776
      456384            1           7.104       912768       456384
      456384            2           5.200      1825536       912768
      456384            4          11.182      3651072      1825536
      456384            8          31.402      7302144      3651072
      456384           16          61.411     14604288      7302144
      456384           32          78.095     29208576     14604288
      456384           64         136.782     58417152     29208576
      456384          128         282.969    116834304     58417152
      456384          256         476.307    233668608    116834304
      456384          512         897.496    467337216    233668608
      456384         1024        1791.579    934674432    467337216
      456384         2048        3573.213   1869348864    934674432
      501888            1           7.101      1003776       501888
      501888            2           8.509      2007552      1003776
      501888            4          11.120      4015104      2007552
      501888            8          22.044      8030208      4015104
      501888           16          53.844     16060416      8030208
      501888           32          84.314     32120832     16060416
      501888           64         148.366     64241664     32120832
      501888          128         293.423    128483328     64241664
      501888          256         520.097    256966656    128483328
      501888          512         982.843    513933312    256966656
      501888         1024        1963.147   1027866624    513933312
      501888         2048        3918.910   2055733248   1027866624
      552000            1           8.209      1104000       552000
      552000            2           5.044      2208000      1104000
      552000            4          12.335      4416000      2208000
      552000            8          23.990      8832000      4416000
      552000           16          45.572     17664000      8832000
      552000           32          88.669     35328000     17664000
      552000           64         141.167     70656000     35328000
      552000          128         288.184    141312000     70656000
      552000          256         538.329    282624000    141312000
      552000          512        1082.261    565248000    282624000
      552000         1024        2156.079   1130496000    565248000
      607104            1           8.361      1214208       607104
      607104            2           6.860      2428416      1214208
      607104            4          14.264      4856832      2428416
      607104            8          27.292      9713664      4856832
      607104           16          51.968     19427328      9713664
      607104           32         103.680     38854656     19427328
      607104           64         178.958     77709312     38854656
      607104          128         351.931    155418624     77709312
      607104          256         613.904    310837248    155418624
      607104          512        1386.510    621674496    310837248
      607104         1024        2377.840   1243348992    621674496
      667776            1           9.985      1335552       667776
      667776            2           6.862      2671104      1335552
      667776            4          17.666      5342208      2671104
      667776            8          29.130     10684416      5342208
      667776           16          57.684     21368832     10684416
      667776           32         122.587     42737664     21368832
      667776           64         197.179     85475328     42737664
      667776          128         387.555    170950656     85475328
      667776          256         662.620    341901312    170950656
      667776          512        1303.569    683802624    341901312
      667776         1024        2602.266   1367605248    683802624
      734400            1           9.654      1468800       734400
      734400            2           9.885      2937600      1468800
      734400            4          17.598      5875200      2937600
      734400            8          36.808     11750400      5875200
      734400           16          65.236     23500800     11750400
      734400           32         119.467     47001600     23500800
      734400           64         215.063     94003200     47001600
      734400          128         430.926    188006400     94003200
      734400          256         716.247    376012800    188006400
      734400          512        1441.938    752025600    376012800
      734400         1024        2870.235   1504051200    752025600
      807744            1          11.443      1615488       807744
      807744            2          10.364      3230976      1615488
      807744            4          30.492      6461952      3230976
      807744            8          49.944     12923904      6461952
      807744           16          97.292     25847808     12923904
      807744           32         193.955     51695616     25847808
      807744           64         408.758    103391232     51695616
      807744          128         787.458    206782464    103391232
      807744          256        1445.356    413564928    206782464
      807744          512        2784.149    827129856    413564928
      807744         1024        5287.962   1654259712    827129856
      888384            1          12.328      1776768       888384
      888384            2          10.195      3553536      1776768
      888384            4          22.025      7107072      3553536
      888384            8          59.075     14214144      7107072
      888384           16         101.310     28428288     14214144
      888384           32         205.315     56856576     28428288
      888384           64         397.521    113713152     56856576
      888384          128         517.781    227426304    113713152
      888384          256         887.578    454852608    227426304
      888384          512        1750.280    909705216    454852608
      888384         1024        3470.506   1819410432    909705216
      977088            1          12.519      1954176       977088
      977088            2           9.079      3908352      1954176
      977088            4          21.876      7816704      3908352
      977088            8          46.947     15633408      7816704
      977088           16          99.576     31266816     15633408
      977088           32         154.974     62533632     31266816
      977088           64         284.765    125067264     62533632
      977088          128         527.982    250134528    125067264
      977088          256         959.089    500269056    250134528
      977088          512        1967.587   1000538112    500269056
      977088         1024        3805.490   2001076224   1000538112
     1074624            1          12.295      2149248      1074624
     1074624            2           9.612      4298496      2149248
     1074624            4          39.075      8596992      4298496
     1074624            8          63.303     17193984      8596992
     1074624           16          93.554     34387968     17193984
     1074624           32         158.797     68775936     34387968
     1074624           64         311.193    137551872     68775936
     1074624          128         626.413    275103744    137551872
     1074624          256        1168.176    550207488    275103744
     1074624          512        2099.230   1100414976    550207488
     1181952            1          14.894      2363904      1181952
     1181952            2          11.251      4727808      2363904
     1181952            4          23.977      9455616      4727808
     1181952            8          64.732     18911232      9455616
     1181952           16         130.131     37822464     18911232
     1181952           32         174.547     75644928     37822464
     1181952           64         351.642    151289856     75644928
     1181952          128         605.190    302579712    151289856
     1181952          256        1155.079    605159424    302579712
     1181952          512        2304.663   1210318848    605159424
     1300032            1          15.453      2600064      1300032
     1300032            2          11.835      5200128      2600064
     1300032            4          26.475     10400256      5200128
     1300032            8          86.849     20800512     10400256
     1300032           16         120.271     41601024     20800512
     1300032           32         190.297     83202048     41601024
     1300032           64         374.702    166404096     83202048
     1300032          128         659.876    332808192    166404096
     1300032          256        1296.648    665616384    332808192
     1300032          512        2548.897   1331232768    665616384
     1430016            1          16.681      2860032      1430016
     1430016            2          12.753      5720064      2860032
     1430016            4          28.286     11440128      5720064
     1430016            8          68.236     22880256     11440128
     1430016           16         109.389     45760512     22880256
     1430016           32         206.680     91521024     45760512
     1430016           64         412.708    183042048     91521024
     1430016          128         704.930    366084096    183042048
     1430016          256        1397.891    732168192    366084096
     1430016          512        3097.126   1464336384    732168192
     1572864            1          17.898      3145728      1572864
     1572864            2          14.596      6291456      3145728
     1572864            4          31.345     12582912      6291456
     1572864            8          77.701     25165824     12582912
     1572864           16         132.900     50331648     25165824
     1572864           32         228.519    100663296     50331648
     1572864           64         437.293    201326592    100663296
     1572864          128         774.430    402653184    201326592
     1572864          256        1543.493    805306368    402653184
     1572864          512        3068.997   1610612736    805306368
     1730112            1          22.519      3460224      1730112
     1730112            2          16.309      6920448      3460224
     1730112            4          42.874     13840896      6920448
     1730112            8          68.512     27681792     13840896
     1730112           16         126.085     55363584     27681792
     1730112           32         249.569    110727168     55363584
     1730112           64         470.585    221454336    110727168
     1730112          128         851.921    442908672    221454336
     1730112          256        1683.578    885817344    442908672
     1730112          512        3386.291   1771634688    885817344
     1903104            1          21.622      3806208      1903104
     1903104            2          18.031      7612416      3806208
     1903104            4          50.113     15224832      7612416
     1903104            8          74.378     30449664     15224832
     1903104           16         138.068     60899328     30449664
     1903104           32         292.563    121798656     60899328
     1903104           64         491.490    243597312    121798656
     1903104          128         932.297    487194624    243597312
     1903104          256        1860.943    974389248    487194624
     1903104          512        3717.374   1948778496    974389248
     2093376            1          26.122      4186752      2093376
     2093376            2          19.256      8373504      4186752
     2093376            4          50.116     16747008      8373504
     2093376            8          85.355     33494016     16747008
     2093376           16         163.441     66988032     33494016
     2093376           32         318.726    133976064     66988032
     2093376           64         546.833    267952128    133976064
     2093376          128        1025.981    535904256    267952128
     2093376          256        2056.293   1071808512    535904256
     2093376          512        4094.103   2143617024   1071808512
     2302656            1          30.308      4605312      2302656
     2302656            2          22.627      9210624      4605312
     2302656            4          45.722     18421248      9210624
     2302656            8          92.943     36842496     18421248
     2302656           16         176.349     73684992     36842496
     2302656           32         331.532    147369984     73684992
     2302656           64         600.683    294739968    147369984
     2302656          128        1123.607    589479936    294739968
     2302656          256        2243.813   1178959872    589479936
     2532864            1          50.893      5065728      2532864
     2532864            2          25.470     10131456      5065728
     2532864            4          61.737     20262912     10131456
     2532864            8         108.545     40525824     20262912
     2532864           16         182.746     81051648     40525824
     2532864           32         373.272    162103296     81051648
     2532864           64         647.076    324206592    162103296
     2532864          128        1233.756    648413184    324206592
     2532864          256        2476.787   1296826368    648413184
     2786112            1          52.655      5572224      2786112
     2786112            2          25.778     11144448      5572224
     2786112            4          56.919     22288896     11144448
     2786112            8         108.990     44577792     22288896
     2786112           16         200.706     89155584     44577792
     2786112           32         400.744    178311168     89155584
     2786112           64         684.714    356622336    178311168
     2786112          128        1359.579    713244672    356622336
     2786112          256        2719.025   1426489344    713244672
     3064704            1          39.521      6129408      3064704
     3064704            2          28.319     12258816      6129408
     3064704            4          60.541     24517632     12258816
     3064704            8         135.805     49035264     24517632
     3064704           16         219.969     98070528     49035264
     3064704           32         426.471    196141056     98070528
     3064704           64         752.335    392282112    196141056
     3064704          128        1490.786    784564224    392282112
     3064704          256        3000.030   1569128448    784564224
     3371136            1          39.925      6742272      3371136
     3371136            2          29.568     13484544      6742272
     3371136            4          72.843     26969088     13484544
     3371136            8         125.720     53938176     26969088
     3371136           16         240.657    107876352     53938176
     3371136           32         469.295    215752704    107876352
     3371136           64         825.338    431505408    215752704
     3371136          128        1637.081    863010816    431505408
     3371136          256        3296.971   1726021632    863010816
     3708096            1          48.670      7416192      3708096
     3708096            2          42.253     14832384      7416192
     3708096            4          81.998     29664768     14832384
     3708096            8         131.962     59329536     29664768
     3708096           16         263.764    118659072     59329536
     3708096           32         507.742    237318144    118659072
     3708096           64        1029.963    474636288    237318144
     3708096          128        1809.244    949272576    474636288
     3708096          256        3608.425   1898545152    949272576
     4078848            1          67.824      8157696      4078848
     4078848            2          45.879     16315392      8157696
     4078848            4          85.960     32630784     16315392
     4078848            8         144.923     65261568     32630784
     4078848           16         289.417    130523136     65261568
     4078848           32         545.368    261046272    130523136
     4078848           64        1004.047    522092544    261046272
     4078848          128        1988.620   1044185088    522092544
     4078848          256        3975.098   2088370176   1044185088
     4486656            1          52.205      8973312      4486656
     4486656            2          46.591     17946624      8973312
     4486656            4          92.259     35893248     17946624
     4486656            8         158.125     71786496     35893248
     4486656           16         333.614    143572992     71786496
     4486656           32         640.867    287145984    143572992
     4486656           64        1104.740    574291968    287145984
     4486656          128        2193.812   1148583936    574291968
     4935168            1          58.502      9870336      4935168
     4935168            2          51.162     19740672      9870336
     4935168            4          98.321     39481344     19740672
     4935168            8         173.433     78962688     39481344
     4935168           16         348.737    157925376     78962688
     4935168           32         629.017    315850752    157925376
     4935168           64        1199.743    631701504    315850752
     4935168          128        2408.791   1263403008    631701504
     5428608            1          64.520     10857216      5428608
     5428608            2          42.480     21714432     10857216
     5428608            4         104.810     43428864     21714432
     5428608            8         189.771     86857728     43428864
     5428608           16         409.994    173715456     86857728
     5428608           32         665.629    347430912    173715456
     5428608           64        1327.908    694861824    347430912
     5428608          128        2635.739   1389723648    694861824
     5971392            1          71.955     11942784      5971392
     5971392            2          56.979     23885568     11942784
     5971392            4         112.623     47771136     23885568
     5971392            8         208.018     95542272     47771136
     5971392           16         422.261    191084544     95542272
     5971392           32         851.676    382169088    191084544
     5971392           64        1459.157    764338176    382169088
     5971392          128        2909.600   1528676352    764338176
     6568512            1          78.430     13137024      6568512
     6568512            2          61.371     26274048     13137024
     6568512            4         125.451     52548096     26274048
     6568512            8         227.624    105096192     52548096
     6568512           16         473.478    210192384    105096192
     6568512           32         801.115    420384768    210192384
     6568512           64        1592.178    840769536    420384768
     6568512          128        3198.320   1681539072    840769536
     7225344            1          90.543     14450688      7225344
     7225344            2          65.897     28901376     14450688
     7225344            4         130.598     57802752     28901376
     7225344            8         249.177    115605504     57802752
     7225344           16         492.666    231211008    115605504
     7225344           32         877.459    462422016    231211008
     7225344           64        1746.527    924844032    462422016
     7225344          128        3520.301   1849688064    924844032
     7947840            1          94.294     15895680      7947840
     7947840            2          73.702     31791360     15895680
     7947840            4         132.110     63582720     31791360
     7947840            8         290.439    127165440     63582720
     7947840           16         521.698    254330880    127165440
     7947840           32        1094.175    508661760    254330880
     7947840           64        1937.553   1017323520    508661760
     7947840          128        3866.915   2034647040   1017323520
     8742528            1         105.869     17485056      8742528
     8742528            2          80.593     34970112     17485056
     8742528            4         160.788     69940224     34970112
     8742528            8         300.689    139880448     69940224
     8742528           16         611.777    279760896    139880448
     8742528           32        1102.149    559521792    279760896
     8742528           64        2120.536   1119043584    559521792
     9616704            1         110.308     19233408      9616704
     9616704            2          84.536     38466816     19233408
     9616704            4         158.284     76933632     38466816
     9616704            8         328.890    153867264     76933632
     9616704           16         614.917    307734528    153867264
     9616704           32        1162.163    615469056    307734528
     9616704           64        2342.170   1230938112    615469056
    10578240            1         119.287     21156480     10578240
    10578240            2          85.705     42312960     21156480
    10578240            4         187.238     84625920     42312960
    10578240            8         362.599    169251840     84625920
    10578240           16         664.047    338503680    169251840
    10578240           32        1275.657    677007360    338503680
    10578240           64        2569.974   1354014720    677007360
    11635968            1         132.562     23271936     11635968
    11635968            2          99.812     46543872     23271936
    11635968            4         210.925     93087744     46543872
    11635968            8         402.952    186175488     93087744
    11635968           16         716.566    372350976    186175488
    11635968           32        1400.418    744701952    372350976
    11635968           64        2825.855   1489403904    744701952
    12799488            1         145.074     25598976     12799488
    12799488            2         104.617     51197952     25598976
    12799488            4         212.291    102395904     51197952
    12799488            8         464.426    204791808    102395904
    12799488           16         768.587    409583616    204791808
    12799488           32        1539.676    819167232    409583616
    12799488           64        3144.430   1638334464    819167232
    14079360            1         155.557     28158720     14079360
    14079360            2         116.506     56317440     28158720
    14079360            4         230.021    112634880     56317440
    14079360            8         498.610    225269760    112634880
    14079360           16         834.859    450539520    225269760
    14079360           32        1702.728    901079040    450539520
    14079360           64        3421.291   1802158080    901079040
    15487296            1         171.927     30974592     15487296
    15487296            2         124.729     61949184     30974592
    15487296            4         252.040    123898368     61949184
    15487296            8         530.378    247796736    123898368
    15487296           16         925.900    495593472    247796736
    15487296           32        1859.892    991186944    495593472
    15487296           64        3757.452   1982373888    991186944
    17035968            1         196.083     34071936     17035968
    17035968            2         159.932     68143872     34071936
    17035968            4         277.274    136287744     68143872
    17035968            8         595.358    272575488    136287744
    17035968           16        1047.787    545150976    272575488
    17035968           32        2054.043   1090301952    545150976
    18739392            1         208.395     37478784     18739392
    18739392            2         154.413     74957568     37478784
    18739392            4         304.932    149915136     74957568
    18739392            8         615.975    299830272    149915136
    18739392           16        1117.379    599660544    299830272
    18739392           32        2258.693   1199321088    599660544
    20613312            1         248.370     41226624     20613312
    20613312            2         173.239     82453248     41226624
    20613312            4         335.776    164906496     82453248
    20613312            8         656.893    329812992    164906496
    20613312           16        1231.172    659625984    329812992
    20613312           32        2496.255   1319251968    659625984
    22674624            1         235.919     45349248     22674624
    22674624            2         190.303     90698496     45349248
    22674624            4         368.320    181396992     90698496
    22674624            8         706.812    362793984    181396992
    22674624           16        1351.024    725587968    362793984
    22674624           32        2728.763   1451175936    725587968
    24941952            1         249.454     49883904     24941952
    24941952            2         202.751     99767808     49883904
    24941952            4         406.092    199535616     99767808
    24941952            8         845.684    399071232    199535616
    24941952           16        1499.005    798142464    399071232
    24941952           32        3016.898   1596284928    798142464
    27436032            1         186.723     54872064     27436032
    27436032            2         221.999    109744128     54872064
    27436032            4         465.882    219488256    109744128
    27436032            8         899.128    438976512    219488256
    27436032           16        1666.149    877953024    438976512
    27436032           32        3324.715   1755906048    877953024
    30179520            1         167.756     60359040     30179520
    30179520            2         237.758    120718080     60359040
    30179520            4         508.207    241436160    120718080
    30179520            8         889.883    482872320    241436160
    30179520           16        1812.828    965744640    482872320
    30179520           32        3663.549   1931489280    965744640
    33197376            1         194.767     66394752     33197376
    33197376            2         281.229    132789504     66394752
    33197376            4         537.192    265579008    132789504
    33197376            8         987.437    531158016    265579008
    33197376           16        1985.543   1062316032    531158016
    33197376           32        4017.232   2124632064   1062316032
    36517056            1         220.185     73034112     36517056
    36517056            2         291.556    146068224     73034112
    36517056            4         608.301    292136448    146068224
    36517056            8        1151.326    584272896    292136448
    36517056           16        2287.900   1168545792    584272896
    40168704            1         250.271     80337408     40168704
    40168704            2         317.356    160674816     80337408
    40168704            4         649.589    321349632    160674816
    40168704            8        1165.958    642699264    321349632
    40168704           16        2391.301   1285398528    642699264
    44185536            1         299.168     88371072     44185536
    44185536            2         360.725    176742144     88371072
    44185536            4         722.541    353484288    176742144
    44185536            8        1372.130    706968576    353484288
    44185536           16        2642.335   1413937152    706968576
    48604032            1         315.195     97208064     48604032
    48604032            2         390.625    194416128     97208064
    48604032            4         791.572    388832256    194416128
    48604032            8        1431.612    777664512    388832256
    48604032           16        2927.769   1555329024    777664512
    53464320            1         327.668    106928640     53464320
    53464320            2         459.756    213857280    106928640
    53464320            4         871.038    427714560    213857280
    53464320            8        1633.604    855429120    427714560
    53464320           16        3304.509   1710858240    855429120
    58810752            1         402.893    117621504     58810752
    58810752            2         548.884    235243008    117621504
    58810752            4         986.799    470486016    235243008
    58810752            8        1927.768    940972032    470486016
    58810752           16        3877.941   1881944064    940972032
    64691712            1         487.424    129383424     64691712
    64691712            2         692.060    258766848    129383424
    64691712            4        1096.866    517533696    258766848
    64691712            8        2220.974   1035067392    517533696
    64691712           16        4387.360   2070134784   1035067392
    71160768            1         505.263    142321536     71160768
    71160768            2         824.532    284643072    142321536
    71160768            4        1297.360    569286144    284643072
    71160768            8        2496.011   1138572288    569286144
    78276672            1         604.604    156553344     78276672
    78276672            2         983.655    313106688    156553344
    78276672            4        1516.729    626213376    313106688
    78276672            8        2801.430   1252426752    626213376
    86104320            1         660.412    172208640     86104320
    86104320            2        1172.609    344417280    172208640
    86104320            4        1775.425    688834560    344417280
    86104320            8        3249.424   1377669120    688834560
    94714752            1         741.825    189429504     94714752
    94714752            2        1384.742    378859008    189429504
    94714752            4        2059.771    757718016    378859008
    94714752            8        3675.826   1515436032    757718016
   104186112            1         919.766    208372224    104186112
   104186112            2        1645.422    416744448    208372224
   104186112            4        2398.222    833488896    416744448
   104186112            8        4225.466   1666977792    833488896
   114604608            1         986.280    229209216    114604608
   114604608            2        1826.954    458418432    229209216
   114604608            4        2745.298    916836864    458418432
   114604608            8        4805.611   1833673728    916836864
   126064896            1        1078.055    252129792    126064896
   126064896            2        2086.364    504259584    252129792
   126064896            4        3181.963   1008519168    504259584
   126064896            8        5500.433   2017038336   1008519168
   138671232            1        1235.097    277342464    138671232
   138671232            2        2393.471    554684928    277342464
   138671232            4        3586.305   1109369856    554684928
   152538240            1        1384.357    305076480    152538240
   152538240            2        2704.028    610152960    305076480
   152538240            4        4084.004   1220305920    610152960
   167792064            1        1558.725    335584128    167792064
   167792064            2        3088.758    671168256    335584128
   167792064            4        4616.831   1342336512    671168256
   184571136            1        1744.037    369142272    184571136
   184571136            2        3481.388    738284544    369142272
   184571136            4        5239.687   1476569088    738284544
   203028096            1        1984.664    406056192    203028096
   203028096            2        3891.867    812112384    406056192
   203028096            4        5902.258   1624224768    812112384
   223330752            1        2220.330    446661504    223330752
   223330752            2        4359.513    893323008    446661504
   223330752            4        6569.353   1786646016    893323008
   245663808            1        2450.788    491327616    245663808
   245663808            2        4810.792    982655232    491327616
   245663808            4        7276.579   1965310464    982655232
   270230016            1        2740.482    540460032    270230016
   270230016            2        5313.857   1080920064    540460032
   297252864            1        3015.311    594505728    297252864
   297252864            2        6004.969   1189011456    594505728
   326978112            1        3364.952    653956224    326978112
   326978112            2        6667.891   1307912448    653956224
   359675904            1        3681.568    719351808    359675904
   359675904            2        7309.977   1438703616    719351808
   395643456            1        4138.024    791286912    395643456
   395643456            2        8208.315   1582573824    791286912
   435207744            1        4598.219    870415488    435207744
   435207744            2        9056.748   1740830976    870415488
   478728384            1        5097.619    957456768    478728384
   478728384            2        9902.205   1914913536    957456768
   526601088            1        5555.688   1053202176    526601088
   526601088            2       11097.204   2106404352   1053202176
   579261120            1        6172.333   1158522240    579261120
   637187136            1        6767.516   1274374272    637187136
   700905792            1        7481.321   1401811584    700905792
   770996352            1        8262.126   1541992704    770996352
   848095872            1        9048.793   1696191744    848095872
   932905344            1       10044.866   1865810688    932905344
  1026195840            1       11048.194   2052391680   1026195840

META_DATA
FLOPS          8
MPI_PROCS      1
OPENMP_THREADS 24
ERT_VERSION  1.1.0
HOSTNAME  ('dp-cn26.deep', [], ['10.2.9.126'])
UNAME  uname_result(system='Linux', node='dp-cn26', release='4.18.0-513.24.1.el8_9.x86_64', version='#1 SMP Thu Apr 4 18:13:02 UTC 2024', machine='x86_64')
TIMESTAMP_DATA  1713441586.2366521
CONFIG  {'ERT_RESULTS': ['Results.cn.deep.fz-juelich.de.01.gcc2023-O3-only'], 'ERT_DRIVER': ['driver1'], 'ERT_KERNEL': ['kernel1'], 'ERT_MPI': ['True'], 'ERT_MPI_CFLAGS': ['-I', '/p/software/deep/stages/2023/software/psmpi/5.9.2-1-GCC-11.3.0/include'], 'ERT_MPI_LDFLAGS': ['-L', '/p/software/deep/stages/2023/software/psmpi/5.9.2-1-GCC-11.3.0/lib', '-lmpi'], 'ERT_OPENMP': ['True'], 'ERT_OPENMP_CFLAGS': ['-fopenmp'], 'ERT_OPENMP_LDFLAGS': ['-fopenmp'], 'ERT_FLOPS': ['1,2,4,8,16,64,128'], 'ERT_ALIGN': ['64'], 'ERT_CC': ['mpicxx'], 'ERT_CFLAGS': ['-g', '-O3'], 'ERT_LD': ['mpicxx'], 'ERT_LDFLAGS': [], 'ERT_LDLIBS': [], 'ERT_PRECISION': ['FP64'], 'ERT_RUN': ['export', 'OMP_NUM_THREADS=ERT_OPENMP_THREADS;', 'export', 'OMP_PLACES="cores(ERT_OPENMP_THREADS)";', 'srun', '-p', 'dp-cn', '-n', 'ERT_MPI_PROCS', '-c', '48', '--ntasks-per-node', '1', 'ERT_CODE'], 'ERT_PROCS_THREADS': ['24'], 'ERT_MPI_PROCS': ['1'], 'ERT_OPENMP_THREADS': ['24'], 'ERT_NUM_EXPERIMENTS': ['5'], 'ERT_MEMORY_MAX': ['1073741824'], 'ERT_WORKING_SET_MIN': ['128'], 'ERT_TRIALS_MIN': ['1'], 'ERT_GNUPLOT': ['gnuplot'], 'ERT_GPU': [False], 'ERT_HIP': [False], 'ERT_OCL': [False], 'ERT_SYCL': [False], 'ERT_WSS_MULT': [1.1]}
