fp64
 1024 1048576 201993.21 202233.856 203280.38 10.5641461709192 10.618813736113504 10.631464532891973 5.2820730854596 5.309406868056752 5.315732266445987
 1120 524288 105646.08 106193.916 106204.163 11.05799515599026 11.05906217828901 11.11640980905302 5.52899757799513 5.529531089144505 5.55820490452651
 1232 524288 106835.968 107350.014 107400.192 12.02833633667992 12.03395867279533 12.091860598857496 6.01416816833996 6.016979336397665 6.045930299428748
 1352 524288 105640.961 106209.312 106226.685 13.345749723809982 13.347932731171444 13.419744941547815 6.672874861904991 6.673966365585722 6.709872470773908
 1480 524288 106934.242 107488.22 107493.378 14.43709844154307 14.437791229587765 14.512586903641212 7.218549220771535 7.218895614793882 7.256293451820606
 1624 524288 105653.252 106217.468 106248.192 16.027448485899885 16.032084515514907 16.117700040127495 8.013724242949943 8.016042257757453 8.058850020063748
 1784 524288 106939.423 107506.691 107523.071 17.39775070226556 17.400401468965313 17.492703172711153 8.69887535113278 8.700200734482657 8.746351586355576
 1960 524288 106901.505 107415.55 107444.221 19.128147990388424 19.133253611790842 19.225257492866913 9.564073995194212 9.566626805895421 9.612628746433456
 2152 262144 52897.793 53167.103 53187.584 21.212991663618332 21.22116331973175 21.32920320513183 10.606495831809166 10.610581659865876 10.664601602565915
 2360 262144 52839.424 53103.615 53127.167 23.289773384679062 23.300102638963466 23.416600453479585 11.644886692339531 11.650051319481733 11.708300226739793
 2592 262144 52812.801 53100.544 53114.88 25.585193753614806 25.592101203332305 25.731536109966974 12.792596876807403 12.796050601666153 12.865768054983487
 2848 262144 52695.042 52982.784 53047.295 28.14794277446192 28.182215264490445 28.336104637700068 14.07397138723096 14.091107632245222 14.168052318850034
 3128 262144 53246.975 53497.856 53522.43 30.640852143671353 30.654926881555777 30.79936210460782 15.320426071835676 15.327463440777889 15.39968105230391
 3440 262144 53371.902 53620.735 53651.455 33.616063534530426 33.63532260421272 33.79213879243052 16.808031767265213 16.81766130210636 16.89606939621526
 3784 262144 53846.016 54116.352 54135.807 36.64683140310442 36.66000605510143 36.84405902936254 18.32341570155221 18.330003027550713 18.42202951468127
 4160 131072 26503.168 26641.409 26667.936 40.89251751616622 40.933234424650735 41.14674291013059 20.44625875808311 20.466617212325367 20.573371455065296
 4576 131072 26867.712 27015.167 27025.408 44.38678387390118 44.40361016461605 44.647305434865466 22.19339193695059 22.201805082308024 22.323652717432733
 5032 131072 26879.999 27037.697 27054.079 48.75821527689041 48.78775762595461 49.07398277804996 24.379107638445205 24.393878812977306 24.53699138902498
 5528 131072 26717.184 26860.544 26870.785 53.92965006418681 53.95021158171629 54.239699513242115 26.964825032093405 26.975105790858144 27.119849756621058
 6080 131072 26725.376 26866.688 26891.264 59.269639389208336 59.32385562373747 59.6375340051343 29.634819694604168 29.661927811868736 29.81876700256715
 6688 131072 26408.895 26553.345 26581.024 65.95754444975483 66.02629808033602 66.3874452906871 32.97877222487742 33.01314904016801 33.19372264534355
 7352 131072 26861.568 27023.359 27032.576 71.29482177355202 71.31913867554363 71.74870387313206 35.64741088677601 35.65956933777181 35.87435193656603
 8080 131072 26847.233 26998.783 27012.096 78.41388983661246 78.45255543555427 78.89541242481116 39.20694491830623 39.22627771777714 39.44770621240558
 8888 65536 13451.264 13499.36 13511.68 86.21932550208413 86.29801235021512 86.60657734470159 43.109662751042066 43.14900617510756 43.303288672350796
 9776 65536 13211.648 13262.848 13268.992 96.56798888717394 96.61272390364421 96.98713377770888 48.28399444358697 48.306361951822105 48.49356688885444
 10752 65536 12777.472 12866.56 12873.728 109.46993318485524 109.53091922005572 110.29459849334829 54.73496659242762 54.76545961002786 55.147299246674145
 11824 65536 13330.432 13380.608 13398.016 115.67349434423724 115.82398408203872 116.25994776463358 57.83674717211862 57.91199204101936 58.12997388231679
 13000 65536 13454.336 13495.296 13518.848 126.04150886229358 126.26147659154715 126.64586345992846 63.02075443114679 63.130738295773575 63.32293172996423
 14296 65536 13376.512 13424.64 13429.76 139.5263438810522 139.57955758962623 140.08175763607136 69.7631719405261 69.78977879481312 70.04087881803568
 15720 65536 13363.2 13398.048 13415.424 153.5882757041447 153.78746515910376 154.1885057471264 76.79413785207235 76.89373257955188 77.0942528735632
 17288 32768 6739.968 6748.16 6758.4 167.64121212121213 167.89559939301975 168.09966575508966 83.82060606060607 83.94779969650988 84.04983287754483
 19016 32768 6630.4 6647.808 6654.976 187.26327127250346 187.46518792359828 187.95737451737452 93.63163563625173 93.73259396179914 93.97868725868726
 20912 32768 6724.544 6754.272 6761.472 202.6908980766318 202.9069649549204 203.80398016579264 101.3454490383159 101.4534824774602 101.90199008289632
 23000 32768 6692.864 6726.656 6735.84 223.77728687142212 224.08281321357893 225.2141982864137 111.88864343571106 112.04140660678947 112.60709914320685
 25296 32768 6723.584 6757.376 6766.592 244.99757869249396 245.3317169268071 246.56472738349072 122.49878934624698 122.66585846340355 123.28236369174536
 27824 32768 6727.68 6755.328 6766.592 269.4818401937046 269.9311808397756 271.04048706240485 134.7409200968523 134.9655904198878 135.52024353120242
 30600 32768 6691.84 6711.264 6737.92 297.629179331307 298.8113118482599 299.67865340474367 148.8145896656535 149.40565592412995 149.83932670237184
 33656 16384 3318.784 3327.008 3330.048 331.1783517835178 331.48096067096924 332.3023758099352 165.5891758917589 165.74048033548462 166.1511879049676
 37016 16384 3364.864 3381.248 3390.464 357.7505285412262 358.72562083585706 360.47230675593426 178.8752642706131 179.36281041792853 180.23615337796713
 40712 16384 3329.024 3342.336 3346.432 398.64871481028155 399.13725490196083 400.7333128268225 199.32435740514077 199.56862745098042 200.36665641341125
 44776 16384 3390.464 3395.584 3398.656 431.70593552274784 432.09650180940895 432.749018423437 215.85296776137392 216.04825090470447 216.3745092117185
 49248 16384 3311.616 3343.36 3347.456 482.0850412970327 482.67565084226646 487.30241187384047 241.04252064851636 241.33782542113323 243.65120593692023
 54168 16384 3368.96 3382.272 3401.728 521.7868753762793 524.7883742052679 526.8620060790274 260.89343768813967 262.39418710263396 263.4310030395137
 59584 16384 3357.696 3362.816 3368.96 579.5404255319149 580.599269183922 581.4845989630985 289.77021276595747 290.299634591961 290.74229948154925
 65536 16384 3212.384 3223.552 3229.696 664.9181991122385 666.1855146124524 668.5015390439002 332.45909955611927 333.0927573062262 334.2507695219501
 72088 8192 1668.096 1677.312 1695.744 696.5024154589373 704.1562881562883 708.0466543891959 348.25120772946866 352.07814407814413 354.0233271945979
 79296 8192 1674.24 1687.584 1698.816 764.759493670886 769.8494794925763 775.9853211009174 382.379746835443 384.92473974628814 387.9926605504587
 87224 8192 1682.432 1692.672 1697.792 841.7273823884199 844.2734422262553 849.4120511259891 420.86369119420993 422.13672111312763 424.70602556299457
 95944 8192 1671.168 1679.36 1704.96 921.9843843843844 936.039024390244 940.6274509803923 460.9921921921922 468.019512195122 470.31372549019613
 105536 8192 1672.192 1685.6 1691.744 1022.0824332759566 1025.8079164689132 1034.0330679730557 511.0412166379783 512.9039582344566 517.0165339865279
 116088 8192 1657.856 1669.152 1676.288 1134.641417226634 1139.492264335423 1147.2563310685607 567.320708613317 569.7461321677115 573.6281655342804
 127696 8192 1691.68 1708.032 1904.64 1098.4602150537635 1224.9016786570744 1236.7417383902393 549.2301075268817 612.4508393285372 618.3708691951197
 140464 4096 836.608 937.984 961.536 1196.7113951011715 1226.759825327511 1375.4124847001224 598.3556975505858 613.3799126637555 687.7062423500612
 154504 4096 842.752 940.032 962.56 1314.9276595744682 1346.4400871459693 1501.861482381531 657.4638297872341 673.2200435729847 750.9307411907655
 169952 4096 1111.04 1131.488 1138.688 1222.6762589928055 1230.4565174354475 1253.1023041474655 611.3381294964028 615.2282587177237 626.5511520737327
 186944 4096 1136.672 1138.72 1148.928 1332.934046345811 1344.8830687087257 1347.306213225979 666.4670231729056 672.4415343543628 673.6531066129895
 205632 4096 1137.664 1139.712 1145.856 1470.112600536193 1478.0377358490566 1480.6984698469846 735.0563002680965 739.0188679245283 740.3492349234923
 226192 4096 1142.784 1143.808 1153.024 1607.0479573712257 1619.996418979409 1621.4480286738349 803.5239786856129 809.9982094897045 810.7240143369174
 248808 4096 1144.832 1152.0 1153.056 1767.680959120806 1769.3013333333333 1780.3792486583181 883.840479560403 884.6506666666667 890.1896243291591
 273688 2048 584.704 585.728 593.888 1887.605151139609 1913.9020979020981 1917.253940455342 943.8025755698045 956.9510489510491 958.626970227671
 301056 2048 575.488 582.656 592.896 2079.834196891192 2116.3866432337436 2142.747330960854 1039.917098445596 1058.1933216168718 1071.373665480427
 331160 2048 750.592 752.64 753.664 1799.782608695652 1802.231292517007 1807.1487039563438 899.891304347826 901.1156462585035 903.5743519781719
 364272 2048 762.912 765.952 766.944 1945.4590061334336 1947.9786096256685 1955.74078268529 972.7295030667168 973.9893048128342 977.870391342645
 400696 2048 763.904 768.0 768.0 2137.045333333333 2137.045333333333 2148.504021447721 1068.5226666666665 1068.5226666666665 1074.2520107238604
 440760 2048 768.0 771.072 773.12 2335.1523178807947 2341.3545816733067 2350.72 1167.5761589403974 1170.6772908366534 1175.36
 484832 2048 781.312 781.312 785.408 2528.4589308996087 2541.7142857142853 2541.7142857142853 1264.2294654498044 1270.8571428571427 1270.8571428571427
 533312 1024 468.992 478.208 482.304 2264.594479830149 2283.991434689507 2328.873362445415 1132.2972399150744 1141.9957173447535 1164.4366812227074
 586640 1024 473.088 475.168 486.4 2470.0631578947373 2528.450400700384 2539.5670995670994 1235.0315789473686 1264.225200350192 1269.7835497835497
 645304 1024 485.376 492.544 496.64 2661.047422680412 2683.176715176715 2722.8016877637133 1330.523711340206 1341.5883575883574 1361.4008438818566
 709832 1024 591.872 592.896 595.968 2439.2852233676977 2451.924006908463 2456.1660899653984 1219.6426116838488 1225.9620034542315 1228.0830449826992
 780808 1024 594.976 598.016 600.064 2664.873720136519 2674.0000000000005 2687.6626687463026 1332.4368600682594 1337.0000000000002 1343.8313343731513
 858888 1024 706.624 709.632 710.656 2475.1815561959656 2478.753246753247 2489.3049542613894 1237.5907780979828 1239.3766233766235 1244.6524771306947
 944776 1024 711.68 714.752 715.776 2703.221745350501 2707.094555873926 2718.7798561151085 1351.6108726752504 1353.547277936963 1359.3899280575542
 1039248 1024 827.392 831.488 832.512 2556.5756457564576 2559.7241379310344 2572.39603960396 1278.2878228782288 1279.8620689655172 1286.19801980198
 1143168 512 424.96 425.984 427.008 2741.410071942446 2748.0 2754.621686746988 1370.705035971223 1374.0 1377.310843373494
 1257480 512 478.208 480.256 482.304 2669.8089171974525 2681.1940298507466 2692.6766595289077 1334.9044585987263 1340.5970149253733 1346.3383297644539
 1383224 512 544.768 545.792 551.936 2566.278293135436 2595.1669793621013 2600.0451127819547 1283.139146567718 1297.5834896810507 1300.0225563909773
 1521544 512 595.968 599.04 599.072 2600.7909833876397 2600.9299145299146 2614.3367697594504 1300.3954916938198 1300.4649572649573 1307.1683848797252
 1673696 512 659.456 660.48 662.528 2586.856259659969 2594.877519379845 2598.9068322981366 1293.4281298299845 1297.4387596899226 1299.4534161490683
 1841064 512 718.848 720.896 721.92 2611.4382978723406 2615.1477272727275 2622.598290598291 1305.7191489361703 1307.5738636363637 1311.2991452991455
 2025168 512 780.288 784.384 784.384 2643.8224543080937 2643.8224543080937 2657.700787401575 1321.9112271540469 1321.9112271540469 1328.8503937007874
 2227680 256 424.96 425.984 432.128 2639.4312796208533 2677.5000000000005 2683.9518072289156 1319.7156398104266 1338.7500000000002 1341.9759036144578
 2450448 256 459.776 460.8 461.856 2716.494699646643 2722.72 2728.783964365256 1358.2473498233214 1361.36 1364.391982182628
 2695488 256 518.144 521.216 521.216 2647.8271119842825 2647.8271119842825 2663.5256916996045 1323.9135559921413 1323.9135559921413 1331.7628458498023
 2965032 256 576.512 578.56 580.608 2614.666666666667 2623.9221238938053 2633.2433392539965 1307.3333333333335 1311.9610619469026 1316.6216696269983
 3261528 256 611.328 612.352 614.4 2717.94 2727.0301003344484 2731.597989949749 1358.97 1363.5150501672242 1365.7989949748744
 3587680 256 672.768 672.8 674.816 2722.0637329286797 2730.220214030916 2730.3500761035007 1361.0318664643398 1365.110107015458 1365.1750380517503
 3946448 256 760.832 762.88 764.928 2641.5314591700135 2648.6228187919464 2655.752355316285 1320.7657295850067 1324.3114093959732 1327.8761776581425
 4341088 128 415.744 416.768 417.792 2659.980392156863 2666.5159705159704 2673.0837438423646 1329.9901960784316 1333.2579852579852 1336.5418719211823
 4775192 128 459.744 461.824 462.848 2641.146017699115 2647.0022172949 2658.977935546739 1320.5730088495575 1323.50110864745 1329.4889677733695
 5252704 128 507.904 507.904 509.952 2636.8995983935743 2647.5322580645166 2647.5322580645166 1318.4497991967871 1323.7661290322583 1323.7661290322583
 5777968 128 551.936 552.96 556.032 2660.2062615101286 2674.985185185185 2679.9480519480517 1330.1031307550643 1337.4925925925925 1339.9740259740258
 6355760 128 602.112 604.16 605.184 2688.561759729273 2693.118644067797 2702.2789115646265 1344.2808798646365 1346.5593220338985 1351.1394557823132
 6991336 128 665.632 667.648 668.672 2676.6217457886673 2680.72699386503 2688.8461131676363 1338.3108728943337 1340.363496932515 1344.4230565838182
 7690464 128 730.112 731.136 732.16 2688.973426573427 2692.7394957983197 2696.516129032258 1344.4867132867134 1346.3697478991598 1348.258064516129
 8459504 64 414.72 415.744 418.816 2585.4229828850857 2604.527093596059 2610.958024691358 1292.7114914425429 1302.2635467980294 1305.479012345679
 9305448 64 459.776 465.92 473.088 2517.707792207792 2556.4417582417577 2590.603563474387 1258.853896103896 1278.2208791208789 1295.3017817371936
 10235992 64 571.392 588.8 591.904 2213.5464129318266 2225.215652173913 2293.008960573476 1106.7732064659133 1112.6078260869565 1146.504480286738
 11259584 64 717.824 726.016 735.232 1960.2339832869081 1985.11706629055 2007.7717546362342 980.1169916434541 992.558533145275 1003.8858773181171
 12385536 64 965.632 974.848 1013.728 1563.8796679188108 1626.2521008403364 1641.773064687169 781.9398339594054 813.1260504201682 820.8865323435845
 13624088 64 1330.176 1348.608 1376.256 1267.1212797619046 1293.0987091875475 1311.0169361046958 633.5606398809523 646.5493545937737 655.5084680523479
 14986496 64 1554.432 1579.008 1586.176 1209.3686249193029 1214.858625162127 1234.0658761528325 604.6843124596514 607.4293125810635 617.0329380764163
 16485144 64 1722.368 1745.92 1769.472 1192.501736111111 1208.5882697947213 1225.114744351962 596.2508680555555 604.2941348973607 612.557372175981
 18133656 32 994.304 1012.736 1035.264 1121.0222551928784 1145.959049544995 1167.2023686920702 560.5111275964392 572.9795247724975 583.6011843460351
 19947016 32 1487.872 1504.288 1510.4 845.2125423728813 848.6466846774022 858.0099793530626 422.60627118644067 424.3233423387011 429.0049896765313
 21941712 32 1736.704 1753.088 1757.184 799.1590909090909 801.026285046729 808.5831367924528 399.57954545454544 400.5131425233645 404.2915683962264
 24135880 32 1920.0 1938.432 1939.456 796.4585533262936 796.8792921288959 804.5293333333333 398.2292766631468 398.43964606444797 402.26466666666664
 26549464 32 2119.68 2135.04 2146.304 791.6705629770992 795.847242206235 801.6142512077296 395.8352814885496 397.9236211031175 400.8071256038648
 29204408 32 2339.84 2356.224 2369.536 788.7966724286948 793.2531508039982 798.807658643326 394.3983362143474 396.6265754019991 399.403829321663
 32124848 32 2585.6 2607.104 2617.344 785.5254303599373 788.6107619795758 795.169504950495 392.76271517996867 394.3053809897879 397.5847524752475
 35337328 16 1421.312 1433.568 1437.696 786.5324074074075 788.7972499386146 795.5990634005765 393.26620370370375 394.3986249693073 397.79953170028824
 38871056 16 1571.84 1580.032 1586.176 784.1965784377018 787.2459494491252 791.3488599348535 392.0982892188509 393.6229747245626 395.67442996742676
 42758160 16 1730.528 1742.848 1746.944 783.2312426729192 785.0719741480611 790.6610699162337 391.6156213364596 392.5359870740306 395.33053495811686
 47033976 16 1899.488 1920.0 1921.024 783.4817430703624 783.8996 792.3646961707576 391.7408715351812 391.9498 396.1823480853788
 51737368 16 2102.272 2119.68 2131.968 776.557516810759 781.0592995169084 787.526911836337 388.2787584053795 390.5296497584542 393.7634559181685
 56911104 16 2328.576 2342.912 2351.104 774.5958188153311 777.3041958041957 782.0897097625328 387.29790940766554 388.65209790209786 391.0448548812664
 62602208 16 2558.944 2574.336 2583.552 775.39397542608 778.1698488464599 782.8505258419099 387.69698771304 389.08492442322995 391.42526292095494
 68862424 8 1385.472 1403.904 1409.024 781.9588481104653 784.8106309263311 795.2515705838878 390.97942405523264 392.40531546316555 397.6257852919439
 75748664 8 1529.856 1543.168 1551.36 781.2362211221122 785.3834605175846 792.2174531459169 390.6181105610561 392.6917302587923 396.10872657295846
 83323528 8 1691.68 1700.864 1703.936 782.4099308894231 783.823073449729 788.0783883476779 391.20496544471155 391.9115367248645 394.03919417383895
 91655880 8 1850.368 1871.904 1875.968 781.7265966157205 783.4237653212984 792.5418511344769 390.86329830786025 391.7118826606492 396.27092556723846
 100821464 8 2033.664 2053.088 2081.792 774.8821323167733 785.7156751196246 793.2202291037261 387.44106615838666 392.8578375598123 396.61011455186303
 110903608 8 2262.016 2273.312 2281.472 777.7687948833034 780.5605776945707 784.4585219556361 388.8843974416517 390.28028884728536 392.22926097781806
 121993968 8 2497.536 2507.776 2526.208 772.6614308877178 778.3404450796244 781.5316728167281 386.3307154438589 389.1702225398122 390.76583640836407
 134193360 8 2750.464 2774.016 2778.112 772.8607629929967 774.0019379844961 780.6296537602384 386.43038149649834 387.00096899224803 390.3148268801192
 147612696 4 1491.968 1502.208 1511.424 781.317200203252 786.1105572597136 791.5059625943719 390.658600101626 393.0552786298568 395.75298129718595
 162373960 4 1640.448 1654.784 1656.864 784.0062189775383 784.9916847153465 791.8517868289638 392.00310948876916 392.49584235767327 395.9258934144819
 178611352 4 1817.568 1819.648 1823.744 783.4930867490174 785.25671778278 786.1553548477966 391.7465433745087 392.62835889139 393.0776774238983
 196472480 4 1991.68 2007.04 2012.16 781.1405852417302 783.1332908163266 789.1728791773779 390.5702926208651 391.5666454081633 394.58643958868896
 216119728 4 2209.792 2213.92 2225.152 777.0066152784169 780.9486449374865 782.4074953660797 388.50330763920846 390.47432246874325 391.20374768303986
 237731696 4 2430.976 2438.176 2449.408 776.454379180602 780.0312889635532 782.3415648694187 388.227189590301 390.0156444817766 391.17078243470934
 261504864 4 2666.496 2686.976 2693.12 776.8086501901141 778.5848894817073 784.5648041474655 388.40432509505706 389.2924447408536 392.2824020737327
 287655344 2 1453.056 1464.32 1471.488 781.9441109951287 785.7718094405594 791.8630637773078 390.9720554975643 392.8859047202797 395.9315318886539
 316420872 2 1594.368 1611.776 1614.848 783.7787135383641 785.2725738564168 793.8465197495184 391.88935676918203 392.6362869282084 396.9232598747592
 348062952 2 1754.112 1773.568 1782.784 780.9425078977598 785.00052323903 793.7074759194395 390.4712539488799 392.500261619515 396.85373795971975
 382869240 2 1944.576 1953.792 1959.936 781.3913107366772 783.8485161163522 787.5634379936809 390.6956553683386 391.9242580581761 393.7817189968404
 421156160 2 2146.304 2148.352 2159.616 780.0574917022285 784.1474022878932 784.8956345419848 390.02874585111425 392.0737011439466 392.4478172709924
 463271776 2 2367.488 2374.624 2376.704 779.6877962085307 780.3707466950559 782.7229130622839 389.84389810426535 390.18537334752796 391.3614565311419
 509598952 2 2601.984 2613.248 2624.512 776.6761241708934 780.0238660854233 783.4005927784337 388.3380620854467 390.01193304271163 391.7002963892169
 560558840 1 1430.272 1438.304 1444.864 775.9330151488306 779.4719892317619 783.8492818149275 387.9665075744153 389.73599461588094 391.92464090746375
 616614720 1 1565.792 1591.104 1593.44 773.9415603976303 775.0778327500904 787.6074472215978 386.97078019881513 387.5389163750452 393.8037236107989
 678276192 1 1733.6 1746.592 1751.104 774.6840758744198 776.6853300599109 782.5059898477158 387.3420379372099 388.34266502995547 391.2529949238579
 746103808 1 1903.552 1920.96 1926.688 774.4936471291667 776.8030651340996 783.9069360858017 387.24682356458334 388.4015325670498 391.95346804290085
 820714184 1 2099.776 2112.256 2116.992 775.3587958764132 777.0972685129076 781.7159392239935 387.6793979382066 388.5486342564538 390.85796961199674
 902785600 1 2313.888 2335.168 2344.224 770.221275782519 773.2082659577383 780.319185716854 385.1106378912595 386.60413297886913 390.159592858427
 993064160 1 2557.952 2571.232 2571.968 772.2212406997287 772.4422844768577 776.4525370296236 386.11062034986435 386.22114223842885 388.2262685148118
 
META_DATA
 FLOPS          8
 MPI_PROCS      1
 GPU_BLOCKS     320
 GPU_THREADS    512
 ERT_VERSION  1.1.0
 HOSTNAME  ('deepv.deep', [], ['10.2.8.6'])
 UNAME  uname_result(system='Linux', node='deepv', release='4.18.0-513.11.1.el8_9.0.1.x86_64', version='#1 SMP Sun Feb 11 10:42:18 UTC 2024', machine='x86_64')
 TIMESTAMP_DATA  1710682528.8672042
 CONFIG  {'ERT_RESULTS': ['Results.esb.deep.fz-juelich.de.01-gcc2023'], 'ERT_DRIVER': ['driver1'], 'ERT_KERNEL': ['kernel1'], 'ERT_MPI': ['True'], 'ERT_MPI_CFLAGS': ['-I', '/p/software/deep/stages/2023/software/psmpi/5.9.2-1-GCC-11.3.0/include'], 'ERT_MPI_LDFLAGS': ['-L', '/p/software/deep/stages/2023/software/psmpi/5.9.2-1-GCC-11.3.0/lib', '-lmpi'], 'ERT_GPU': ['True'], 'ERT_GPU_CFLAGS': ['-x', 'cu', '-arch=sm_70'], 'ERT_GPU_LDFLAGS': [], 'ERT_FLOPS': ['1,2,4,8,16,32,64,128'], 'ERT_ALIGN': ['64'], 'ERT_CC': ['nvcc'], 'ERT_CFLAGS': ['-O3'], 'ERT_LD': ['nvcc'], 'ERT_LDFLAGS': [], 'ERT_LDLIBS': [], 'ERT_PRECISION': ['FP64'], 'ERT_RUN': ['srun', '-p', 'dp-esb', '-n', 'ERT_MPI_PROCS', '-c', '8', 'ERT_CODE'], 'ERT_MPI_PROCS': ['1'], 'ERT_BLOCKS_THREADS': ['163840'], 'ERT_GPU_BLOCKS': ['80,160,320'], 'ERT_GPU_THREADS': ['256,512,1024'], 'ERT_NUM_EXPERIMENTS': ['5'], 'ERT_MEMORY_MAX': ['1073741824'], 'ERT_WORKING_SET_MIN': ['128'], 'ERT_TRIALS_MIN': ['1'], 'ERT_GNUPLOT': ['gnuplot'], 'ERT_OPENMP': [False], 'ERT_HIP': [False], 'ERT_OCL': [False], 'ERT_SYCL': [False], 'ERT_WSS_MULT': [1.1]}
 TIMESTAMP_DATA  1710682571.7715092
 TIMESTAMP_DATA  1710682628.352393
 TIMESTAMP_DATA  1710682670.5053005
 TIMESTAMP_DATA  1710682728.4991565
 