fp64
       24576            1           3.328        49152        12288
       24576            2           4.648        98304        24576
       24576            4          12.168       196608        49152
       24576            8           5.118       393216        98304
       24576           16           4.900       786432       196608
       24576           32           8.492      1572864       393216
       24576           64           4.166      3145728       786432
       24576          128           6.461      6291456      1572864
       24576          256          10.459     12582912      3145728
       24576          512          15.339     25165824      6291456
       24576         1024          34.030     50331648     12582912
       24576         2048          73.731    100663296     25165824
       24576         4096          94.434    201326592     50331648
       24576         8192         204.601    402653184    100663296
       24576        16384         371.265    805306368    201326592
       24576        32768         798.098   1610612736    402653184
       26880            1           2.256        53760        13440
       26880            2           4.030       107520        26880
       26880            4           3.566       215040        53760
       26880            8           3.768       430080       107520
       26880           16           4.505       860160       215040
       26880           32           6.007      1720320       430080
       26880           64           4.136      3440640       860160
       26880          128           6.998      6881280      1720320
       26880          256          11.508     13762560      3440640
       26880          512          20.077     27525120      6881280
       26880         1024          43.520     55050240     13762560
       26880         2048          54.600    110100480     27525120
       26880         4096         119.455    220200960     55050240
       26880         8192         202.492    440401920    110100480
       26880        16384         416.106    880803840    220200960
       26880        32768         784.559   1761607680    440401920
       29568            1           2.179        59136        14784
       29568            2           3.551       118272        29568
       29568            4           4.615       236544        59136
       29568            8           4.844       473088       118272
       29568           16           5.910       946176       236544
       29568           32           4.557      1892352       473088
       29568           64           4.727      3784704       946176
       29568          128           8.676      7569408      1892352
       29568          256          12.269     15138816      3784704
       29568          512          21.672     30277632      7569408
       29568         1024          48.806     60555264     15138816
       29568         2048          59.239    121110528     30277632
       29568         4096         128.145    242221056     60555264
       29568         8192         229.594    484442112    121110528
       29568        16384         459.429    968884224    242221056
       29568        32768         881.389   1937768448    484442112
       32448            1           3.321        64896        16224
       32448            2           4.408       129792        32448
       32448            4          14.950       259584        64896
       32448            8           5.313       519168       129792
       32448           16           3.738      1038336       259584
       32448           32           3.612      2076672       519168
       32448           64           8.211      4153344      1038336
       32448          128           6.625      8306688      2076672
       32448          256          14.998     16613376      4153344
       32448          512          24.670     33226752      8306688
       32448         1024          46.482     66453504     16613376
       32448         2048          65.404    132907008     33226752
       32448         4096         151.678    265814016     66453504
       32448         8192         243.053    531628032    132907008
       32448        16384         485.748   1063256064    265814016
       32448        32768         965.822   2126512128    531628032
       35520            1           3.262        71040        17760
       35520            2           5.012       142080        35520
       35520            4          14.444       284160        71040
       35520            8           4.725       568320       142080
       35520           16           6.061      1136640       284160
       35520           32           4.941      2273280       568320
       35520           64           5.836      4546560      1136640
       35520          128           8.231      9093120      2273280
       35520          256          13.348     18186240      4546560
       35520          512          30.454     36372480      9093120
       35520         1024          43.165     72744960     18186240
       35520         2048          70.846    145489920     36372480
       35520         4096         142.777    290979840     72744960
       35520         8192         268.657    581959680    145489920
       35520        16384         541.227   1163919360    290979840
       38976            1           5.455        77952        19488
       38976            2          13.775       155904        38976
       38976            4          13.586       311808        77952
       38976            8           3.581       623616       155904
       38976           16           4.862      1247232       311808
       38976           32           6.557      2494464       623616
       38976           64           6.448      4988928      1247232
       38976          128           9.664      9977856      2494464
       38976          256          14.742     19955712      4988928
       38976          512          27.600     39911424      9977856
       38976         1024          53.230     79822848     19955712
       38976         2048          77.406    159645696     39911424
       38976         4096         177.745    319291392     79822848
       38976         8192         295.093    638582784    159645696
       38976        16384         592.578   1277165568    319291392
       42816            1           3.075        85632        21408
       42816            2           4.363       171264        42816
       42816            4          25.619       342528        85632
       42816            8           3.820       685056       171264
       42816           16           4.237      1370112       342528
       42816           32           3.930      2740224       685056
       42816           64           5.651      5480448      1370112
       42816          128           9.312     10960896      2740224
       42816          256          17.310     21921792      5480448
       42816          512          29.319     43843584     10960896
       42816         1024          53.975     87687168     21921792
       42816         2048          81.443    175374336     43843584
       42816         4096         173.414    350748672     87687168
       42816         8192         338.692    701497344    175374336
       42816        16384         629.849   1402994688    350748672
       47040            1           1.953        94080        23520
       47040            2           3.913       188160        47040
       47040            4           4.573       376320        94080
       47040            8          14.051       752640       188160
       47040           16           4.227      1505280       376320
       47040           32           5.371      3010560       752640
       47040           64           7.873      6021120      1505280
       47040          128           9.633     12042240      3010560
       47040          256          18.832     24084480      6021120
       47040          512          38.967     48168960     12042240
       47040         1024          47.043     96337920     24084480
       47040         2048          88.325    192675840     48168960
       47040         4096         184.413    385351680     96337920
       47040         8192         338.505    770703360    192675840
       47040        16384         677.303   1541406720    385351680
       51648            1           4.968       103296        25824
       51648            2           3.614       206592        51648
       51648            4          10.272       413184       103296
       51648            8          21.302       826368       206592
       51648           16           3.601      1652736       413184
       51648           32           6.273      3305472       826368
       51648           64           7.164      6610944      1652736
       51648          128           9.226     13221888      3305472
       51648          256          18.661     26443776      6610944
       51648          512          40.753     52887552     13221888
       51648         1024          56.586    105775104     26443776
       51648         2048          95.424    211550208     52887552
       51648         4096         194.179    423100416    105775104
       51648         8192         368.513    846200832    211550208
       51648        16384         745.829   1692401664    423100416
       56640            1           3.454       113280        28320
       56640            2           3.727       226560        56640
       56640            4           5.090       453120       113280
       56640            8           3.206       906240       226560
       56640           16           3.810      1812480       453120
       56640           32           4.854      3624960       906240
       56640           64          22.649      7249920      1812480
       56640          128          11.054     14499840      3624960
       56640          256          21.882     28999680      7249920
       56640          512          40.428     57999360     14499840
       56640         1024          54.460    115998720     28999680
       56640         2048         106.048    231997440     57999360
       56640         4096         204.883    463994880    115998720
       56640         8192         405.085    927989760    231997440
       56640        16384         821.236   1855979520    463994880
       62208            1           2.287       124416        31104
       62208            2           4.353       248832        62208
       62208            4          13.131       497664       124416
       62208            8           4.097       995328       248832
       62208           16           5.071      1990656       497664
       62208           32           4.811      3981312       995328
       62208           64           6.595      7962624      1990656
       62208          128          12.425     15925248      3981312
       62208          256          22.351     31850496      7962624
       62208          512          42.323     63700992     15925248
       62208         1024          63.091    127401984     31850496
       62208         2048         125.440    254803968     63700992
       62208         4096         231.927    509607936    127401984
       62208         8192         471.111   1019215872    254803968
       62208        16384         929.567   2038431744    509607936
       68352            1           2.656       136704        34176
       68352            2           4.783       273408        68352
       68352            4          11.927       546816       136704
       68352            8           3.542      1093632       273408
       68352           16           4.940      2187264       546816
       68352           32           5.496      4374528      1093632
       68352           64           6.859      8749056      2187264
       68352          128          12.174     17498112      4374528
       68352          256          24.956     34996224      8749056
       68352          512          51.158     69992448     17498112
       68352         1024          65.185    139984896     34996224
       68352         2048         127.923    279969792     69992448
       68352         4096         257.139    559939584    139984896
       68352         8192         475.334   1119879168    279969792
       75072            1           4.130       150144        37536
       75072            2          19.977       300288        75072
       75072            4           3.636       600576       150144
       75072            8           5.470      1201152       300288
       75072           16           5.843      2402304       600576
       75072           32           5.551      4804608      1201152
       75072           64           8.473      9609216      2402304
       75072          128          15.958     19218432      4804608
       75072          256          45.107     38436864      9609216
       75072          512          47.464     76873728     19218432
       75072         1024          72.362    153747456     38436864
       75072         2048         141.951    307494912     76873728
       75072         4096         274.970    614989824    153747456
       75072         8192         566.189   1229979648    307494912
       82560            1           2.344       165120        41280
       82560            2           3.756       330240        82560
       82560            4           5.612       660480       165120
       82560            8           3.817      1320960       330240
       82560           16           2.948      2641920       660480
       82560           32           5.164      5283840      1320960
       82560           64           9.314     10567680      2641920
       82560          128          15.829     21135360      5283840
       82560          256          30.612     42270720     10567680
       82560          512          51.336     84541440     21135360
       82560         1024          79.264    169082880     42270720
       82560         2048         164.167    338165760     84541440
       82560         4096         317.118    676331520    169082880
       82560         8192         605.682   1352663040    338165760
       90816            1           4.039       181632        45408
       90816            2           9.889       363264        90816
       90816            4          18.085       726528       181632
       90816            8           3.960      1453056       363264
       90816           16           3.834      2906112       726528
       90816           32           8.198      5812224      1453056
       90816           64           9.390     11624448      2906112
       90816          128          17.920     23248896      5812224
       90816          256          36.143     46497792     11624448
       90816          512          49.692     92995584     23248896
       90816         1024          88.467    185991168     46497792
       90816         2048         163.065    371982336     92995584
       90816         4096         348.423    743964672    185991168
       90816         8192         650.581   1487929344    371982336
       99840            1          19.782       199680        49920
       99840            2          14.957       399360        99840
       99840            4           3.599       798720       199680
       99840            8           2.217      1597440       399360
       99840           16           3.510      3194880       798720
       99840           32           7.121      6389760      1597440
       99840           64          11.820     12779520      3194880
       99840          128          18.869     25559040      6389760
       99840          256          35.277     51118080     12779520
       99840          512          56.622    102236160     25559040
       99840         1024          93.407    204472320     51118080
       99840         2048         184.488    408944640    102236160
       99840         4096         361.946    817889280    204472320
       99840         8192         725.853   1635778560    408944640
      109824            1           2.842       219648        54912
      109824            2          37.573       439296       109824
      109824            4           2.195       878592       219648
      109824            8           5.179      1757184       439296
      109824           16           4.525      3514368       878592
      109824           32           9.928      7028736      1757184
      109824           64          10.539     14057472      3514368
      109824          128          20.595     28114944      7028736
      109824          256          41.069     56229888     14057472
      109824          512          53.769    112459776     28114944
      109824         1024         104.368    224919552     56229888
      109824         2048         208.247    449839104    112459776
      109824         4096         391.883    899678208    224919552
      109824         8192         787.061   1799356416    449839104
      120768            1           4.231       241536        60384
      120768            2           4.121       483072       120768
      120768            4          13.214       966144       241536
      120768            8           3.649      1932288       483072
      120768           16           5.805      3864576       966144
      120768           32           5.945      7729152      1932288
      120768           64          11.611     15458304      3864576
      120768          128          25.845     30916608      7729152
      120768          256          45.031     61833216     15458304
      120768          512          58.627    123666432     30916608
      120768         1024         117.279    247332864     61833216
      120768         2048         216.406    494665728    123666432
      120768         4096         443.155    989331456    247332864
      120768         8192         853.125   1978662912    494665728
      132672            1           4.331       265344        66336
      132672            2           3.722       530688       132672
      132672            4           6.187      1061376       265344
      132672            8           4.492      2122752       530688
      132672           16           5.002      4245504      1061376
      132672           32           7.988      8491008      2122752
      132672           64          12.874     16982016      4245504
      132672          128          25.287     33964032      8491008
      132672          256          46.069     67928064     16982016
      132672          512          63.585    135856128     33964032
      132672         1024         126.203    271712256     67928064
      132672         2048         236.037    543424512    135856128
      132672         4096         480.139   1086849024    271712256
      145920            1           4.038       291840        72960
      145920            2           4.135       583680       145920
      145920            4           3.874      1167360       291840
      145920            8          14.222      2334720       583680
      145920           16           6.948      4669440      1167360
      145920           32          10.254      9338880      2334720
      145920           64          14.432     18677760      4669440
      145920          128          26.407     37355520      9338880
      145920          256          50.343     74711040     18677760
      145920          512          71.265    149422080     37355520
      145920         1024         154.771    298844160     74711040
      145920         2048         258.185    597688320    149422080
      145920         4096         512.730   1195376640    298844160
      160512            1           4.337       321024        80256
      160512            2           4.103       642048       160512
      160512            4          26.697      1284096       321024
      160512            8           4.761      2568192       642048
      160512           16           5.375      5136384      1284096
      160512           32           9.595     10272768      2568192
      160512           64          16.020     20545536      5136384
      160512          128          30.560     41091072     10272768
      160512          256          48.637     82182144     20545536
      160512          512          74.849    164364288     41091072
      160512         1024         150.699    328728576     82182144
      160512         2048         281.370    657457152    164364288
      160512         4096         577.312   1314914304    328728576
      176448            1           3.863       352896        88224
      176448            2          13.584       705792       176448
      176448            4          12.945      1411584       352896
      176448            8           3.821      2823168       705792
      176448           16           5.542      5646336      1411584
      176448           32           9.668     11292672      2823168
      176448           64          15.003     22585344      5646336
      176448          128          29.687     45170688     11292672
      176448          256          73.016     90341376     22585344
      176448          512          81.763    180682752     45170688
      176448         1024         163.686    361365504     90341376
      176448         2048         311.021    722731008    180682752
      176448         4096         622.943   1445462016    361365504
      193920            1           5.887       387840        96960
      193920            2           3.044       775680       193920
      193920            4          15.329      1551360       387840
      193920            8           4.545      3102720       775680
      193920           16           5.718      6205440      1551360
      193920           32          11.530     12410880      3102720
      193920           64          21.602     24821760      6205440
      193920          128          34.723     49643520     12410880
      193920          256          55.827     99287040     24821760
      193920          512          88.815    198574080     49643520
      193920         1024         190.886    397148160     99287040
      193920         2048         338.202    794296320    198574080
      193920         4096         679.868   1588592640    397148160
      213312            1           4.553       426624       106656
      213312            2           3.153       853248       213312
      213312            4          20.877      1706496       426624
      213312            8           4.605      3412992       853248
      213312           16           5.972      6825984      1706496
      213312           32          10.315     13651968      3412992
      213312           64          19.229     27303936      6825984
      213312          128          36.483     54607872     13651968
      213312          256          57.174    109215744     27303936
      213312          512          97.114    218431488     54607872
      213312         1024         187.858    436862976    109215744
      213312         2048         370.873    873725952    218431488
      213312         4096         745.709   1747451904    436862976
      234624            1           4.279       469248       117312
      234624            2           3.924       938496       234624
      234624            4           6.010      1876992       469248
      234624            8          13.882      3753984       938496
      234624           16           7.595      7507968      1876992
      234624           32          11.121     15015936      3753984
      234624           64          22.425     30031872      7507968
      234624          128          42.629     60063744     15015936
      234624          256          55.801    120127488     30031872
      234624          512         105.507    240254976     60063744
      234624         1024         220.647    480509952    120127488
      234624         2048         404.035    961019904    240254976
      234624         4096         820.638   1922039808    480509952
      258048            1           5.135       516096       129024
      258048            2           6.094      1032192       258048
      258048            4          14.897      2064384       516096
      258048            8           6.436      4128768      1032192
      258048           16           6.928      8257536      2064384
      258048           32          12.670     16515072      4128768
      258048           64          23.424     33030144      8257536
      258048          128          43.495     66060288     16515072
      258048          256          60.667    132120576     33030144
      258048          512         116.180    264241152     66060288
      258048         1024         263.022    528482304    132120576
      258048         2048         445.235   1056964608    264241152
      258048         4096         898.411   2113929216    528482304
      283776            1           5.442       567552       141888
      283776            2           3.877      1135104       283776
      283776            4          13.495      2270208       567552
      283776            8          15.507      4540416      1135104
      283776           16           6.958      9080832      2270208
      283776           32          13.234     18161664      4540416
      283776           64          28.507     36323328      9080832
      283776          128          62.582     72646656     18161664
      283776          256          66.231    145293312     36323328
      283776          512         126.823    290586624     72646656
      283776         1024         246.049    581173248    145293312
      283776         2048         486.979   1162346496    290586624
      312000            1           5.035       624000       156000
      312000            2          18.564      1248000       312000
      312000            4          13.942      2496000       624000
      312000            8           6.021      4992000      1248000
      312000           16           9.793      9984000      2496000
      312000           32          14.042     19968000      4992000
      312000           64          29.963     39936000      9984000
      312000          128          50.892     79872000     19968000
      312000          256          72.292    159744000     39936000
      312000          512         140.602    319488000     79872000
      312000         1024         294.530    638976000    159744000
      312000         2048         537.525   1277952000    319488000
      343104            1           5.427       686208       171552
      343104            2           4.052      1372416       343104
      343104            4           4.576      2744832       686208
      343104            8           5.449      5489664      1372416
      343104           16           9.044     10979328      2744832
      343104           32          14.722     21958656      5489664
      343104           64          31.146     43917312     10979328
      343104          128          52.007     87834624     21958656
      343104          256          78.989    175669248     43917312
      343104          512         156.044    351338496     87834624
      343104         1024         295.660    702676992    175669248
      343104         2048         605.491   1405353984    351338496
      377280            1           8.090       754560       188640
      377280            2           4.271      1509120       377280
      377280            4          14.584      3018240       754560
      377280            8           5.506      6036480      1509120
      377280           16           9.443     12072960      3018240
      377280           32          17.310     24145920      6036480
      377280           64          28.459     48291840     12072960
      377280          128          55.368     96583680     24145920
      377280          256          85.306    193167360     48291840
      377280          512         185.770    386334720     96583680
      377280         1024         329.357    772669440    193167360
      377280         2048         652.235   1545338880    386334720
      414912            1           6.301       829824       207456
      414912            2          14.699      1659648       414912
      414912            4           3.216      3319296       829824
      414912            8           7.896      6638592      1659648
      414912           16          10.453     13277184      3319296
      414912           32          18.699     26554368      6638592
      414912           64          31.109     53108736     13277184
      414912          128          59.075    106217472     26554368
      414912          256          92.943    212434944     53108736
      414912          512         181.972    424869888    106217472
      414912         1024         376.250    849739776    212434944
      414912         2048         716.317   1699479552    424869888
      456384            1           6.663       912768       228192
      456384            2          14.052      1825536       456384
      456384            4           4.995      3651072       912768
      456384            8           7.593      7302144      1825536
      456384           16          11.959     14604288      3651072
      456384           32          22.400     29208576      7302144
      456384           64          42.558     58417152     14604288
      456384          128          58.113    116834304     29208576
      456384          256         103.173    233668608     58417152
      456384          512         197.997    467337216    116834304
      456384         1024         408.163    934674432    233668608
      456384         2048         792.771   1869348864    467337216
      501888            1           7.213      1003776       250944
      501888            2           3.467      2007552       501888
      501888            4          17.609      4015104      1003776
      501888            8           6.681      8030208      2007552
      501888           16          12.115     16060416      4015104
      501888           32          22.265     32120832      8030208
      501888           64          43.376     64241664     16060416
      501888          128          62.197    128483328     32120832
      501888          256         111.362    256966656     64241664
      501888          512         216.875    513933312    128483328
      501888         1024         450.657   1027866624    256966656
      501888         2048         864.590   2055733248    513933312
      552000            1           8.302      1104000       276000
      552000            2          19.543      2208000       552000
      552000            4           4.306      4416000      1104000
      552000            8           8.508      8832000      2208000
      552000           16          12.295     17664000      4416000
      552000           32          26.814     35328000      8832000
      552000           64          48.990     70656000     17664000
      552000          128          64.714    141312000     35328000
      552000          256         122.620    282624000     70656000
      552000          512         258.945    565248000    141312000
      552000         1024         477.243   1130496000    282624000
      607104            1          35.498      1214208       303552
      607104            2           2.979      2428416       607104
      607104            4           5.863      4856832      1214208
      607104            8           7.725      9713664      2428416
      607104           16          13.679     19427328      4856832
      607104           32          28.617     38854656      9713664
      607104           64          48.246     77709312     19427328
      607104          128          70.978    155418624     38854656
      607104          256         133.166    310837248     77709312
      607104          512         270.470    621674496    155418624
      607104         1024         527.685   1243348992    310837248
      667776            1           9.757      1335552       333888
      667776            2           6.380      2671104       667776
      667776            4          17.858      5342208      1335552
      667776            8          10.863     10684416      2671104
      667776           16          14.483     21368832      5342208
      667776           32          31.680     42737664     10684416
      667776           64          52.178     85475328     21368832
      667776          128          78.504    170950656     42737664
      667776          256         147.950    341901312     85475328
      667776          512         311.395    683802624    170950656
      667776         1024         569.677   1367605248    341901312
      734400            1           8.959      1468800       367200
      734400            2          15.643      2937600       734400
      734400            4          15.743      5875200      1468800
      734400            8          11.359     11750400      2937600
      734400           16          18.341     23500800      5875200
      734400           32          28.668     47001600     11750400
      734400           64          52.151     94003200     23500800
      734400          128          84.825    188006400     47001600
      734400          256         167.721    376012800     94003200
      734400          512         318.712    752025600    188006400
      734400         1024         640.265   1504051200    376012800
      807744            1           9.327      1615488       403872
      807744            2          13.775      3230976       807744
      807744            4          14.918      6461952      1615488
      807744            8          11.759     12923904      3230976
      807744           16          18.333     25847808      6461952
      807744           32          36.209     51695616     12923904
      807744           64          76.029    103391232     25847808
      807744          128          97.172    206782464     51695616
      807744          256         192.106    413564928    103391232
      807744          512         369.820    827129856    206782464
      807744         1024         752.088   1654259712    413564928
      888384            1          10.876      1776768       444192
      888384            2          13.915      3553536       888384
      888384            4           8.124      7107072      1776768
      888384            8          11.480     14214144      3553536
      888384           16          22.675     28428288      7107072
      888384           32          40.268     56856576     14214144
      888384           64          68.494    113713152     28428288
      888384          128         144.157    227426304     56856576
      888384          256         240.862    454852608    113713152
      888384          512         483.976    909705216    227426304
      888384         1024         962.105   1819410432    454852608
      977088            1          10.641      1954176       488544
      977088            2          16.569      3908352       977088
      977088            4           5.379      7816704      1954176
      977088            8          13.635     15633408      3908352
      977088           16          22.702     31266816      7816704
      977088           32          46.004     62533632     15633408
      977088           64          73.918    125067264     31266816
      977088          128         139.776    250134528     62533632
      977088          256         264.205    500269056    125067264
      977088          512         539.155   1000538112    250134528
      977088         1024        1053.063   2001076224    500269056
     1074624            1          12.095      2149248       537312
     1074624            2           6.310      4298496      1074624
     1074624            4          19.033      8596992      2149248
     1074624            8          14.604     17193984      4298496
     1074624           16          26.237     34387968      8596992
     1074624           32          52.462     68775936     17193984
     1074624           64          78.207    137551872     34387968
     1074624          128         165.579    275103744     68775936
     1074624          256         292.671    550207488    137551872
     1074624          512         576.533   1100414976    275103744
     1181952            1          13.374      2363904       590976
     1181952            2          15.201      4727808      1181952
     1181952            4           8.820      9455616      2363904
     1181952            8          13.465     18911232      4727808
     1181952           16          29.304     37822464      9455616
     1181952           32          56.212     75644928     18911232
     1181952           64          84.369    151289856     37822464
     1181952          128         164.779    302579712     75644928
     1181952          256         340.195    605159424    151289856
     1181952          512         633.817   1210318848    302579712
     1300032            1          50.182      2600064       650016
     1300032            2           6.632      5200128      1300032
     1300032            4          11.234     10400256      2600064
     1300032            8          19.159     20800512      5200128
     1300032           16          31.602     41601024     10400256
     1300032           32          57.034     83202048     20800512
     1300032           64          92.767    166404096     41601024
     1300032          128         181.207    332808192     83202048
     1300032          256         350.767    665616384    166404096
     1300032          512         707.429   1331232768    332808192
     1430016            1          30.689      2860032       715008
     1430016            2           6.023      5720064      1430016
     1430016            4          10.471     11440128      2860032
     1430016            8          17.408     22880256      5720064
     1430016           16          50.022     45760512     11440128
     1430016           32          59.888     91521024     22880256
     1430016           64         101.326    183042048     45760512
     1430016          128         198.207    366084096     91521024
     1430016          256         386.984    732168192    183042048
     1430016          512         777.759   1464336384    366084096
     1572864            1          17.708      3145728       786432
     1572864            2          17.153      6291456      1572864
     1572864            4          13.701     12582912      3145728
     1572864            8          18.572     25165824      6291456
     1572864           16          52.061     50331648     12582912
     1572864           32          64.003    100663296     25165824
     1572864           64         110.689    201326592     50331648
     1572864          128         215.084    402653184    100663296
     1572864          256         425.798    805306368    201326592
     1572864          512         851.019   1610612736    402653184
     1730112            1          18.641      3460224       865056
     1730112            2           9.262      6920448      1730112
     1730112            4          14.079     13840896      3460224
     1730112            8          20.605     27681792      6920448
     1730112           16          39.131     55363584     13840896
     1730112           32          70.666    110727168     27681792
     1730112           64         120.369    221454336     55363584
     1730112          128         238.530    442908672    110727168
     1730112          256         481.300    885817344    221454336
     1730112          512         935.153   1771634688    442908672
     1903104            1          33.789      3806208       951552
     1903104            2           9.076      7612416      1903104
     1903104            4          15.095     15224832      3806208
     1903104            8          23.619     30449664      7612416
     1903104           16          42.302     60899328     15224832
     1903104           32          72.278    121798656     30449664
     1903104           64         143.067    243597312     60899328
     1903104          128         280.110    487194624    121798656
     1903104          256         514.406    974389248    243597312
     1903104          512        1030.480   1948778496    487194624
     2093376            1          33.904      4186752      1046688
     2093376            2           9.561      8373504      2093376
     2093376            4          15.554     16747008      4186752
     2093376            8          41.060     33494016      8373504
     2093376           16          47.118     66988032     16747008
     2093376           32          77.932    133976064     33494016
     2093376           64         147.766    267952128     66988032
     2093376          128         289.704    535904256    133976064
     2093376          256         568.586   1071808512    267952128
     2093376          512        1125.172   2143617024    535904256
     2302656            1          37.591      4605312      1151328
     2302656            2          10.314      9210624      2302656
     2302656            4          18.442     18421248      4605312
     2302656            8          28.320     36842496      9210624
     2302656           16          53.862     73684992     18421248
     2302656           32          84.011    147369984     36842496
     2302656           64         177.422    294739968     73684992
     2302656          128         311.900    589479936    147369984
     2302656          256         617.949   1178959872    294739968
     2532864            1          35.906      5065728      1266432
     2532864            2          10.525     10131456      2532864
     2532864            4          19.499     20262912      5065728
     2532864            8          32.070     40525824     10131456
     2532864           16          57.102     81051648     20262912
     2532864           32          91.848    162103296     40525824
     2532864           64         174.962    324206592     81051648
     2532864          128         357.489    648413184    162103296
     2532864          256         680.441   1296826368    324206592
     2786112            1          37.706      5572224      1393056
     2786112            2          13.195     11144448      2786112
     2786112            4          22.958     22288896      5572224
     2786112            8          37.333     44577792     11144448
     2786112           16          74.512     89155584     22288896
     2786112           32         140.940    178311168     44577792
     2786112           64         278.900    356622336     89155584
     2786112          128         567.897    713244672    178311168
     2786112          256        1120.704   1426489344    356622336
     3064704            1          44.220      6129408      1532352
     3064704            2          31.933     12258816      3064704
     3064704            4          22.701     24517632      6129408
     3064704            8          41.892     49035264     12258816
     3064704           16          80.489     98070528     24517632
     3064704           32         156.636    196141056     49035264
     3064704           64         303.532    392282112     98070528
     3064704          128         621.526    784564224    196141056
     3064704          256        1207.375   1569128448    392282112
     3371136            1          51.150      6742272      1685568
     3371136            2          12.176     13484544      3371136
     3371136            4          24.219     26969088      6742272
     3371136            8          59.859     53938176     13484544
     3371136           16          67.810    107876352     26969088
     3371136           32         117.877    215752704     53938176
     3371136           64         231.773    431505408    107876352
     3371136          128         459.323    863010816    215752704
     3371136          256         915.854   1726021632    431505408
     3708096            1          51.375      7416192      1854048
     3708096            2          15.423     14832384      3708096
     3708096            4          23.691     29664768      7416192
     3708096            8          45.368     59329536     14832384
     3708096           16          72.194    118659072     29664768
     3708096           32         133.177    237318144     59329536
     3708096           64         255.382    474636288    118659072
     3708096          128         514.269    949272576    237318144
     3708096          256        1005.547   1898545152    474636288
     4078848            1          54.248      8157696      2039424
     4078848            2          15.669     16315392      4078848
     4078848            4          26.240     32630784      8157696
     4078848            8          48.376     65261568     16315392
     4078848           16          82.705    130523136     32630784
     4078848           32         161.167    261046272     65261568
     4078848           64         277.810    522092544    130523136
     4078848          128         549.825   1044185088    261046272
     4078848          256        1111.178   2088370176    522092544
     4486656            1          57.729      8973312      2243328
     4486656            2          20.128     17946624      4486656
     4486656            4          29.009     35893248      8973312
     4486656            8          51.414     71786496     17946624
     4486656           16          88.814    143572992     35893248
     4486656           32         158.481    287145984     71786496
     4486656           64         321.589    574291968    143572992
     4486656          128         604.234   1148583936    287145984
     4935168            1          82.528      9870336      2467584
     4935168            2          21.514     19740672      4935168
     4935168            4          30.435     39481344      9870336
     4935168            8          55.365     78962688     19740672
     4935168           16          94.968    157925376     39481344
     4935168           32         172.071    315850752     78962688
     4935168           64         337.087    631701504    157925376
     4935168          128         677.093   1263403008    315850752
     5428608            1          67.687     10857216      2714304
     5428608            2          20.398     21714432      5428608
     5428608            4          35.079     43428864     10857216
     5428608            8          63.490     86857728     21714432
     5428608           16         115.665    173715456     43428864
     5428608           32         189.335    347430912     86857728
     5428608           64         369.084    694861824    173715456
     5428608          128         740.471   1389723648    347430912
     5971392            1          68.233     11942784      2985696
     5971392            2          23.154     23885568      5971392
     5971392            4          37.608     47771136     11942784
     5971392            8          69.729     95542272     23885568
     5971392           16         109.294    191084544     47771136
     5971392           32         207.269    382169088     95542272
     5971392           64         406.670    764338176    191084544
     5971392          128         816.809   1528676352    382169088
     6568512            1          80.849     13137024      3284256
     6568512            2          25.057     26274048      6568512
     6568512            4          41.654     52548096     13137024
     6568512            8          75.791    105096192     26274048
     6568512           16         137.828    210192384     52548096
     6568512           32         230.585    420384768    105096192
     6568512           64         446.644    840769536    210192384
     6568512          128         893.643   1681539072    420384768
     7225344            1         106.017     14450688      3612672
     7225344            2          28.987     28901376      7225344
     7225344            4          48.641     57802752     14450688
     7225344            8          80.613    115605504     28901376
     7225344           16         132.533    231211008     57802752
     7225344           32         250.898    462422016    115605504
     7225344           64         502.462    924844032    231211008
     7225344          128         980.110   1849688064    462422016
     7947840            1          93.397     15895680      3973920
     7947840            2          30.469     31791360      7947840
     7947840            4          51.714     63582720     15895680
     7947840            8          83.370    127165440     31791360
     7947840           16         143.264    254330880     63582720
     7947840           32         292.286    508661760    127165440
     7947840           64         538.609   1017323520    254330880
     7947840          128        1076.084   2034647040    508661760
     8742528            1         118.705     17485056      4371264
     8742528            2          33.474     34970112      8742528
     8742528            4          55.875     69940224     17485056
     8742528            8          90.211    139880448     34970112
     8742528           16         156.794    279760896     69940224
     8742528           32         301.840    559521792    139880448
     8742528           64         605.368   1119043584    279760896
     9616704            1         111.397     19233408      4808352
     9616704            2          34.937     38466816      9616704
     9616704            4          62.881     76933632     19233408
     9616704            8          96.860    153867264     38466816
     9616704           16         191.704    307734528     76933632
     9616704           32         327.439    615469056    153867264
     9616704           64         662.431   1230938112    307734528
    10578240            1         119.593     21156480      5289120
    10578240            2          37.927     42312960     10578240
    10578240            4          63.349     84625920     21156480
    10578240            8         102.895    169251840     42312960
    10578240           16         188.716    338503680     84625920
    10578240           32         380.566    677007360    169251840
    10578240           64         729.207   1354014720    338503680
    11635968            1         133.166     23271936      5817984
    11635968            2          40.872     46543872     11635968
    11635968            4          70.819     93087744     23271936
    11635968            8         111.935    186175488     46543872
    11635968           16         208.350    372350976     93087744
    11635968           32         419.238    744701952    186175488
    11635968           64         798.089   1489403904    372350976
    12799488            1         139.684     25598976      6399744
    12799488            2          45.644     51197952     12799488
    12799488            4          76.911    102395904     25598976
    12799488            8         123.211    204791808     51197952
    12799488           16         227.246    409583616    102395904
    12799488           32         462.051    819167232    204791808
    12799488           64         878.761   1638334464    409583616
    14079360            1         147.170     28158720      7039680
    14079360            2          50.413     56317440     14079360
    14079360            4          82.601    112634880     28158720
    14079360            8         134.836    225269760     56317440
    14079360           16         251.670    450539520    112634880
    14079360           32         501.810    901079040    225269760
    14079360           64         961.302   1802158080    450539520
    15487296            1         177.808     30974592      7743648
    15487296            2          54.838     61949184     15487296
    15487296            4          91.917    123898368     30974592
    15487296            8         165.660    247796736     61949184
    15487296           16         276.707    495593472    123898368
    15487296           32         533.955    991186944    247796736
    15487296           64        1070.733   1982373888    495593472
    17035968            1         183.598     34071936      8517984
    17035968            2          64.268     68143872     17035968
    17035968            4          97.160    136287744     34071936
    17035968            8         161.462    272575488     68143872
    17035968           16         322.959    545150976    136287744
    17035968           32         587.374   1090301952    272575488
    18739392            1         213.142     37478784      9369696
    18739392            2          91.381     74957568     18739392
    18739392            4         107.846    149915136     37478784
    18739392            8         176.403    299830272     74957568
    18739392           16         335.937    599660544    149915136
    18739392           32         655.776   1199321088    299830272
    20613312            1         228.169     41226624     10306656
    20613312            2          79.379     82453248     20613312
    20613312            4         120.722    164906496     41226624
    20613312            8         219.875    329812992     82453248
    20613312           16         365.347    659625984    164906496
    20613312           32         717.755   1319251968    329812992
    22674624            1         243.689     45349248     11337312
    22674624            2          94.983     90698496     22674624
    22674624            4         123.535    181396992     45349248
    22674624            8         242.331    362793984     90698496
    22674624           16         406.051    725587968    181396992
    22674624           32         796.147   1451175936    362793984
    24941952            1         229.554     49883904     12470976
    24941952            2         101.345     99767808     24941952
    24941952            4         156.584    199535616     49883904
    24941952            8         241.458    399071232     99767808
    24941952           16         453.672    798142464    199535616
    24941952           32         876.174   1596284928    399071232
    27436032            1         220.518     54872064     13718016
    27436032            2         160.640    109744128     27436032
    27436032            4         170.594    219488256     54872064
    27436032            8         279.227    438976512    109744128
    27436032           16         543.346    877953024    219488256
    27436032           32        1016.554   1755906048    438976512
    30179520            1         169.219     60359040     15089760
    30179520            2         133.031    120718080     30179520
    30179520            4         178.802    241436160     60359040
    30179520            8         331.152    482872320    120718080
    30179520           16         581.518    965744640    241436160
    30179520           32        1152.140   1931489280    482872320
    33197376            1         180.993     66394752     16598688
    33197376            2         153.737    132789504     33197376
    33197376            4         203.097    265579008     66394752
    33197376            8         370.577    531158016    132789504
    33197376           16         650.065   1062316032    265579008
    33197376           32        1286.095   2124632064    531158016
    36517056            1         210.122     73034112     18258528
    36517056            2         184.446    146068224     36517056
    36517056            4         247.985    292136448     73034112
    36517056            8         404.884    584272896    146068224
    36517056           16         748.170   1168545792    292136448
    40168704            1         236.588     80337408     20084352
    40168704            2         216.931    160674816     40168704
    40168704            4         271.972    321349632     80337408
    40168704            8         442.012    642699264    160674816
    40168704           16         829.409   1285398528    321349632
    44185536            1         242.191     88371072     22092768
    44185536            2         256.463    176742144     44185536
    44185536            4         287.379    353484288     88371072
    44185536            8         488.399    706968576    176742144
    44185536           16         907.706   1413937152    353484288
    48604032            1         264.418     97208064     24302016
    48604032            2         271.038    194416128     48604032
    48604032            4         322.323    388832256     97208064
    48604032            8         568.606    777664512    194416128
    48604032           16        1029.861   1555329024    388832256
    53464320            1         324.501    106928640     26732160
    53464320            2         337.083    213857280     53464320
    53464320            4         391.866    427714560    106928640
    53464320            8         712.584    855429120    213857280
    53464320           16        1284.482   1710858240    427714560
    58810752            1         359.593    117621504     29405376
    58810752            2         399.995    235243008     58810752
    58810752            4         519.365    470486016    117621504
    58810752            8         894.599    940972032    235243008
    58810752           16        1582.387   1881944064    470486016
    64691712            1         402.344    129383424     32345856
    64691712            2         498.530    258766848     64691712
    64691712            4         633.219    517533696    129383424
    64691712            8        1101.449   1035067392    258766848
    64691712           16        1986.835   2070134784    517533696
    71160768            1         481.384    142321536     35580384
    71160768            2         650.542    284643072     71160768
    71160768            4         847.370    569286144    142321536
    71160768            8        2244.657   1138572288    284643072
    78276672            1         511.650    156553344     39138336
    78276672            2         866.457    313106688     78276672
    78276672            4        1129.280    626213376    156553344
    78276672            8        1924.784   1252426752    313106688
    86104320            1         626.994    172208640     43052160
    86104320            2        1085.453    344417280     86104320
    86104320            4        1429.436    688834560    172208640
    86104320            8        2388.995   1377669120    344417280
    94714752            1         720.305    189429504     47357376
    94714752            2        1251.941    378859008     94714752
    94714752            4        1736.992    757718016    189429504
    94714752            8        2941.270   1515436032    378859008
   104186112            1         826.496    208372224     52093056
   104186112            2        1478.893    416744448    104186112
   104186112            4        2058.544    833488896    208372224
   104186112            8        3467.560   1666977792    416744448
   114604608            1         903.718    229209216     57302304
   114604608            2        1684.629    458418432    114604608
   114604608            4        2427.764    916836864    229209216
   114604608            8        4176.758   1833673728    458418432
   126064896            1        1028.323    252129792     63032448
   126064896            2        1922.772    504259584    126064896
   126064896            4        2841.453   1008519168    252129792
   126064896            8        4856.312   2017038336    504259584
   138671232            1        1185.728    277342464     69335616
   138671232            2        2220.141    554684928    138671232
   138671232            4        3277.742   1109369856    277342464
   152538240            1        1309.904    305076480     76269120
   152538240            2        2509.809    610152960    152538240
   152538240            4        3683.556   1220305920    305076480
   167792064            1        1459.469    335584128     83896032
   167792064            2        2812.354    671168256    167792064
   167792064            4        4226.345   1342336512    335584128
   184571136            1        1674.409    369142272     92285568
   184571136            2        3197.181    738284544    184571136
   184571136            4        4727.982   1476569088    369142272
   203028096            1        1865.938    406056192    101514048
   203028096            2        3585.157    812112384    203028096
   203028096            4        5332.163   1624224768    406056192
   223330752            1        2052.687    446661504    111665376
   223330752            2        4011.056    893323008    223330752
   223330752            4        6050.361   1786646016    446661504
   245663808            1        2380.312    491327616    122831904
   245663808            2        4511.070    982655232    245663808
   245663808            4        6760.002   1965310464    491327616
   270230016            1        2557.128    540460032    135115008
   270230016            2        5040.949   1080920064    270230016
   297252864            1        2857.026    594505728    148626432
   297252864            2        5575.847   1189011456    297252864
   326978112            1        3201.084    653956224    163489056
   326978112            2        6208.156   1307912448    326978112
   359675904            1        3557.324    719351808    179837952
   359675904            2        6938.177   1438703616    359675904
   395643456            1        3893.953    791286912    197821728
   395643456            2        7765.864   1582573824    395643456
   435207744            1        4402.681    870415488    217603872
   435207744            2        8531.222   1740830976    435207744
   478728384            1        4821.620    957456768    239364192
   478728384            2        9592.829   1914913536    478728384
   526601088            1        5369.608   1053202176    263300544
   526601088            2       10578.921   2106404352    526601088
   579261120            1        5916.842   1158522240    289630560
   637187136            1        7027.977   1274374272    318593568
   700905792            1        7210.195   1401811584    350452896
   770996352            1        7957.858   1541992704    385498176
   848095872            1        8772.670   1696191744    424047936
   932905344            1        9684.819   1865810688    466452672
  1026195840            1       10706.443   2052391680    513097920

META_DATA
FLOPS          4
MPI_PROCS      1
OPENMP_THREADS 24
ERT_VERSION  1.1.0
HOSTNAME  ('deepv.deep', [], ['10.2.8.6'])
UNAME  uname_result(system='Linux', node='deepv', release='4.18.0-513.11.1.el8_9.0.1.x86_64', version='#1 SMP Sun Feb 11 10:42:18 UTC 2024', machine='x86_64')
TIMESTAMP_DATA  1710501642.2830305
CONFIG  {'ERT_RESULTS': ['Results.cn.deep.fz-juelich.de.01.gcc2023-O3'], 'ERT_DRIVER': ['driver1'], 'ERT_KERNEL': ['kernel1'], 'ERT_MPI': ['True'], 'ERT_MPI_CFLAGS': ['-I', '/p/software/deep/stages/2023/software/psmpi/5.9.2-1-GCC-11.3.0/include'], 'ERT_MPI_LDFLAGS': ['-L', '/p/software/deep/stages/2023/software/psmpi/5.9.2-1-GCC-11.3.0/lib', '-lmpi'], 'ERT_OPENMP': ['True'], 'ERT_OPENMP_CFLAGS': ['-fopenmp'], 'ERT_OPENMP_LDFLAGS': ['-fopenmp'], 'ERT_FLOPS': ['1,2,4,8,16,64,128'], 'ERT_ALIGN': ['64'], 'ERT_CC': ['mpicxx'], 'ERT_CFLAGS': ['-g', '-O3', '-mavx'], 'ERT_LD': ['mpicxx'], 'ERT_LDFLAGS': [], 'ERT_LDLIBS': [], 'ERT_PRECISION': ['FP64'], 'ERT_RUN': ['export', 'OMP_NUM_THREADS=ERT_OPENMP_THREADS;', 'export', 'OMP_PLACES="cores(ERT_OPENMP_THREADS)";', 'srun', '-p', 'dp-cn', '-n', 'ERT_MPI_PROCS', '-c', '48', '--ntasks-per-node', '1', 'ERT_CODE'], 'ERT_PROCS_THREADS': ['24'], 'ERT_MPI_PROCS': ['1'], 'ERT_OPENMP_THREADS': ['24'], 'ERT_NUM_EXPERIMENTS': ['5'], 'ERT_MEMORY_MAX': ['1073741824'], 'ERT_WORKING_SET_MIN': ['128'], 'ERT_TRIALS_MIN': ['1'], 'ERT_GNUPLOT': ['gnuplot'], 'ERT_GPU': [False], 'ERT_HIP': [False], 'ERT_OCL': [False], 'ERT_SYCL': [False], 'ERT_WSS_MULT': [1.1]}
