fp64
       24576            1           6.026        49152       196608
       24576            2           7.995        98304       393216
       24576            4          12.805       196608       786432
       24576            8          23.384       393216      1572864
       24576           16          44.047       786432      3145728
       24576           32         104.093      1572864      6291456
       24576           64         169.671      3145728     12582912
       24576          128         311.200      6291456     25165824
       24576          256         632.912     12582912     50331648
       24576          512        1249.916     25165824    100663296
       24576         1024        2500.744     50331648    201326592
       24576         2048        4993.554    100663296    402653184
       24576         4096        9999.856    201326592    805306368
       24576         8192       19993.311    402653184   1610612736
       24576        16384       39926.350    805306368   3221225472
       24576        32768       79831.321   1610612736   6442450944
       26880            1           4.347        53760       215040
       26880            2           6.312       107520       430080
       26880            4          11.713       215040       860160
       26880            8          25.144       430080      1720320
       26880           16          47.559       860160      3440640
       26880           32          97.483      1720320      6881280
       26880           64         172.345      3440640     13762560
       26880          128         340.369      6881280     27525120
       26880          256         689.801     13762560     55050240
       26880          512        1362.558     27525120    110100480
       26880         1024        2733.268     55050240    220200960
       26880         2048        5464.096    110100480    440401920
       26880         4096       10916.027    220200960    880803840
       26880         8192       21816.003    440401920   1761607680
       26880        16384       43641.130    880803840   3523215360
       26880        32768       87290.061   1761607680   7046430720
       29568            1           4.452        59136       236544
       29568            2           7.140       118272       473088
       29568            4          15.563       236544       946176
       29568            8          25.949       473088      1892352
       29568           16          53.218       946176      3784704
       29568           32         105.577      1892352      7569408
       29568           64         191.693      3784704     15138816
       29568          128         375.404      7569408     30277632
       29568          256         757.870     15138816     60555264
       29568          512        1509.938     30277632    121110528
       29568         1024        3006.209     60555264    242221056
       29568         2048        6007.669    121110528    484442112
       29568         4096       12012.614    242221056    968884224
       29568         8192       24020.531    484442112   1937768448
       29568        16384       48049.540    968884224   3875536896
       29568        32768       96182.696   1937768448   7751073792
       32448            1           5.485        64896       259584
       32448            2           7.253       129792       519168
       32448            4          15.199       259584      1038336
       32448            8          29.493       519168      2076672
       32448           16          60.129      1038336      4153344
       32448           32         127.151      2076672      8306688
       32448           64         208.443      4153344     16613376
       32448          128         413.076      8306688     33226752
       32448          256         834.792     16613376     66453504
       32448          512        1661.246     33226752    132907008
       32448         1024        3313.271     66453504    265814016
       32448         2048        6650.616    132907008    531628032
       32448         4096       13254.528    265814016   1063256064
       32448         8192       26517.649    531628032   2126512128
       32448        16384       53016.055   1063256064   4253024256
       32448        32768      110752.640   2126512128   8506048512
       35520            1           4.281        71040       284160
       35520            2           7.803       142080       568320
       35520            4          17.829       284160      1136640
       35520            8          32.563       568320      2273280
       35520           16          63.532      1136640      4546560
       35520           32         118.346      2273280      9093120
       35520           64         226.238      4546560     18186240
       35520          128         463.314      9093120     36372480
       35520          256         899.733     18186240     72744960
       35520          512        1814.489     36372480    145489920
       35520         1024        3628.665     72744960    290979840
       35520         2048        7281.423    145489920    581959680
       35520         4096       14504.756    290979840   1163919360
       35520         8192       28997.875    581959680   2327838720
       35520        16384       59351.752   1163919360   4655677440
       38976            1           5.599        77952       311808
       38976            2           9.156       155904       623616
       38976            4          17.398       311808      1247232
       38976            8          36.138       623616      2494464
       38976           16          72.913      1247232      4988928
       38976           32         125.809      2494464      9977856
       38976           64         248.688      4988928     19955712
       38976          128         505.141      9977856     39911424
       38976          256         996.960     19955712     79822848
       38976          512        1991.571     39911424    159645696
       38976         1024        3970.889     79822848    319291392
       38976         2048        7957.725    159645696    638582784
       38976         4096       15905.726    319291392   1277165568
       38976         8192       31812.988    638582784   2554331136
       38976        16384       63673.360   1277165568   5108662272
       42816            1           7.387        85632       342528
       42816            2           9.357       171264       685056
       42816            4          18.025       342528      1370112
       42816            8          39.173       685056      2740224
       42816           16          77.882      1370112      5480448
       42816           32         155.005      2740224     10960896
       42816           64         274.552      5480448     21921792
       42816          128         542.692     10960896     43843584
       42816          256        1093.335     21921792     87687168
       42816          512        2192.728     43843584    175374336
       42816         1024        4362.621     87687168    350748672
       42816         2048        8734.911    175374336    701497344
       42816         4096       17460.388    350748672   1402994688
       42816         8192       35910.920    701497344   2805989376
       42816        16384       70420.585   1402994688   5611978752
       47040            1           7.386        94080       376320
       47040            2          11.970       188160       752640
       47040            4          22.772       376320      1505280
       47040            8          42.152       752640      3010560
       47040           16          86.298      1505280      6021120
       47040           32         149.650      3010560     12042240
       47040           64         298.254      6021120     24084480
       47040          128         612.147     12042240     48168960
       47040          256        1198.068     24084480     96337920
       47040          512        2403.878     48168960    192675840
       47040         1024        4796.011     96337920    385351680
       47040         2048        9581.026    192675840    770703360
       47040         4096       19169.952    385351680   1541406720
       47040         8192       38352.513    770703360   3082813440
       47040        16384       77712.491   1541406720   6165626880
       51648            1           6.463       103296       413184
       51648            2          11.780       206592       826368
       51648            4          21.583       413184      1652736
       51648            8          44.767       826368      3305472
       51648           16          91.801      1652736      6610944
       51648           32         164.343      3305472     13221888
       51648           64         326.785      6610944     26443776
       51648          128         663.755     13221888     52887552
       51648          256        1314.614     26443776    105775104
       51648          512        2634.045     52887552    211550208
       51648         1024        5261.136    105775104    423100416
       51648         2048       10525.029    211550208    846200832
       51648         4096       21044.618    423100416   1692401664
       51648         8192       42085.653    846200832   3384803328
       51648        16384       84171.530   1692401664   6769606656
       56640            1           5.335       113280       453120
       56640            2          10.729       226560       906240
       56640            4          23.460       453120      1812480
       56640            8          47.327       906240      3624960
       56640           16         115.114      1812480      7249920
       56640           32         180.826      3624960     14499840
       56640           64         359.836      7249920     28999680
       56640          128         725.371     14499840     57999360
       56640          256        1440.337     28999680    115998720
       56640          512        2885.738     57999360    231997440
       56640         1024        5770.870    115998720    463994880
       56640         2048       11552.817    231997440    927989760
       56640         4096       24058.654    463994880   1855979520
       56640         8192       46144.983    927989760   3711959040
       56640        16384       92290.965   1855979520   7423918080
       62208            1           8.270       124416       497664
       62208            2          11.547       248832       995328
       62208            4          26.943       497664      1990656
       62208            8          53.032       995328      3981312
       62208           16         126.316      1990656      7962624
       62208           32         197.622      3981312     15925248
       62208           64         391.373      7962624     31850496
       62208          128         793.074     15925248     63700992
       62208          256        1582.216     31850496    127401984
       62208          512        3156.473     63700992    254803968
       62208         1024        6309.921    127401984    509607936
       62208         2048       12628.437    254803968   1019215872
       62208         4096       25245.686    509607936   2038431744
       62208         8192       51903.516   1019215872   4076863488
       62208        16384      101020.997   2038431744   8153726976
       68352            1           8.551       136704       546816
       68352            2          13.571       273408      1093632
       68352            4          28.406       546816      2187264
       68352            8          60.619      1093632      4374528
       68352           16         114.278      2187264      8749056
       68352           32         233.293      4374528     17498112
       68352           64         431.890      8749056     34996224
       68352          128         868.771     17498112     69992448
       68352          256        1736.646     34996224    139984896
       68352          512        3462.885     69992448    279969792
       68352         1024        6940.872    139984896    559939584
       68352         2048       13888.918    279969792   1119879168
       68352         4096       27773.037    559939584   2239758336
       68352         8192       55484.411   1119879168   4479516672
       75072            1           8.888       150144       600576
       75072            2          15.457       300288      1201152
       75072            4          31.839       600576      2402304
       75072            8          65.446      1201152      4804608
       75072           16         123.581      2402304      9609216
       75072           32         236.640      4804608     19218432
       75072           64         484.630      9609216     38436864
       75072          128         947.645     19218432     76873728
       75072          256        1908.931     38436864    153747456
       75072          512        3821.592     76873728    307494912
       75072         1024        7642.038    153747456    614989824
       75072         2048       16372.419    307494912   1229979648
       75072         4096       30556.580    614989824   2459959296
       75072         8192       61101.526   1229979648   4919918592
       82560            1           6.744       165120       660480
       82560            2          16.404       330240      1320960
       82560            4          33.777       660480      2641920
       82560            8          71.047      1320960      5283840
       82560           16         151.924      2641920     10567680
       82560           32         259.956      5283840     21135360
       82560           64         517.965     10567680     42270720
       82560          128        1046.863     21135360     84541440
       82560          256        2103.611     42270720    169082880
       82560          512        4187.028     84541440    338165760
       82560         1024        8372.647    169082880    676331520
       82560         2048       16754.509    338165760   1352663040
       82560         4096       33518.363    676331520   2705326080
       82560         8192       67024.624   1352663040   5410652160
       90816            1          11.670       181632       726528
       90816            2          16.396       363264      1453056
       90816            4          36.486       726528      2906112
       90816            8          76.446      1453056      5812224
       90816           16         146.146      2906112     11624448
       90816           32         285.597      5812224     23248896
       90816           64         583.537     11624448     46497792
       90816          128        1152.351     23248896     92995584
       90816          256        2303.298     46497792    185991168
       90816          512        4617.534     92995584    371982336
       90816         1024        9231.706    185991168    743964672
       90816         2048       18472.671    371982336   1487929344
       90816         4096       37987.269    743964672   2975858688
       90816         8192       73885.377   1487929344   5951717376
       99840            1          11.284       199680       798720
       99840            2          18.515       399360      1597440
       99840            4          38.554       798720      3194880
       99840            8          85.246      1597440      6389760
       99840           16         158.677      3194880     12779520
       99840           32         326.912      6389760     25559040
       99840           64         626.243     12779520     51118080
       99840          128        1263.698     25559040    102236160
       99840          256        2543.409     51118080    204472320
       99840          512        5065.650    102236160    408944640
       99840         1024       10125.621    204472320    817889280
       99840         2048       20261.650    408944640   1635778560
       99840         4096       40533.699    817889280   3271557120
       99840         8192       81073.712   1635778560   6543114240
      109824            1          13.178       219648       878592
      109824            2          18.683       439296      1757184
      109824            4          45.821       878592      3514368
      109824            8          93.974      1757184      7028736
      109824           16         187.970      3514368     14057472
      109824           32         342.881      7028736     28114944
      109824           64         697.620     14057472     56229888
      109824          128        2429.169     28114944    112459776
      109824          256        2789.157     56229888    224919552
      109824          512        5571.903    112459776    449839104
      109824         1024       11137.686    224919552    899678208
      109824         2048       22279.104    449839104   1799356416
      109824         4096       44582.129    899678208   3598712832
      109824         8192       89163.271   1799356416   7197425664
      120768            1          11.378       241536       966144
      120768            2          21.151       483072      1932288
      120768            4          51.527       966144      3864576
      120768            8         103.542      1932288      7729152
      120768           16         190.313      3864576     15458304
      120768           32         392.673      7729152     30916608
      120768           64         768.256     15458304     61833216
      120768          128        1526.759     30916608    123666432
      120768          256        3069.030     61833216    247332864
      120768          512        6133.457    123666432    494665728
      120768         1024       12305.741    247332864    989331456
      120768         2048       24541.703    494665728   1978662912
      120768         4096       49098.089    989331456   3957325824
      120768         8192       99196.084   1978662912   7914651648
      132672            1          13.928       265344      1061376
      132672            2          23.932       530688      2122752
      132672            4          53.380      1061376      4245504
      132672            8         110.069      2122752      8491008
      132672           16         205.805      4245504     16982016
      132672           32         427.872      8491008     33964032
      132672           64         831.471     16982016     67928064
      132672          128        1686.170     33964032    135856128
      132672          256        3394.987     67928064    271712256
      132672          512        6732.129    135856128    543424512
      132672         1024       13485.994    271712256   1086849024
      132672         2048       26967.585    543424512   2173698048
      132672         4096       53939.944   1086849024   4347396096
      145920            1          11.166       291840      1167360
      145920            2          25.561       583680      2334720
      145920            4          59.699      1167360      4669440
      145920            8         118.291      2334720      9338880
      145920           16         225.914      4669440     18677760
      145920           32         470.038      9338880     37355520
      145920           64         923.303     18677760     74711040
      145920          128        1850.229     37355520    149422080
      145920          256        3690.222     74711040    298844160
      145920          512        7410.603    149422080    597688320
      145920         1024       14808.758    298844160   1195376640
      145920         2048       29607.321    597688320   2390753280
      145920         4096       59559.311   1195376640   4781506560
      160512            1          13.221       321024      1284096
      160512            2          28.325       642048      2568192
      160512            4          65.212      1284096      5136384
      160512            8         128.913      2568192     10272768
      160512           16         262.374      5136384     20545536
      160512           32         498.789     10272768     41091072
      160512           64        1014.907     20545536     82182144
      160512          128        2031.776     41091072    164364288
      160512          256        4066.789     82182144    328728576
      160512          512        8139.476    164364288    657457152
      160512         1024       16288.214    328728576   1314914304
      160512         2048       32559.628    657457152   2629828608
      160512         4096       65134.597   1314914304   5259657216
      176448            1          14.202       352896      1411584
      176448            2          32.241       705792      2823168
      176448            4          68.836      1411584      5646336
      176448            8         141.765      2823168     11292672
      176448           16         271.174      5646336     22585344
      176448           32         561.010     11292672     45170688
      176448           64        1116.168     22585344     90341376
      176448          128        2233.764     45170688    180682752
      176448          256        4479.819     90341376    361365504
      176448          512        8963.422    180682752    722731008
      176448         1024       17909.950    361365504   1445462016
      176448         2048       35873.646    722731008   2890924032
      176448         4096       72706.784   1445462016   5781848064
      193920            1          17.534       387840      1551360
      193920            2          33.843       775680      3102720
      193920            4          89.445      1551360      6205440
      193920            8         154.624      3102720     12410880
      193920           16         297.777      6205440     24821760
      193920           32         612.396     12410880     49643520
      193920           64        1221.102     24821760     99287040
      193920          128        2447.986     49643520    198574080
      193920          256        4913.125     99287040    397148160
      193920          512        9831.805    198574080    794296320
      193920         1024       19673.741    397148160   1588592640
      193920         2048       39347.009    794296320   3177185280
      193920         4096       78696.761   1588592640   6354370560
      213312            1          16.332       426624      1706496
      213312            2          36.003       853248      3412992
      213312            4          82.225      1706496      6825984
      213312            8         165.003      3412992     13651968
      213312           16         343.681      6825984     27303936
      213312           32         662.335     13651968     54607872
      213312           64        1352.646     27303936    109215744
      213312          128        2693.822     54607872    218431488
      213312          256        5413.808    109215744    436862976
      213312          512       10826.524    218431488    873725952
      213312         1024       21648.858    436862976   1747451904
      213312         2048       43331.328    873725952   3494903808
      213312         4096       86679.202   1747451904   6989807616
      234624            1          19.150       469248      1876992
      234624            2          39.671       938496      3753984
      234624            4          89.076      1876992      7507968
      234624            8         180.685      3753984     15015936
      234624           16         360.346      7507968     30031872
      234624           32         741.607     15015936     60063744
      234624           64        1484.466     30031872    120127488
      234624          128        2968.244     60063744    240254976
      234624          256        5933.698    120127488    480509952
      234624          512       11904.663    240254976    961019904
      234624         1024       23877.735    480509952   1922039808
      234624         2048       47663.225    961019904   3844079616
      234624         4096       95224.573   1922039808   7688159232
      258048            1          21.914       516096      2064384
      258048            2          58.252      1032192      4128768
      258048            4          98.497      2064384      8257536
      258048            8         194.775      4128768     16515072
      258048           16         395.845      8257536     33030144
      258048           32         811.705     16515072     66060288
      258048           64        1631.167     33030144    132120576
      258048          128        3258.357     66060288    264241152
      258048          256        6529.372    132120576    528482304
      258048          512       13089.460    264241152   1056964608
      258048         1024       26170.772    528482304   2113929216
      258048         2048       52348.570   1056964608   4227858432
      258048         4096      104752.932   2113929216   8455716864
      283776            1          21.888       567552      2270208
      283776            2          46.975      1135104      4540416
      283776            4         107.106      2270208      9080832
      283776            8         227.749      4540416     18161664
      283776           16         433.798      9080832     36323328
      283776           32         889.988     18161664     72646656
      283776           64        1788.840     36323328    145293312
      283776          128        3583.010     72646656    290586624
      283776          256        7184.408    145293312    581173248
      283776          512       14389.014    290586624   1162346496
      283776         1024       28780.474    581173248   2324692992
      283776         2048       57575.155   1162346496   4649385984
      312000            1          43.028       624000      2496000
      312000            2          49.481      1248000      4992000
      312000            4         116.624      2496000      9984000
      312000            8         231.270      4992000     19968000
      312000           16         477.008      9984000     39936000
      312000           32         976.614     19968000     79872000
      312000           64        1967.336     39936000    159744000
      312000          128        3947.283     79872000    319488000
      312000          256        7904.651    159744000    638976000
      312000          512       15829.392    319488000   1277952000
      312000         1024       31664.133    638976000   2555904000
      312000         2048       63337.384   1277952000   5111808000
      343104            1          26.225       686208      2744832
      343104            2          53.985      1372416      5489664
      343104            4         142.505      2744832     10979328
      343104            8         254.214      5489664     21958656
      343104           16         525.420     10979328     43917312
      343104           32        1072.165     21958656     87834624
      343104           64        2169.804     43917312    175669248
      343104          128        4334.990     87834624    351338496
      343104          256        8695.115    175669248    702676992
      343104          512       17397.686    351338496   1405353984
      343104         1024       34817.111    702676992   2810707968
      343104         2048       69659.190   1405353984   5621415936
      377280            1          27.472       754560      3018240
      377280            2          60.797      1509120      6036480
      377280            4         138.029      3018240     12072960
      377280            8         280.300      6036480     24145920
      377280           16         590.328     12072960     48291840
      377280           32        1178.132     24145920     96583680
      377280           64        2383.102     48291840    193167360
      377280          128        4761.358     96583680    386334720
      377280          256        9562.488    193167360    772669440
      377280          512       19131.609    386334720   1545338880
      377280         1024       38388.200    772669440   3090677760
      377280         2048       76592.625   1545338880   6181355520
      414912            1          30.459       829824      3319296
      414912            2          65.182      1659648      6638592
      414912            4         163.458      3319296     13277184
      414912            8         309.105      6638592     26554368
      414912           16         643.521     13277184     53108736
      414912           32        1294.034     26554368    106217472
      414912           64        3643.265     53108736    212434944
      414912          128        5251.838    106217472    424869888
      414912          256       10570.462    212434944    849739776
      414912          512       21042.271    424869888   1699479552
      414912         1024       42128.304    849739776   3398959104
      414912         2048       84214.837   1699479552   6797918208
      456384            1          36.205       912768      3651072
      456384            2          71.230      1825536      7302144
      456384            4         164.860      3651072     14604288
      456384            8         353.481      7302144     29208576
      456384           16         694.639     14604288     58417152
      456384           32        1433.229     29208576    116834304
      456384           64        2875.297     58417152    233668608
      456384          128        5762.404    116834304    467337216
      456384          256       11563.118    233668608    934674432
      456384          512       23147.701    467337216   1869348864
      456384         1024       46305.007    934674432   3738697728
      456384         2048       93606.227   1869348864   7477395456
      501888            1          37.965      1003776      4015104
      501888            2          78.063      2007552      8030208
      501888            4         193.439      4015104     16060416
      501888            8         370.193      8030208     32120832
      501888           16         774.847     16060416     64241664
      501888           32        1560.284     32120832    128483328
      501888           64        3158.196     64241664    256966656
      501888          128        6348.059    128483328    513933312
      501888          256       12722.418    256966656   1027866624
      501888          512       25430.359    513933312   2055733248
      501888         1024       50898.626   1027866624   4111466496
      501888         2048      101820.107   2055733248   8222932992
      552000            1          42.618      1104000      4416000
      552000            2          85.301      2208000      8832000
      552000            4         194.838      4416000     17664000
      552000            8         424.609      8832000     35328000
      552000           16         851.645     17664000     70656000
      552000           32        1753.710     35328000    141312000
      552000           64        3480.133     70656000    282624000
      552000          128        6975.050    141312000    565248000
      552000          256       13980.176    282624000   1130496000
      552000          512       27993.106    565248000   2260992000
      552000         1024       55998.799   1130496000   4521984000
      607104            1          47.454      1214208      4856832
      607104            2          92.707      2428416      9713664
      607104            4         212.864      4856832     19427328
      607104            8         462.790      9713664     38854656
      607104           16         934.020     19427328     77709312
      607104           32        1896.521     38854656    155418624
      607104           64        3810.918     77709312    310837248
      607104          128        7674.510    155418624    621674496
      607104          256       15378.832    310837248   1243348992
      607104          512       30766.457    621674496   2486697984
      607104         1024       61576.441   1243348992   4973395968
      667776            1          49.489      1335552      5342208
      667776            2         101.103      2671104     10684416
      667776            4         249.091      5342208     21368832
      667776            8         490.442     10684416     42737664
      667776           16        1028.187     21368832     85475328
      667776           32        2093.725     42737664    170950656
      667776           64        4198.346     85475328    341901312
      667776          128        8439.996    170950656    683802624
      667776          256       16908.256    341901312   1367605248
      667776          512       33874.385    683802624   2735210496
      667776         1024       67710.608   1367605248   5470420992
      734400            1          52.236      1468800      5875200
      734400            2         111.018      2937600     11750400
      734400            4         255.196      5875200     23500800
      734400            8         553.224     11750400     47001600
      734400           16        1125.662     23500800     94003200
      734400           32        2290.955     47001600    188006400
      734400           64        4625.953     94003200    376012800
      734400          128        9277.013    188006400    752025600
      734400          256       18607.775    376012800   1504051200
      734400          512       37232.856    752025600   3008102400
      734400         1024       74501.556   1504051200   6016204800
      807744            1          58.054      1615488      6461952
      807744            2         121.384      3230976     12923904
      807744            4         277.481      6461952     25847808
      807744            8         605.373     12923904     51695616
      807744           16        1238.608     25847808    103391232
      807744           32        2517.200     51695616    206782464
      807744           64        5081.470    103391232    413564928
      807744          128       10232.934    206782464    827129856
      807744          256       20451.237    413564928   1654259712
      807744          512       40964.165    827129856   3308519424
      807744         1024       81964.707   1654259712   6617038848
      888384            1          65.764      1776768      7107072
      888384            2         150.014      3553536     14214144
      888384            4         304.514      7107072     28428288
      888384            8         660.438     14214144     56856576
      888384           16        1360.508     28428288    113713152
      888384           32        2774.238     56856576    227426304
      888384           64        5583.424    113713152    454852608
      888384          128       11232.100    227426304    909705216
      888384          256       22491.492    454852608   1819410432
      888384          512       45047.841    909705216   3638820864
      888384         1024       90151.849   1819410432   7277641728
      977088            1          69.320      1954176      7816704
      977088            2         145.712      3908352     15633408
      977088            4         335.160      7816704     31266816
      977088            8         729.095     15633408     62533632
      977088           16        1492.134     31266816    125067264
      977088           32        3049.485     62533632    250134528
      977088           64        6164.919    125067264    500269056
      977088          128       12341.895    250134528   1000538112
      977088          256       24752.377    500269056   2001076224
      977088          512       49538.580   1000538112   4002152448
      977088         1024       99143.025   2001076224   8004304896
     1074624            1          77.703      2149248      8596992
     1074624            2         159.243      4298496     17193984
     1074624            4         364.679      8596992     34387968
     1074624            8         799.893     17193984     68775936
     1074624           16        1651.708     34387968    137551872
     1074624           32        3347.596     68775936    275103744
     1074624           64        6760.557    137551872    550207488
     1074624          128       13583.929    275103744   1100414976
     1074624          256       27209.812    550207488   2200829952
     1074624          512       54481.885   1100414976   4401659904
     1181952            1         100.793      2363904      9455616
     1181952            2         174.643      4727808     18911232
     1181952            4         401.800      9455616     37822464
     1181952            8         876.694     18911232     75644928
     1181952           16        1814.152     37822464    151289856
     1181952           32        3688.690     75644928    302579712
     1181952           64        7430.478    151289856    605159424
     1181952          128       14956.490    302579712   1210318848
     1181952          256       29930.231    605159424   2420637696
     1181952          512       59981.274   1210318848   4841275392
     1300032            1          92.405      2600064     10400256
     1300032            2         190.713      5200128     20800512
     1300032            4         457.789     10400256     41601024
     1300032            8         962.092     20800512     83202048
     1300032           16        1991.862     41601024    166404096
     1300032           32        4063.139     83202048    332808192
     1300032           64        8179.630    166404096    665616384
     1300032          128       16434.018    332808192   1331232768
     1300032          256       33129.917    665616384   2662465536
     1300032          512       67359.450   1331232768   5324931072
     1430016            1         100.991      2860032     11440128
     1430016            2         224.864      5720064     22880256
     1430016            4         484.068     11440128     45760512
     1430016            8        1056.436     22880256     91521024
     1430016           16        2189.485     45760512    183042048
     1430016           32        4462.552     91521024    366084096
     1430016           64        8990.950    183042048    732168192
     1430016          128       18058.189    366084096   1464336384
     1430016          256       36196.093    732168192   2928672768
     1430016          512       72491.027   1464336384   5857345536
     1572864            1         111.655      3145728     12582912
     1572864            2         227.843      6291456     25165824
     1572864            4         547.657     12582912     50331648
     1572864            8        1159.489     25165824    100663296
     1572864           16        2406.800     50331648    201326592
     1572864           32        4899.990    100663296    402653184
     1572864           64        9887.802    201326592    805306368
     1572864          128       19861.897    402653184   1610612736
     1572864          256       39810.350    805306368   3221225472
     1572864          512       80012.830   1610612736   6442450944
     1730112            1         123.006      3460224     13840896
     1730112            2         249.319      6920448     27681792
     1730112            4         601.041     13840896     55363584
     1730112            8        1275.300     27681792    110727168
     1730112           16        2651.282     55363584    221454336
     1730112           32        5385.247    110727168    442908672
     1730112           64       10876.269    221454336    885817344
     1730112          128       21849.908    442908672   1771634688
     1730112          256       43798.901    885817344   3543269376
     1730112          512       90315.563   1771634688   7086538752
     1903104            1         135.540      3806208     15224832
     1903104            2         273.414      7612416     30449664
     1903104            4         681.582     15224832     60899328
     1903104            8        1401.220     30449664    121798656
     1903104           16        2948.008     60899328    243597312
     1903104           32        6049.191    121798656    487194624
     1903104           64       12298.125    243597312    974389248
     1903104          128       24028.292    487194624   1948778496
     1903104          256       48173.017    974389248   3897556992
     1903104          512       96446.301   1948778496   7795113984
     2093376            1         165.740      4186752     16747008
     2093376            2         300.794      8373504     33494016
     2093376            4         717.926     16747008     66988032
     2093376            8        1537.935     33494016    133976064
     2093376           16        3200.765     66988032    267952128
     2093376           32        6526.751    133976064    535904256
     2093376           64       13158.765    267952128   1071808512
     2093376          128       26431.719    535904256   2143617024
     2093376          256       53018.237   1071808512   4287234048
     2093376          512      106117.578   2143617024   8574468096
     2302656            1         163.125      4605312     18421248
     2302656            2         329.172      9210624     36842496
     2302656            4         793.370     18421248     73684992
     2302656            8        1701.444     36842496    147369984
     2302656           16        3517.630     73684992    294739968
     2302656           32        7182.799    147369984    589479936
     2302656           64       14474.685    294739968   1178959872
     2302656          128       29106.985    589479936   2357919744
     2302656          256       58284.397   1178959872   4715839488
     2532864            1         180.599      5065728     20262912
     2532864            2         361.832     10131456     40525824
     2532864            4         865.717     20262912     81051648
     2532864            8        1868.204     40525824    162103296
     2532864           16        3875.132     81051648    324206592
     2532864           32        7888.301    162103296    648413184
     2532864           64       15933.074    324206592   1296826368
     2532864          128       31976.738    648413184   2593652736
     2532864          256       64104.733   1296826368   5187305472
     2786112            1         197.530      5572224     22288896
     2786112            2         414.080     11144448     44577792
     2786112            4         949.637     22288896     89155584
     2786112            8        2062.222     44577792    178311168
     2786112           16        4258.648     89155584    356622336
     2786112           32        8679.929    178311168    713244672
     2786112           64       17504.995    356622336   1426489344
     2786112          128       35177.501    713244672   2852978688
     2786112          256       70516.232   1426489344   5705957376
     3064704            1         216.370      6129408     24517632
     3064704            2         453.969     12258816     49035264
     3064704            4        1042.202     24517632     98070528
     3064704            8        2254.049     49035264    196141056
     3064704           16        4686.504     98070528    392282112
     3064704           32        9538.957    196141056    784564224
     3064704           64       19263.725    392282112   1569128448
     3064704          128       38698.692    784564224   3138256896
     3064704          256       77585.192   1569128448   6276513792
     3371136            1         237.936      6742272     26969088
     3371136            2         493.941     13484544     53938176
     3371136            4        1145.722     26969088    107876352
     3371136            8        2476.852     53938176    215752704
     3371136           16        5161.344    107876352    431505408
     3371136           32       10494.265    215752704    863010816
     3371136           64       21184.829    431505408   1726021632
     3371136          128       42571.676    863010816   3452043264
     3371136          256       85325.765   1726021632   6904086528
     3708096            1         278.737      7416192     29664768
     3708096            2         525.278     14832384     59329536
     3708096            4        1270.267     29664768    118659072
     3708096            8        2724.315     59329536    237318144
     3708096           16        5672.884    118659072    474636288
     3708096           32       11541.561    237318144    949272576
     3708096           64       23317.480    474636288   1898545152
     3708096          128       48370.127    949272576   3797090304
     3708096          256       93884.073   1898545152   7594180608
     4078848            1         303.912      8157696     32630784
     4078848            2         576.766     16315392     65261568
     4078848            4        1394.691     32630784    130523136
     4078848            8        3004.018     65261568    261046272
     4078848           16        6232.014    130523136    522092544
     4078848           32       12699.700    261046272   1044185088
     4078848           64       25625.418    522092544   2088370176
     4078848          128       51713.132   1044185088   4176740352
     4078848          256      103227.143   2088370176   8353480704
     4486656            1         333.698      8973312     35893248
     4486656            2         632.835     17946624     71786496
     4486656            4        1528.870     35893248    143572992
     4486656            8        3301.990     71786496    287145984
     4486656           16        6858.402    143572992    574291968
     4486656           32       13970.214    287145984   1148583936
     4486656           64       28199.673    574291968   2297167872
     4486656          128       57719.969   1148583936   4594335744
     4935168            1         363.517      9870336     39481344
     4935168            2         695.563     19740672     78962688
     4935168            4        1681.330     39481344    157925376
     4935168            8        3634.341     78962688    315850752
     4935168           16        7546.339    157925376    631701504
     4935168           32       15373.275    315850752   1263403008
     4935168           64       31010.656    631701504   2526806016
     4935168          128       62303.178   1263403008   5053612032
     5428608            1         399.158     10857216     43428864
     5428608            2         766.508     21714432     86857728
     5428608            4        1845.136     43428864    173715456
     5428608            8        3993.738     86857728    347430912
     5428608           16        8305.467    173715456    694861824
     5428608           32       16895.958    347430912   1389723648
     5428608           64       34130.160    694861824   2779447296
     5428608          128       68510.453   1389723648   5558894592
     5971392            1         437.020     11942784     47771136
     5971392            2         851.932     23885568     95542272
     5971392            4        2031.238     47771136    191084544
     5971392            8        4388.487     95542272    382169088
     5971392           16        9123.931    191084544    764338176
     5971392           32       18598.394    382169088   1528676352
     5971392           64       37531.606    764338176   3057352704
     5971392          128       75422.760   1528676352   6114705408
     6568512            1         460.802     13137024     52548096
     6568512            2         939.871     26274048    105096192
     6568512            4        2236.878     52548096    210192384
     6568512            8        4825.434    105096192    420384768
     6568512           16       11080.409    210192384    840769536
     6568512           32       20448.371    420384768   1681539072
     6568512           64       41277.058    840769536   3363078144
     6568512          128       82950.272   1681539072   6726156288
     7225344            1         526.509     14450688     57802752
     7225344            2        1024.913     28901376    115605504
     7225344            4        2446.645     57802752    231211008
     7225344            8        5321.220    115605504    462422016
     7225344           16       11050.805    231211008    924844032
     7225344           32       22516.809    462422016   1849688064
     7225344           64       45544.243    924844032   3699376128
     7225344          128       91235.972   1849688064   7398752256
     7947840            1         575.581     15895680     63582720
     7947840            2        1127.157     31791360    127165440
     7947840            4        2699.926     63582720    254330880
     7947840            8        5849.534    127165440    508661760
     7947840           16       12145.000    254330880   1017323520
     7947840           32       24764.091    508661760   2034647040
     7947840           64       49951.635   1017323520   4069294080
     7947840          128      101338.272   2034647040   8138588160
     8742528            1         629.517     17485056     69940224
     8742528            2        1236.298     34970112    139880448
     8742528            4        2968.232     69940224    279760896
     8742528            8        6432.064    139880448    559521792
     8742528           16       13368.311    279760896   1119043584
     8742528           32       27228.690    559521792   2238087168
     8742528           64       54944.512   1119043584   4476174336
     9616704            1         693.908     19233408     76933632
     9616704            2        1360.539     38466816    153867264
     9616704            4        3264.050     76933632    307734528
     9616704            8        7081.530    153867264    615469056
     9616704           16       14706.990    307734528   1230938112
     9616704           32       29951.627    615469056   2461876224
     9616704           64       60459.176   1230938112   4923752448
    10578240            1         757.231     21156480     84625920
    10578240            2        1492.470     42312960    169251840
    10578240            4        3592.242     84625920    338503680
    10578240            8        7782.835    169251840    677007360
    10578240           16       16168.177    338503680   1354014720
    10578240           32       32944.239    677007360   2708029440
    10578240           64       66484.471   1354014720   5416058880
    11635968            1         833.660     23271936     93087744
    11635968            2        1650.769     46543872    186175488
    11635968            4        4983.841     93087744    372350976
    11635968            8        8564.137    186175488    744701952
    11635968           16       17781.881    372350976   1489403904
    11635968           32       36233.740    744701952   2978807808
    11635968           64       73173.400   1489403904   5957615616
    12799488            1         918.241     25598976    102395904
    12799488            2        1802.173     51197952    204791808
    12799488            4        4351.817    102395904    409583616
    12799488            8        9408.481    204791808    819167232
    12799488           16       19564.541    409583616   1638334464
    12799488           32       39858.508    819167232   3276668928
    12799488           64       80474.693   1638334464   6553337856
    14079360            1        1034.496     28158720    112634880
    14079360            2        1993.495     56317440    225269760
    14079360            4        4782.634    112634880    450539520
    14079360            8       10363.971    225269760    901079040
    14079360           16       21510.705    450539520   1802158080
    14079360           32       43844.161    901079040   3604316160
    14079360           64       89021.745   1802158080   7208632320
    15487296            1        1100.140     30974592    123898368
    15487296            2        2188.541     61949184    247796736
    15487296            4        5257.974    123898368    495593472
    15487296            8       11385.760    247796736    991186944
    15487296           16       23663.481    495593472   1982373888
    15487296           32       48206.115    991186944   3964747776
    15487296           64       97307.380   1982373888   7929495552
    17035968            1        1220.026     34071936    136287744
    17035968            2        2401.719     68143872    272575488
    17035968            4        5776.141    136287744    545150976
    17035968            8       12516.004    272575488   1090301952
    17035968           16       26019.705    545150976   2180603904
    17035968           32       53010.775   1090301952   4361207808
    18739392            1        1321.049     37478784    149915136
    18739392            2        2649.540     74957568    299830272
    18739392            4        6348.948    149915136    599660544
    18739392            8       13777.200    299830272   1199321088
    18739392           16       28607.832    599660544   2398642176
    18739392           32       58306.086   1199321088   4797284352
    20613312            1        1453.245     41226624    164906496
    20613312            2        2909.693     82453248    329812992
    20613312            4        6986.805    164906496    659625984
    20613312            8       15149.779    329812992   1319251968
    20613312           16       31504.417    659625984   2638503936
    20613312           32       65204.568   1319251968   5277007872
    22674624            1        1611.698     45349248    181396992
    22674624            2        3197.096     90698496    362793984
    22674624            4        7692.043    181396992    725587968
    22674624            8       16661.386    362793984   1451175936
    22674624           16       34630.207    725587968   2902351872
    22674624           32       70601.290   1451175936   5804703744
    24941952            1        1765.873     49883904    199535616
    24941952            2        3529.158     99767808    399071232
    24941952            4        8462.419    199535616    798142464
    24941952            8       18346.772    399071232   1596284928
    24941952           16       38111.912    798142464   3192569856
    24941952           32       77641.146   1596284928   6385139712
    27436032            1        1939.375     54872064    219488256
    27436032            2        3871.572    109744128    438976512
    27436032            4        9300.463    219488256    877953024
    27436032            8       20162.328    438976512   1755906048
    27436032           16       41901.382    877953024   3511812096
    27436032           32       85378.503   1755906048   7023624192
    30179520            1        2129.325     60359040    241436160
    30179520            2        4255.483    120718080    482872320
    30179520            4       10226.648    241436160    965744640
    30179520            8       22194.428    482872320   1931489280
    30179520           16       46106.679    965744640   3862978560
    30179520           32       94922.729   1931489280   7725957120
    33197376            1        2341.207     66394752    265579008
    33197376            2        4683.795    132789504    531158016
    33197376            4       11249.794    265579008   1062316032
    33197376            8       24414.270    531158016   2124632064
    33197376           16       50707.605   1062316032   4249264128
    33197376           32      103329.009   2124632064   8498528256
    36517056            1        2569.930     73034112    292136448
    36517056            2        5157.983    146068224    584272896
    36517056            4       12373.919    292136448   1168545792
    36517056            8       26843.326    584272896   2337091584
    36517056           16       55777.441   1168545792   4674183168
    40168704            1        2841.794     80337408    321349632
    40168704            2        5658.193    160674816    642699264
    40168704            4       13622.347    321349632   1285398528
    40168704            8       29530.279    642699264   2570797056
    40168704           16       61392.758   1285398528   5141594112
    44185536            1        3119.597     88371072    353484288
    44185536            2        6226.625    176742144    706968576
    44185536            4       14982.253    353484288   1413937152
    44185536            8       32517.127    706968576   2827874304
    44185536           16       68573.339   1413937152   5655748608
    48604032            1        3426.084     97208064    388832256
    48604032            2        6856.892    194416128    777664512
    48604032            4       17241.841    388832256   1555329024
    48604032            8       38293.631    777664512   3110658048
    48604032           16       74313.200   1555329024   6221316096
    53464320            1        3776.759    106928640    427714560
    53464320            2        7533.672    213857280    855429120
    53464320            4       18147.783    427714560   1710858240
    53464320            8       39336.617    855429120   3421716480
    53464320           16       81739.370   1710858240   6843432960
    58810752            1        4151.200    117621504    470486016
    58810752            2        8289.454    235243008    940972032
    58810752            4       19946.873    470486016   1881944064
    58810752            8       43300.846    940972032   3763888128
    58810752           16       89908.254   1881944064   7527776256
    64691712            1        4558.567    129383424    517533696
    64691712            2        9120.326    258766848   1035067392
    64691712            4       21944.764    517533696   2070134784
    64691712            8       48614.575   1035067392   4140269568
    64691712           16       98923.883   2070134784   8280539136
    71160768            1        5035.211    142321536    569286144
    71160768            2       10070.696    284643072   1138572288
    71160768            4       24138.137    569286144   2277144576
    71160768            8       52372.092   1138572288   4554289152
    78276672            1        5520.195    156553344    626213376
    78276672            2       11036.129    313106688   1252426752
    78276672            4       26618.881    626213376   2504853504
    78276672            8       57598.656   1252426752   5009707008
    86104320            1        6079.155    172208640    688834560
    86104320            2       12152.515    344417280   1377669120
    86104320            4       29211.095    688834560   2755338240
    86104320            8       63348.712   1377669120   5510676480
    94714752            1        6709.597    189429504    757718016
    94714752            2       13354.280    378859008   1515436032
    94714752            4       32144.073    757718016   3030872064
    94714752            8       69678.581   1515436032   6061744128
   104186112            1        7350.539    208372224    833488896
   104186112            2       14694.122    416744448   1666977792
   104186112            4       35660.310    833488896   3333955584
   104186112            8       76636.610   1666977792   6667911168
   114604608            1        8085.028    229209216    916836864
   114604608            2       16161.088    458418432   1833673728
   114604608            4       38875.078    916836864   3667347456
   114604608            8       84307.374   1833673728   7334694912
   126064896            1        8902.755    252129792   1008519168
   126064896            2       17779.236    504259584   2017038336
   126064896            4       42748.315   1008519168   4034076672
   126064896            8       92733.123   2017038336   8068153344
   138671232            1        9788.298    277342464   1109369856
   138671232            2       19549.072    554684928   2218739712
   138671232            4       47034.031   1109369856   4437479424
   152538240            1       10768.360    305076480   1220305920
   152538240            2       21513.786    610152960   2440611840
   152538240            4       51712.150   1220305920   4881223680
   167792064            1       11862.109    335584128   1342336512
   167792064            2       23661.902    671168256   2684673024
   167792064            4       56910.587   1342336512   5369346048
   184571136            1       13023.227    369142272   1476569088
   184571136            2       27113.009    738284544   2953138176
   184571136            4       62565.997   1476569088   5906276352
   203028096            1       14315.813    406056192   1624224768
   203028096            2       28620.919    812112384   3248449536
   203028096            4       68845.109   1624224768   6496899072
   223330752            1       15755.124    446661504   1786646016
   223330752            2       31475.662    893323008   3573292032
   223330752            4       75716.379   1786646016   7146584064
   245663808            1       17328.094    491327616   1965310464
   245663808            2       34625.021    982655232   3930620928
   245663808            4       83311.505   1965310464   7861241856
   270230016            1       19053.926    540460032   2161840128
   270230016            2       38105.533   1080920064   4323680256
   297252864            1       20968.005    594505728   2378022912
   297252864            2       41902.435   1189011456   4756045824
   326978112            1       23059.297    653956224   2615824896
   326978112            2       46088.744   1307912448   5231649792
   359675904            1       25353.380    719351808   2877407232
   359675904            2       51750.960   1438703616   5754814464
   395643456            1       27908.179    791286912   3165147648
   395643456            2       55813.115   1582573824   6330295296
   435207744            1       30689.947    870415488   3481661952
   435207744            2       61455.584   1740830976   6963323904
   478728384            1       33823.407    957456768   3829827072
   478728384            2       67509.023   1914913536   7659654144
   526601088            1       37146.153   1053202176   4212808704
   526601088            2       74262.273   2106404352   8425617408
   579261120            1       40858.817   1158522240   4634088960
   637187136            1       44942.132   1274374272   5097497088
   700905792            1       49432.530   1401811584   5607246336
   770996352            1       54359.839   1541992704   6167970816
   848095872            1       59800.695   1696191744   6784766976
   932905344            1       66847.546   1865810688   7463242752
  1026195840            1       72350.151   2052391680   8209566720

META_DATA
FLOPS          64
MPI_PROCS      1
OPENMP_THREADS 24
ERT_VERSION  1.1.0
HOSTNAME  ('dp-cn26.deep', [], ['10.2.9.126'])
UNAME  uname_result(system='Linux', node='dp-cn26', release='4.18.0-513.24.1.el8_9.x86_64', version='#1 SMP Thu Apr 4 18:13:02 UTC 2024', machine='x86_64')
TIMESTAMP_DATA  1713441652.500166
CONFIG  {'ERT_RESULTS': ['Results.cn.deep.fz-juelich.de.01.gcc2023-O3-only'], 'ERT_DRIVER': ['driver1'], 'ERT_KERNEL': ['kernel1'], 'ERT_MPI': ['True'], 'ERT_MPI_CFLAGS': ['-I', '/p/software/deep/stages/2023/software/psmpi/5.9.2-1-GCC-11.3.0/include'], 'ERT_MPI_LDFLAGS': ['-L', '/p/software/deep/stages/2023/software/psmpi/5.9.2-1-GCC-11.3.0/lib', '-lmpi'], 'ERT_OPENMP': ['True'], 'ERT_OPENMP_CFLAGS': ['-fopenmp'], 'ERT_OPENMP_LDFLAGS': ['-fopenmp'], 'ERT_FLOPS': ['1,2,4,8,16,64,128'], 'ERT_ALIGN': ['64'], 'ERT_CC': ['mpicxx'], 'ERT_CFLAGS': ['-g', '-O3'], 'ERT_LD': ['mpicxx'], 'ERT_LDFLAGS': [], 'ERT_LDLIBS': [], 'ERT_PRECISION': ['FP64'], 'ERT_RUN': ['export', 'OMP_NUM_THREADS=ERT_OPENMP_THREADS;', 'export', 'OMP_PLACES="cores(ERT_OPENMP_THREADS)";', 'srun', '-p', 'dp-cn', '-n', 'ERT_MPI_PROCS', '-c', '48', '--ntasks-per-node', '1', 'ERT_CODE'], 'ERT_PROCS_THREADS': ['24'], 'ERT_MPI_PROCS': ['1'], 'ERT_OPENMP_THREADS': ['24'], 'ERT_NUM_EXPERIMENTS': ['5'], 'ERT_MEMORY_MAX': ['1073741824'], 'ERT_WORKING_SET_MIN': ['128'], 'ERT_TRIALS_MIN': ['1'], 'ERT_GNUPLOT': ['gnuplot'], 'ERT_GPU': [False], 'ERT_HIP': [False], 'ERT_OCL': [False], 'ERT_SYCL': [False], 'ERT_WSS_MULT': [1.1]}
