fp64
       24576            1           4.328        49152       196608
       24576            2          57.524        98304       393216
       24576            4          11.507       196608       786432
       24576            8          22.928       393216      1572864
       24576           16          46.305       786432      3145728
       24576           32          93.824      1572864      6291456
       24576           64         174.720      3145728     12582912
       24576          128         403.515      6291456     25165824
       24576          256         751.449     12582912     50331648
       24576          512        1459.489     25165824    100663296
       24576         1024        2524.640     50331648    201326592
       24576         2048        4990.260    100663296    402653184
       24576         4096        9979.747    201326592    805306368
       24576         8192       19963.003    402653184   1610612736
       24576        16384       39939.664    805306368   3221225472
       24576        32768       79825.855   1610612736   6442450944
       26880            1           4.917        53760       215040
       26880            2           8.453       107520       430080
       26880            4          16.024       215040       860160
       26880            8          23.588       430080      1720320
       26880           16          47.698       860160      3440640
       26880           32          97.032      1720320      6881280
       26880           64         188.942      3440640     13762560
       26880          128         341.490      6881280     27525120
       26880          256         689.382     13762560     55050240
       26880          512        1362.068     27525120    110100480
       26880         1024        2733.628     55050240    220200960
       26880         2048        5450.891    110100480    440401920
       26880         4096       10911.515    220200960    880803840
       26880         8192       21823.183    440401920   1761607680
       26880        16384       43660.420    880803840   3523215360
       26880        32768       87283.614   1761607680   7046430720
       29568            1           5.090        59136       236544
       29568            2           7.293       118272       473088
       29568            4          13.765       236544       946176
       29568            8          25.503       473088      1892352
       29568           16          53.120       946176      3784704
       29568           32         104.479      1892352      7569408
       29568           64         205.429      3784704     15138816
       29568          128         375.965      7569408     30277632
       29568          256         758.073     15138816     60555264
       29568          512        1499.089     30277632    121110528
       29568         1024        3004.762     60555264    242221056
       29568         2048        6005.859    121110528    484442112
       29568         4096       12079.696    242221056    968884224
       29568         8192       24059.846    484442112   1937768448
       29568        16384       48052.643    968884224   3875536896
       29568        32768       96088.299   1937768448   7751073792
       32448            1           4.400        64896       259584
       32448            2           8.363       129792       519168
       32448            4          14.127       259584      1038336
       32448            8          28.428       519168      2076672
       32448           16          57.877      1038336      4153344
       32448           32         115.541      2076672      8306688
       32448           64         208.383      4153344     16613376
       32448          128         427.874      8306688     33226752
       32448          256         860.929     16613376     66453504
       32448          512        1653.366     33226752    132907008
       32448         1024        3323.504     66453504    265814016
       32448         2048        6648.662    132907008    531628032
       32448         4096       13263.545    265814016   1063256064
       32448         8192       26510.187    531628032   2126512128
       32448        16384       57522.022   1063256064   4253024256
       32448        32768      106051.617   2126512128   8506048512
       35520            1           5.944        71040       284160
       35520            2           8.540       142080       568320
       35520            4          15.428       284160      1136640
       35520            8          35.483       568320      2273280
       35520           16          64.006      1136640      4546560
       35520           32         120.898      2273280      9093120
       35520           64         227.090      4546560     18186240
       35520          128         466.814      9093120     36372480
       35520          256         908.598     18186240     72744960
       35520          512        1814.911     36372480    145489920
       35520         1024        3619.656     72744960    290979840
       35520         2048        7259.114    145489920    581959680
       35520         4096       14491.352    290979840   1163919360
       35520         8192       28998.774    581959680   2327838720
       35520        16384       59300.817   1163919360   4655677440
       38976            1           5.621        77952       311808
       38976            2           9.803       155904       623616
       38976            4          16.828       311808      1247232
       38976            8          35.726       623616      2494464
       38976           16          70.891      1247232      4988928
       38976           32         129.563      2494464      9977856
       38976           64         248.587      4988928     19955712
       38976          128         506.986      9977856     39911424
       38976          256         996.830     19955712     79822848
       38976          512        1993.849     39911424    159645696
       38976         1024        3981.408     79822848    319291392
       38976         2048        7954.521    159645696    638582784
       38976         4096       15910.221    319291392   1277165568
       38976         8192       31806.707    638582784   2554331136
       38976        16384       63642.935   1277165568   5108662272
       42816            1           5.770        85632       342528
       42816            2          10.057       171264       685056
       42816            4          17.880       342528      1370112
       42816            8          37.996       685056      2740224
       42816           16          91.243      1370112      5480448
       42816           32         137.007      2740224     10960896
       42816           64         275.243      5480448     21921792
       42816          128         542.820     10960896     43843584
       42816          256        1102.033     21921792     87687168
       42816          512        2182.680     43843584    175374336
       42816         1024        4362.689     87687168    350748672
       42816         2048        8736.435    175374336    701497344
       42816         4096       17470.786    350748672   1402994688
       42816         8192       35939.960    701497344   2805989376
       42816        16384       69860.380   1402994688   5611978752
       47040            1           6.727        94080       376320
       47040            2           9.907       188160       752640
       47040            4          20.436       376320      1505280
       47040            8          42.566       752640      3010560
       47040           16          86.363      1505280      6021120
       47040           32         153.876      3010560     12042240
       47040           64         298.832      6021120     24084480
       47040          128         610.418     12042240     48168960
       47040          256        1199.795     24084480     96337920
       47040          512        2392.618     48168960    192675840
       47040         1024        4796.538     96337920    385351680
       47040         2048        9590.867    192675840    770703360
       47040         4096       19174.377    385351680   1541406720
       47040         8192       38365.947    770703360   3082813440
       47040        16384       77745.145   1541406720   6165626880
       51648            1           9.704       103296       413184
       51648            2          13.525       206592       826368
       51648            4          21.171       413184      1652736
       51648            8          45.471       826368      3305472
       51648           16          94.103      1652736      6610944
       51648           32         179.954      3305472     13221888
       51648           64         328.664      6610944     26443776
       51648          128         665.157     13221888     52887552
       51648          256        1314.064     26443776    105775104
       51648          512        2637.649     52887552    211550208
       51648         1024        5272.331    105775104    423100416
       51648         2048       10532.363    211550208    846200832
       51648         4096       21081.943    423100416   1692401664
       51648         8192       42094.238    846200832   3384803328
       51648        16384       84193.479   1692401664   6769606656
       56640            1           8.173       113280       453120
       56640            2          11.828       226560       906240
       56640            4          25.378       453120      1812480
       56640            8          50.920       906240      3624960
       56640           16          99.517      1812480      7249920
       56640           32         208.774      3624960     14499840
       56640           64         358.734      7249920     28999680
       56640          128         728.553     14499840     57999360
       56640          256        1440.324     28999680    115998720
       56640          512        2889.929     57999360    231997440
       56640         1024        5772.854    115998720    463994880
       56640         2048       12578.562    231997440    927989760
       56640         4096       23089.149    463994880   1855979520
       56640         8192       46160.423    927989760   3711959040
       56640        16384       92295.633   1855979520   7423918080
       62208            1           7.622       124416       497664
       62208            2          11.556       248832       995328
       62208            4          25.757       497664      1990656
       62208            8          55.346       995328      3981312
       62208           16         108.328      1990656      7962624
       62208           32         213.484      3981312     15925248
       62208           64         392.443      7962624     31850496
       62208          128         792.228     15925248     63700992
       62208          256        1574.613     31850496    127401984
       62208          512        3167.303     63700992    254803968
       62208         1024        6310.576    127401984    509607936
       62208         2048       12622.529    254803968   1019215872
       62208         4096       25283.962    509607936   2038431744
       62208         8192       52041.053   1019215872   4076863488
       62208        16384      101005.904   2038431744   8153726976
       68352            1           8.589       136704       546816
       68352            2          11.501       273408      1093632
       68352            4          28.001       546816      2187264
       68352            8          62.374      1093632      4374528
       68352           16         114.875      2187264      8749056
       68352           32         231.184      4374528     17498112
       68352           64         430.437      8749056     34996224
       68352          128         871.800     17498112     69992448
       68352          256        1738.118     34996224    139984896
       68352          512        3463.382     69992448    279969792
       68352         1024        6938.143    139984896    559939584
       68352         2048       13876.312    279969792   1119879168
       68352         4096       27754.068    559939584   2239758336
       68352         8192       55492.794   1119879168   4479516672
       75072            1           9.896       150144       600576
       75072            2          13.257       300288      1201152
       75072            4          31.209       600576      2402304
       75072            8          80.214      1201152      4804608
       75072           16         125.509      2402304      9609216
       75072           32         237.005      4804608     19218432
       75072           64         473.444      9609216     38436864
       75072          128         957.748     19218432     76873728
       75072          256        1911.305     38436864    153747456
       75072          512        3822.114     76873728    307494912
       75072         1024        7643.708    153747456    614989824
       75072         2048       16382.910    307494912   1229979648
       75072         4096       30557.701    614989824   2459959296
       75072         8192       61100.059   1229979648   4919918592
       82560            1          12.293       165120       660480
       82560            2          15.571       330240      1320960
       82560            4          33.665       660480      2641920
       82560            8          71.367      1320960      5283840
       82560           16         135.160      2641920     10567680
       82560           32         275.751      5283840     21135360
       82560           64         518.555     10567680     42270720
       82560          128        1047.171     21135360     84541440
       82560          256        2093.272     42270720    169082880
       82560          512        4187.462     84541440    338165760
       82560         1024        8387.522    169082880    676331520
       82560         2048       16764.575    338165760   1352663040
       82560         4096       33555.297    676331520   2705326080
       82560         8192       67024.770   1352663040   5410652160
       90816            1           8.664       181632       726528
       90816            2          32.071       363264      1453056
       90816            4          38.299       726528      2906112
       90816            8          77.494      1453056      5812224
       90816           16         146.978      2906112     11624448
       90816           32         285.325      5812224     23248896
       90816           64         582.808     11624448     46497792
       90816          128        1151.900     23248896     92995584
       90816          256        2306.750     46497792    185991168
       90816          512        4622.733     92995584    371982336
       90816         1024        9242.389    185991168    743964672
       90816         2048       19519.889    371982336   1487929344
       90816         4096       36924.523    743964672   2975858688
       90816         8192       73931.045   1487929344   5951717376
       99840            1          11.467       199680       798720
       99840            2          17.447       399360      1597440
       99840            4          39.703       798720      3194880
       99840            8          81.834      1597440      6389760
       99840           16         158.748      3194880     12779520
       99840           32         312.900      6389760     25559040
       99840           64         639.988     12779520     51118080
       99840          128        1262.877     25559040    102236160
       99840          256        2538.716     51118080    204472320
       99840          512        5063.470    102236160    408944640
       99840         1024       10128.600    204472320    817889280
       99840         2048       20260.810    408944640   1635778560
       99840         4096       40539.571    817889280   3271557120
       99840         8192       81067.541   1635778560   6543114240
      109824            1          10.938       219648       878592
      109824            2          22.074       439296      1757184
      109824            4          45.363       878592      3514368
      109824            8          94.789      1757184      7028736
      109824           16         170.925      3514368     14057472
      109824           32         356.870      7028736     28114944
      109824           64         688.199     14057472     56229888
      109824          128        1399.338     28114944    112459776
      109824          256        2786.425     56229888    224919552
      109824          512        5567.390    112459776    449839104
      109824         1024       11139.735    224919552    899678208
      109824         2048       22293.948    449839104   1799356416
      109824         4096       44569.319    899678208   3598712832
      109824         8192       89153.452   1799356416   7197425664
      120768            1          10.280       241536       966144
      120768            2          21.481       483072      1932288
      120768            4          49.464       966144      3864576
      120768            8         101.070      1932288      7729152
      120768           16         187.833      3864576     15458304
      120768           32         378.172      7729152     30916608
      120768           64         770.375     15458304     61833216
      120768          128        1537.457     30916608    123666432
      120768          256        3064.909     61833216    247332864
      120768          512        6135.516    123666432    494665728
      120768         1024       12271.405    247332864    989331456
      120768         2048       24556.879    494665728   1978662912
      120768         4096       49098.027    989331456   3957325824
      120768         8192       99322.826   1978662912   7914651648
      132672            1          13.182       265344      1061376
      132672            2          24.313       530688      2122752
      132672            4          54.205      1061376      4245504
      132672            8         109.243      2122752      8491008
      132672           16         206.239      4245504     16982016
      132672           32         414.283      8491008     33964032
      132672           64         842.596     16982016     67928064
      132672          128        1686.651     33964032    135856128
      132672          256        3364.556     67928064    271712256
      132672          512        6740.875    135856128    543424512
      132672         1024       13483.624    271712256   1086849024
      132672         2048       27044.661    543424512   2173698048
      132672         4096       53917.603   1086849024   4347396096
      145920            1          13.496       291840      1167360
      145920            2          24.775       583680      2334720
      145920            4          58.448      1167360      4669440
      145920            8         120.633      2334720      9338880
      145920           16         226.056      4669440     18677760
      145920           32         469.319      9338880     37355520
      145920           64         922.624     18677760     74711040
      145920          128        1839.143     37355520    149422080
      145920          256        3698.765     74711040    298844160
      145920          512        7402.145    149422080    597688320
      145920         1024       14793.529    298844160   1195376640
      145920         2048       29618.068    597688320   2390753280
      145920         4096       59542.099   1195376640   4781506560
      160512            1          14.134       321024      1284096
      160512            2          28.570       642048      2568192
      160512            4          62.900      1284096      5136384
      160512            8         126.470      2568192     10272768
      160512           16         249.061      5136384     20545536
      160512           32         512.943     10272768     41091072
      160512           64        1013.282     20545536     82182144
      160512          128        2029.598     41091072    164364288
      160512          256        4064.242     82182144    328728576
      160512          512        8134.488    164364288    657457152
      160512         1024       16276.256    328728576   1314914304
      160512         2048       32610.489    657457152   2629828608
      160512         4096       65133.368   1314914304   5259657216
      176448            1          15.508       352896      1411584
      176448            2          30.536       705792      2823168
      176448            4          68.716      1411584      5646336
      176448            8         153.996      2823168     11292672
      176448           16         271.895      5646336     22585344
      176448           32         551.462     11292672     45170688
      176448           64        1126.139     22585344     90341376
      176448          128        2233.042     45170688    180682752
      176448          256        4469.414     90341376    361365504
      176448          512        8962.710    180682752    722731008
      176448         1024       17929.005    361365504   1445462016
      176448         2048       35845.205    722731008   2890924032
      176448         4096       71704.258   1445462016   5781848064
      193920            1          18.375       387840      1551360
      193920            2          48.060       775680      3102720
      193920            4          74.898      1551360      6205440
      193920            8         151.679      3102720     12410880
      193920           16         299.467      6205440     24821760
      193920           32         613.128     12410880     49643520
      193920           64        1221.150     24821760     99287040
      193920          128        2448.053     49643520    198574080
      193920          256        4913.582     99287040    397148160
      193920          512        9835.128    198574080    794296320
      193920         1024       19680.123    397148160   1588592640
      193920         2048       39350.350    794296320   3177185280
      193920         4096       78722.399   1588592640   6354370560
      213312            1          17.328       426624      1706496
      213312            2          36.899       853248      3412992
      213312            4          82.310      1706496      6825984
      213312            8         163.946      3412992     13651968
      213312           16         344.736      6825984     27303936
      213312           32         672.810     13651968     54607872
      213312           64        1343.843     27303936    109215744
      213312          128        2705.675     54607872    218431488
      213312          256        5402.899    109215744    436862976
      213312          512       10856.334    218431488    873725952
      213312         1024       21647.077    436862976   1747451904
      213312         2048       43308.326    873725952   3494903808
      213312         4096       86646.135   1747451904   6989807616
      234624            1          19.386       469248      1876992
      234624            2          39.409       938496      3753984
      234624            4          89.059      1876992      7507968
      234624            8         175.385      3753984     15015936
      234624           16         360.482      7507968     30031872
      234624           32         740.560     15015936     60063744
      234624           64        1484.091     30031872    120127488
      234624          128        2966.301     60063744    240254976
      234624          256        6909.682    120127488    480509952
      234624          512       11883.745    240254976    961019904
      234624         1024       23801.471    480509952   1922039808
      234624         2048       47598.335    961019904   3844079616
      234624         4096       95240.800   1922039808   7688159232
      258048            1          22.966       516096      2064384
      258048            2          44.250      1032192      4128768
      258048            4          99.875      2064384      8257536
      258048            8         191.930      4128768     16515072
      258048           16         397.605      8257536     33030144
      258048           32         809.955     16515072     66060288
      258048           64        1629.137     33030144    132120576
      258048          128        3260.084     66060288    264241152
      258048          256        7044.460    132120576    528482304
      258048          512       15873.211    264241152   1056964608
      258048         1024       27911.513    528482304   2113929216
      258048         2048       59450.509   1056964608   4227858432
      258048         4096      107005.370   2113929216   8455716864
      283776            1          21.727       567552      2270208
      283776            2          46.010      1135104      4540416
      283776            4         105.479      2270208      9080832
      283776            8         213.798      4540416     18161664
      283776           16         434.047      9080832     36323328
      283776           32         899.716     18161664     72646656
      283776           64        1794.451     36323328    145293312
      283776          128        3604.758     72646656    290586624
      283776          256        7220.301    145293312    581173248
      283776          512       14466.720    290586624   1162346496
      283776         1024       28935.165    581173248   2324692992
      283776         2048       63996.363   1162346496   4649385984
      312000            1          28.458       624000      2496000
      312000            2          53.565      1248000      4992000
      312000            4         133.513      2496000      9984000
      312000            8         301.482      4992000     19968000
      312000           16         818.514      9984000     39936000
      312000           32        1809.661     19968000     79872000
      312000           64        3655.618     39936000    159744000
      312000          128        6817.671     79872000    319488000
      312000          256        8011.713    159744000    638976000
      312000          512       16096.166    319488000   1277952000
      312000         1024       31661.949    638976000   2555904000
      312000         2048       63922.193   1277952000   5111808000
      343104            1          28.679       686208      2744832
      343104            2          55.083      1372416      5489664
      343104            4         125.187      2744832     10979328
      343104            8         256.024      5489664     21958656
      343104           16         536.753     10979328     43917312
      343104           32        1072.417     21958656     87834624
      343104           64        2160.181     43917312    175669248
      343104          128        4334.357     87834624    351338496
      343104          256        8694.655    175669248    702676992
      343104          512       17392.986    351338496   1405353984
      343104         1024       34821.821    702676992   2810707968
      343104         2048       69662.788   1405353984   5621415936
      377280            1          29.482       754560      3018240
      377280            2          59.509      1509120      6036480
      377280            4         136.645      3018240     12072960
      377280            8         293.817      6036480     24145920
      377280           16         575.160     12072960     48291840
      377280           32        1177.106     24145920     96583680
      377280           64        2382.605     48291840    193167360
      377280          128        4774.633     96583680    386334720
      377280          256        9550.973    193167360    772669440
      377280          512       19127.059    386334720   1545338880
      377280         1024       38281.484    772669440   3090677760
      377280         2048       76571.342   1545338880   6181355520
      414912            1          31.657       829824      3319296
      414912            2          65.575      1659648      6638592
      414912            4         163.676      3319296     13277184
      414912            8         308.260      6638592     26554368
      414912           16         642.556     13277184     53108736
      414912           32        1295.284     26554368    106217472
      414912           64        2616.841     53108736    212434944
      414912          128        5242.647    106217472    424869888
      414912          256       10508.688    212434944    849739776
      414912          512       21036.728    424869888   1699479552
      414912         1024       42089.487    849739776   3398959104
      414912         2048       84221.794   1699479552   6797918208
      456384            1          34.897       912768      3651072
      456384            2          70.002      1825536      7302144
      456384            4         162.754      3651072     14604288
      456384            8         352.782      7302144     29208576
      456384           16         704.855     14604288     58417152
      456384           32        1432.471     29208576    116834304
      456384           64        2875.391     58417152    233668608
      456384          128        5761.156    116834304    467337216
      456384          256       11561.397    233668608    934674432
      456384          512       23143.127    467337216   1869348864
      456384         1024       46301.607    934674432   3738697728
      456384         2048       92647.454   1869348864   7477395456
      501888            1          38.595      1003776      4015104
      501888            2          76.111      2007552      8030208
      501888            4         191.282      4015104     16060416
      501888            8         370.219      8030208     32120832
      501888           16         773.242     16060416     64241664
      501888           32        1561.015     32120832    128483328
      501888           64        3156.322     64241664    256966656
      501888          128        6347.971    128483328    513933312
      501888          256       12704.512    256966656   1027866624
      501888          512       25448.349    513933312   2055733248
      501888         1024       50989.758   1027866624   4111466496
      501888         2048      101894.068   2055733248   8222932992
      552000            1          42.607      1104000      4416000
      552000            2          84.242      2208000      8832000
      552000            4         194.552      4416000     17664000
      552000            8         421.305      8832000     35328000
      552000           16         849.455     17664000     70656000
      552000           32        1715.465     35328000    141312000
      552000           64        3478.619     70656000    282624000
      552000          128        6974.933    141312000    565248000
      552000          256       13986.256    282624000   1130496000
      552000          512       27986.561    565248000   2260992000
      552000         1024       56917.456   1130496000   4521984000
      607104            1          44.604      1214208      4856832
      607104            2          90.910      2428416      9713664
      607104            4         212.849      4856832     19427328
      607104            8         461.024      9713664     38854656
      607104           16         933.446     19427328     77709312
      607104           32        1898.031     38854656    155418624
      607104           64        3820.277     77709312    310837248
      607104          128        7661.180    155418624    621674496
      607104          256       15372.508    310837248   1243348992
      607104          512       30758.740    621674496   2486697984
      607104         1024       61574.338   1243348992   4973395968
      667776            1          51.126      1335552      5342208
      667776            2         100.106      2671104     10684416
      667776            4         245.127      5342208     21368832
      667776            8         491.168     10684416     42737664
      667776           16        1062.831     21368832     85475328
      667776           32        2083.400     42737664    170950656
      667776           64        4198.760     85475328    341901312
      667776          128        8438.215    170950656    683802624
      667776          256       16903.977    341901312   1367605248
      667776          512       33837.137    683802624   2735210496
      667776         1024       67705.791   1367605248   5470420992
      734400            1          54.679      1468800      5875200
      734400            2         109.676      2937600     11750400
      734400            4         256.077      5875200     23500800
      734400            8         551.669     11750400     47001600
      734400           16        1126.208     23500800     94003200
      734400           32        2288.590     47001600    188006400
      734400           64        4626.590     94003200    376012800
      734400          128        9277.321    188006400    752025600
      734400          256       18598.694    376012800   1504051200
      734400          512       37224.358    752025600   3008102400
      734400         1024       74486.146   1504051200   6016204800
      807744            1          58.570      1615488      6461952
      807744            2         119.596      3230976     12923904
      807744            4         276.586      6461952     25847808
      807744            8         604.394     12923904     51695616
      807744           16        1237.078     25847808    103391232
      807744           32        2516.567     51695616    206782464
      807744           64        5081.219    103391232    413564928
      807744          128       10215.560    206782464    827129856
      807744          256       20450.115    413564928   1654259712
      807744          512       40955.333    827129856   3308519424
      807744         1024       81949.360   1654259712   6617038848
      888384            1          65.397      1776768      7107072
      888384            2         132.061      3553536     14214144
      888384            4         319.406      7107072     28428288
      888384            8         650.542     14214144     56856576
      888384           16        1368.049     28428288    113713152
      888384           32        2772.998     56856576    227426304
      888384           64        5582.313    113713152    454852608
      888384          128       11222.422    227426304    909705216
      888384          256       22522.085    454852608   1819410432
      888384          512       45033.294    909705216   3638820864
      888384         1024       90137.394   1819410432   7277641728
      977088            1          70.295      1954176      7816704
      977088            2         159.926      3908352     15633408
      977088            4         333.087      7816704     31266816
      977088            8         726.580     15633408     62533632
      977088           16        1491.937     31266816    125067264
      977088           32        3046.918     62533632    250134528
      977088           64        6141.808    125067264    500269056
      977088          128       12351.056    250134528   1000538112
      977088          256       24726.176    500269056   2001076224
      977088          512       49521.049   1000538112   4002152448
      977088         1024       99578.317   2001076224   8004304896
     1074624            1          78.223      2149248      8596992
     1074624            2         158.484      4298496     17193984
     1074624            4         364.372      8596992     34387968
     1074624            8         799.378     17193984     68775936
     1074624           16        1650.210     34387968    137551872
     1074624           32        3347.028     68775936    275103744
     1074624           64        6761.896    137551872    550207488
     1074624          128       13573.975    275103744   1100414976
     1074624          256       27200.829    550207488   2200829952
     1074624          512       54458.413   1100414976   4401659904
     1181952            1         101.541      2363904      9455616
     1181952            2         175.607      4727808     18911232
     1181952            4         401.815      9455616     37822464
     1181952            8         875.203     18911232     75644928
     1181952           16        1811.393     37822464    151289856
     1181952           32        3685.683     75644928    302579712
     1181952           64        7428.779    151289856    605159424
     1181952          128       14927.212    302579712   1210318848
     1181952          256       29913.360    605159424   2420637696
     1181952          512       59897.633   1210318848   4841275392
     1300032            1          94.677      2600064     10400256
     1300032            2         190.524      5200128     20800512
     1300032            4         456.185     10400256     41601024
     1300032            8         961.500     20800512     83202048
     1300032           16        1991.417     41601024    166404096
     1300032           32        4052.931     83202048    332808192
     1300032           64        8184.570    166404096    665616384
     1300032          128       16415.684    332808192   1331232768
     1300032          256       32908.038    665616384   2662465536
     1300032          512       65884.528   1331232768   5324931072
     1430016            1         103.650      2860032     11440128
     1430016            2         207.668      5720064     22880256
     1430016            4         484.618     11440128     45760512
     1430016            8        1056.738     22880256     91521024
     1430016           16        2186.263     45760512    183042048
     1430016           32        4461.001     91521024    366084096
     1430016           64        8989.265    183042048    732168192
     1430016          128       18057.101    366084096   1464336384
     1430016          256       36200.369    732168192   2928672768
     1430016          512       72483.935   1464336384   5857345536
     1572864            1         113.129      3145728     12582912
     1572864            2         228.117      6291456     25165824
     1572864            4         547.153     12582912     50331648
     1572864            8        1159.903     25165824    100663296
     1572864           16        2403.213     50331648    201326592
     1572864           32        4901.368    100663296    402653184
     1572864           64        9885.667    201326592    805306368
     1572864          128       19861.963    402653184   1610612736
     1572864          256       39829.715    805306368   3221225472
     1572864          512       80598.273   1610612736   6442450944
     1730112            1         123.147      3460224     13840896
     1730112            2         248.864      6920448     27681792
     1730112            4         600.531     13840896     55363584
     1730112            8        1274.687     27681792    110727168
     1730112           16        2653.830     55363584    221454336
     1730112           32        5395.379    110727168    442908672
     1730112           64       10881.575    221454336    885817344
     1730112          128       21851.884    442908672   1771634688
     1730112          256       43798.859    885817344   3543269376
     1730112          512       87677.554   1771634688   7086538752
     1903104            1         153.174      3806208     15224832
     1903104            2         272.273      7612416     30449664
     1903104            4         655.925     15224832     60899328
     1903104            8        1398.802     30449664    121798656
     1903104           16        2913.406     60899328    243597312
     1903104           32        5931.047    121798656    487194624
     1903104           64       11968.617    243597312    974389248
     1903104          128       24036.152    487194624   1948778496
     1903104          256       48166.287    974389248   3897556992
     1903104          512       96441.333   1948778496   7795113984
     2093376            1         148.759      4186752     16747008
     2093376            2         302.690      8373504     33494016
     2093376            4         719.960     16747008     66988032
     2093376            8        1539.518     33494016    133976064
     2093376           16        3212.292     66988032    267952128
     2093376           32        6516.868    133976064    535904256
     2093376           64       13166.141    267952128   1071808512
     2093376          128       26441.463    535904256   2143617024
     2093376          256       54753.049   1071808512   4287234048
     2093376          512      117411.693   2143617024   8574468096
     2302656            1         269.526      4605312     18421248
     2302656            2         475.028      9210624     36842496
     2302656            4        1142.877     18421248     73684992
     2302656            8        2526.603     36842496    147369984
     2302656           16        5180.314     73684992    294739968
     2302656           32       10582.031    147369984    589479936
     2302656           64       21386.161    294739968   1178959872
     2302656          128       43111.523    589479936   2357919744
     2302656          256       86204.710   1178959872   4715839488
     2532864            1         263.727      5065728     20262912
     2532864            2         538.840     10131456     40525824
     2532864            4        1258.088     20262912     81051648
     2532864            8        2775.346     40525824    162103296
     2532864           16        5753.884     81051648    324206592
     2532864           32       11693.935    162103296    648413184
     2532864           64       23650.330    324206592   1296826368
     2532864          128       42957.658    648413184   2593652736
     2532864          256       88630.160   1296826368   5187305472
     2786112            1         276.687      5572224     22288896
     2786112            2         509.413     11144448     44577792
     2786112            4        1407.005     22288896     89155584
     2786112            8        3045.968     44577792    178311168
     2786112           16        6300.845     89155584    356622336
     2786112           32       12826.978    178311168    713244672
     2786112           64       26004.674    356622336   1426489344
     2786112          128       50561.538    713244672   2852978688
     2786112          256       82251.183   1426489344   5705957376
     3064704            1         286.900      6129408     24517632
     3064704            2         580.106     12258816     49035264
     3064704            4        1370.262     24517632     98070528
     3064704            8        2963.695     49035264    196141056
     3064704           16        6078.425     98070528    392282112
     3064704           32       11403.717    196141056    784564224
     3064704           64       19660.895    392282112   1569128448
     3064704          128       40919.758    784564224   3138256896
     3064704          256       81182.797   1569128448   6276513792
     3371136            1         291.878      6742272     26969088
     3371136            2         616.119     13484544     53938176
     3371136            4        1494.228     26969088    107876352
     3371136            8        3002.482     53938176    215752704
     3371136           16        5465.139    107876352    431505408
     3371136           32       11508.470    215752704    863010816
     3371136           64       22198.169    431505408   1726021632
     3371136          128       45130.683    863010816   3452043264
     3371136          256       87684.178   1726021632   6904086528
     3708096            1         322.670      7416192     29664768
     3708096            2         594.783     14832384     59329536
     3708096            4        1450.368     29664768    118659072
     3708096            8        3128.565     59329536    237318144
     3708096           16        6148.997    118659072    474636288
     3708096           32       13096.699    237318144    949272576
     3708096           64       24109.067    474636288   1898545152
     3708096          128       48822.786    949272576   3797090304
     3708096          256       96869.857   1898545152   7594180608
     4078848            1         335.779      8157696     32630784
     4078848            2         671.343     16315392     65261568
     4078848            4        1629.470     32630784    130523136
     4078848            8        3252.408     65261568    261046272
     4078848           16        7465.137    130523136    522092544
     4078848           32       12911.665    261046272   1044185088
     4078848           64       27943.040    522092544   2088370176
     4078848          128       54510.622   1044185088   4176740352
     4078848          256      109545.675   2088370176   8353480704
     4486656            1         379.066      8973312     35893248
     4486656            2         717.418     17946624     71786496
     4486656            4        1752.046     35893248    143572992
     4486656            8        3626.964     71786496    287145984
     4486656           16        7261.492    143572992    574291968
     4486656           32       15724.331    287145984   1148583936
     4486656           64       29910.943    574291968   2297167872
     4486656          128       57769.379   1148583936   4594335744
     4935168            1         346.916      9870336     39481344
     4935168            2         712.817     19740672     78962688
     4935168            4        1673.334     39481344    157925376
     4935168            8        3987.611     78962688    315850752
     4935168           16        7985.791    157925376    631701504
     4935168           32       17277.601    315850752   1263403008
     4935168           64       31020.022    631701504   2526806016
     4935168          128       62307.739   1263403008   5053612032
     5428608            1         396.959     10857216     43428864
     5428608            2         778.301     21714432     86857728
     5428608            4        1839.705     43428864    173715456
     5428608            8        3999.919     86857728    347430912
     5428608           16        8565.710    173715456    694861824
     5428608           32       17866.653    347430912   1389723648
     5428608           64       36509.074    694861824   2779447296
     5428608          128       72500.588   1389723648   5558894592
     5971392            1         555.052     11942784     47771136
     5971392            2        1039.630     23885568     95542272
     5971392            4        2543.277     47771136    191084544
     5971392            8        5045.814     95542272    382169088
     5971392           16       10092.481    191084544    764338176
     5971392           32       20369.485    382169088   1528676352
     5971392           64       39795.435    764338176   3057352704
     5971392          128       78012.715   1528676352   6114705408
     6568512            1         518.165     13137024     52548096
     6568512            2         937.618     26274048    105096192
     6568512            4        2507.758     52548096    210192384
     6568512            8        5571.342    105096192    420384768
     6568512           16       10965.888    210192384    840769536
     6568512           32       21964.850    420384768   1681539072
     6568512           64       43813.327    840769536   3363078144
     6568512          128       85880.847   1681539072   6726156288
     7225344            1         521.360     14450688     57802752
     7225344            2        1027.901     28901376    115605504
     7225344            4        2451.330     57802752    231211008
     7225344            8        5315.763    115605504    462422016
     7225344           16       11049.141    231211008    924844032
     7225344           32       26810.190    462422016   1849688064
     7225344           64       53797.915    924844032   3699376128
     7225344          128       98490.939   1849688064   7398752256
     7947840            1         675.244     15895680     63582720
     7947840            2        1326.092     31791360    127165440
     7947840            4        3135.758     63582720    254330880
     7947840            8        6782.201    127165440    508661760
     7947840           16       13305.687    254330880   1017323520
     7947840           32       28005.873    508661760   2034647040
     7947840           64       58246.089   1017323520   4069294080
     7947840          128      114183.052   2034647040   8138588160
     8742528            1         727.648     17485056     69940224
     8742528            2        1468.207     34970112    139880448
     8742528            4        3499.821     69940224    279760896
     8742528            8        7604.583    139880448    559521792
     8742528           16       15757.637    279760896   1119043584
     8742528           32       32023.682    559521792   2238087168
     8742528           64       64750.986   1119043584   4476174336
     9616704            1         786.668     19233408     76933632
     9616704            2        1598.304     38466816    153867264
     9616704            4        3849.677     76933632    307734528
     9616704            8        8327.635    153867264    615469056
     9616704           16       17262.545    307734528   1230938112
     9616704           32       35163.375    615469056   2461876224
     9616704           64       61877.267   1230938112   4923752448
    10578240            1         754.306     21156480     84625920
    10578240            2        1491.839     42312960    169251840
    10578240            4        3592.610     84625920    338503680
    10578240            8        7775.805    169251840    677007360
    10578240           16       16178.931    338503680   1354014720
    10578240           32       33094.016    677007360   2708029440
    10578240           64       66471.127   1354014720   5416058880
    11635968            1         828.984     23271936     93087744
    11635968            2        1648.917     46543872    186175488
    11635968            4        3950.788     93087744    372350976
    11635968            8        8551.708    186175488    744701952
    11635968           16       17782.458    372350976   1489403904
    11635968           32       36218.781    744701952   2978807808
    11635968           64       73121.754   1489403904   5957615616
    12799488            1         908.450     25598976    102395904
    12799488            2        1808.619     51197952    204791808
    12799488            4        4337.958    102395904    409583616
    12799488            8        9420.204    204791808    819167232
    12799488           16       19581.555    409583616   1638334464
    12799488           32       39865.464    819167232   3276668928
    12799488           64       81335.001   1638334464   6553337856
    14079360            1         999.818     28158720    112634880
    14079360            2        1989.084     56317440    225269760
    14079360            4        4776.132    112634880    450539520
    14079360            8       10355.367    225269760    901079040
    14079360           16       21520.784    450539520   1802158080
    14079360           32       43926.044    901079040   3604316160
    14079360           64       88518.680   1802158080   7208632320
    15487296            1        1095.073     30974592    123898368
    15487296            2        2182.871     61949184    247796736
    15487296            4        5246.633    123898368    495593472
    15487296            8       11391.289    247796736    991186944
    15487296           16       23655.019    495593472   1982373888
    15487296           32       48206.704    991186944   3964747776
    15487296           64       97294.652   1982373888   7929495552
    17035968            1        1208.203     34071936    136287744
    17035968            2        2401.978     68143872    272575488
    17035968            4        5777.214    136287744    545150976
    17035968            8       12533.534    272575488   1090301952
    17035968           16       26043.057    545150976   2180603904
    17035968           32       53010.998   1090301952   4361207808
    18739392            1        1323.531     37478784    149915136
    18739392            2        2647.642     74957568    299830272
    18739392            4        6347.760    149915136    599660544
    18739392            8       13783.523    299830272   1199321088
    18739392           16       28619.011    599660544   2398642176
    18739392           32       58318.050   1199321088   4797284352
    20613312            1        1466.949     41226624    164906496
    20613312            2        2911.546     82453248    329812992
    20613312            4        6985.789    164906496    659625984
    20613312            8       15149.562    329812992   1319251968
    20613312           16       31472.572    659625984   2638503936
    20613312           32       64134.684   1319251968   5277007872
    22674624            1        1593.153     45349248    181396992
    22674624            2        3196.130     90698496    362793984
    22674624            4        7689.871    181396992    725587968
    22674624            8       16667.746    362793984   1451175936
    22674624           16       34630.599    725587968   2902351872
    22674624           32       70564.718   1451175936   5804703744
    24941952            1        1765.391     49883904    199535616
    24941952            2        3511.700     99767808    399071232
    24941952            4        8459.691    199535616    798142464
    24941952            8       18363.649    399071232   1596284928
    24941952           16       38109.644    798142464   3192569856
    24941952           32       77616.636   1596284928   6385139712
    27436032            1        1941.981     54872064    219488256
    27436032            2        3887.315    109744128    438976512
    27436032            4        9317.797    219488256    877953024
    27436032            8       20424.238    438976512   1755906048
    27436032           16       42185.067    877953024   3511812096
    27436032           32       85394.149   1755906048   7023624192
    30179520            1        2127.926     60359040    241436160
    30179520            2        4253.531    120718080    482872320
    30179520            4       10226.600    241436160    965744640
    30179520            8       22189.371    482872320   1931489280
    30179520           16       46090.143    965744640   3862978560
    30179520           32       93905.970   1931489280   7725957120
    33197376            1        2340.214     66394752    265579008
    33197376            2        4687.481    132789504    531158016
    33197376            4       11246.630    265579008   1062316032
    33197376            8       24398.351    531158016   2124632064
    33197376           16       50705.924   1062316032   4249264128
    33197376           32      103377.865   2124632064   8498528256
    36517056            1        2588.296     73034112    292136448
    36517056            2        5146.988    146068224    584272896
    36517056            4       12383.248    292136448   1168545792
    36517056            8       26834.052    584272896   2337091584
    36517056           16       55767.997   1168545792   4674183168
    40168704            1        2842.554     80337408    321349632
    40168704            2        5665.564    160674816    642699264
    40168704            4       13605.245    321349632   1285398528
    40168704            8       29533.476    642699264   2570797056
    40168704           16       61349.812   1285398528   5141594112
    44185536            1        3174.993     88371072    353484288
    44185536            2        6231.588    176742144    706968576
    44185536            4       14995.866    353484288   1413937152
    44185536            8       32478.118    706968576   2827874304
    44185536           16       67534.297   1413937152   5655748608
    48604032            1        3428.393     97208064    388832256
    48604032            2        6852.246    194416128    777664512
    48604032            4       16486.967    388832256   1555329024
    48604032            8       35761.084    777664512   3110658048
    48604032           16       74289.528   1555329024   6221316096
    53464320            1        3778.103    106928640    427714560
    53464320            2        8561.225    213857280    855429120
    53464320            4       18138.276    427714560   1710858240
    53464320            8       39335.125    855429120   3421716480
    53464320           16       81719.987   1710858240   6843432960
    58810752            1        4149.167    117621504    470486016
    58810752            2        8287.026    235243008    940972032
    58810752            4       19941.938    470486016   1881944064
    58810752            8       43261.837    940972032   3763888128
    58810752           16       89906.696   1881944064   7527776256
    64691712            1        4572.725    129383424    517533696
    64691712            2        9118.745    258766848   1035067392
    64691712            4       21940.123    517533696   2070134784
    64691712            8       47595.380   1035067392   4140269568
    64691712           16       98894.279   2070134784   8280539136
    71160768            1        5018.589    142321536    569286144
    71160768            2       10032.252    284643072   1138572288
    71160768            4       24135.195    569286144   2277144576
    71160768            8       52346.826   1138572288   4554289152
    78276672            1        5532.750    156553344    626213376
    78276672            2       11033.577    313106688   1252426752
    78276672            4       26538.369    626213376   2504853504
    78276672            8       57591.988   1252426752   5009707008
    86104320            1        6093.998    172208640    688834560
    86104320            2       12160.811    344417280   1377669120
    86104320            4       29208.623    688834560   2755338240
    86104320            8       63471.815   1377669120   5510676480
    94714752            1        6705.671    189429504    757718016
    94714752            2       13354.935    378859008   1515436032
    94714752            4       32151.762    757718016   3030872064
    94714752            8       69690.008   1515436032   6061744128
   104186112            1        7348.429    208372224    833488896
   104186112            2       14691.646    416744448   1666977792
   104186112            4       35345.852    833488896   3333955584
   104186112            8       76647.003   1666977792   6667911168
   114604608            1        8085.911    229209216    916836864
   114604608            2       16157.647    458418432   1833673728
   114604608            4       38865.713    916836864   3667347456
   114604608            8       84286.126   1833673728   7334694912
   126064896            1        8899.484    252129792   1008519168
   126064896            2       19232.897    504259584   2017038336
   126064896            4       42740.876   1008519168   4034076672
   126064896            8       92721.414   2017038336   8068153344
   138671232            1        9789.925    277342464   1109369856
   138671232            2       19551.332    554684928   2218739712
   138671232            4       47013.292   1109369856   4437479424
   152538240            1       10775.107    305076480   1220305920
   152538240            2       21495.448    610152960   2440611840
   152538240            4       51723.828   1220305920   4881223680
   167792064            1       11840.520    335584128   1342336512
   167792064            2       23663.876    671168256   2684673024
   167792064            4       56884.932   1342336512   5369346048
   184571136            1       13040.986    369142272   1476569088
   184571136            2       26044.112    738284544   2953138176
   184571136            4       62584.357   1476569088   5906276352
   203028096            1       14326.904    406056192   1624224768
   203028096            2       28635.364    812112384   3248449536
   203028096            4       68849.462   1624224768   6496899072
   223330752            1       15757.666    446661504   1786646016
   223330752            2       31492.097    893323008   3573292032
   223330752            4       75728.401   1786646016   7146584064
   245663808            1       17324.475    491327616   1965310464
   245663808            2       34632.481    982655232   3930620928
   245663808            4       84319.231   1965310464   7861241856
   270230016            1       19051.465    540460032   2161840128
   270230016            2       38107.888   1080920064   4323680256
   297252864            1       20966.564    594505728   2378022912
   297252864            2       41914.215   1189011456   4756045824
   326978112            1       23078.558    653956224   2615824896
   326978112            2       46105.749   1307912448   5231649792
   359675904            1       25372.278    719351808   2877407232
   359675904            2       50701.129   1438703616   5754814464
   395643456            1       27898.861    791286912   3165147648
   395643456            2       55762.891   1582573824   6330295296
   435207744            1       30674.969    870415488   3481661952
   435207744            2       61357.299   1740830976   6963323904
   478728384            1       33794.711    957456768   3829827072
   478728384            2       67478.576   1914913536   7659654144
   526601088            1       37153.294   1053202176   4212808704
   526601088            2       74224.728   2106404352   8425617408
   579261120            1       40861.146   1158522240   4634088960
   637187136            1       44938.099   1274374272   5097497088
   700905792            1       49424.818   1401811584   5607246336
   770996352            1       54353.835   1541992704   6167970816
   848095872            1       59792.934   1696191744   6784766976
   932905344            1       70647.953   1865810688   7463242752
  1026195840            1       72333.092   2052391680   8209566720

META_DATA
FLOPS          64
MPI_PROCS      1
OPENMP_THREADS 24
ERT_VERSION  1.1.0
HOSTNAME  ('dp-cn26.deep', [], ['10.2.9.126'])
UNAME  uname_result(system='Linux', node='dp-cn26', release='4.18.0-513.24.1.el8_9.x86_64', version='#1 SMP Thu Apr 4 18:13:02 UTC 2024', machine='x86_64')
TIMESTAMP_DATA  1713441687.021846
CONFIG  {'ERT_RESULTS': ['Results.cn.deep.fz-juelich.de.01.gcc2023-O3-only'], 'ERT_DRIVER': ['driver1'], 'ERT_KERNEL': ['kernel1'], 'ERT_MPI': ['True'], 'ERT_MPI_CFLAGS': ['-I', '/p/software/deep/stages/2023/software/psmpi/5.9.2-1-GCC-11.3.0/include'], 'ERT_MPI_LDFLAGS': ['-L', '/p/software/deep/stages/2023/software/psmpi/5.9.2-1-GCC-11.3.0/lib', '-lmpi'], 'ERT_OPENMP': ['True'], 'ERT_OPENMP_CFLAGS': ['-fopenmp'], 'ERT_OPENMP_LDFLAGS': ['-fopenmp'], 'ERT_FLOPS': ['1,2,4,8,16,64,128'], 'ERT_ALIGN': ['64'], 'ERT_CC': ['mpicxx'], 'ERT_CFLAGS': ['-g', '-O3'], 'ERT_LD': ['mpicxx'], 'ERT_LDFLAGS': [], 'ERT_LDLIBS': [], 'ERT_PRECISION': ['FP64'], 'ERT_RUN': ['export', 'OMP_NUM_THREADS=ERT_OPENMP_THREADS;', 'export', 'OMP_PLACES="cores(ERT_OPENMP_THREADS)";', 'srun', '-p', 'dp-cn', '-n', 'ERT_MPI_PROCS', '-c', '48', '--ntasks-per-node', '1', 'ERT_CODE'], 'ERT_PROCS_THREADS': ['24'], 'ERT_MPI_PROCS': ['1'], 'ERT_OPENMP_THREADS': ['24'], 'ERT_NUM_EXPERIMENTS': ['5'], 'ERT_MEMORY_MAX': ['1073741824'], 'ERT_WORKING_SET_MIN': ['128'], 'ERT_TRIALS_MIN': ['1'], 'ERT_GNUPLOT': ['gnuplot'], 'ERT_GPU': [False], 'ERT_HIP': [False], 'ERT_OCL': [False], 'ERT_SYCL': [False], 'ERT_WSS_MULT': [1.1]}
