fp64
       24576            1           1.907        49152        24576
       24576            2           3.099        98304        49152
       24576            4           0.954       196608        98304
       24576            8           1.907       393216       196608
       24576           16           1.907       786432       393216
       24576           32          14.067      1572864       786432
       24576           64           2.861      3145728      1572864
       24576          128           4.053      6291456      3145728
       24576          256           6.914     12582912      6291456
       24576          512          15.020     25165824     12582912
       24576         1024          23.842     50331648     25165824
       24576         2048          53.167    100663296     50331648
       24576         4096          89.884    201326592    100663296
       24576         8192         120.878    402653184    201326592
       24576        16384         255.823    805306368    402653184
       24576        32768         474.215   1610612736    805306368
       26880            1           3.099        53760        26880
       26880            2          10.967       107520        53760
       26880            4           3.099       215040       107520
       26880            8           3.099       430080       215040
       26880           16           1.907       860160       430080
       26880           32           2.861      1720320       860160
       26880           64           4.053      3440640      1720320
       26880          128           5.960      6881280      3440640
       26880          256          10.967     13762560      6881280
       26880          512          20.027     27525120     13762560
       26880         1024          57.936     55050240     27525120
       26880         2048          57.936    110100480     55050240
       26880         4096          82.970    220200960    110100480
       26880         8192         169.039    440401920    220200960
       26880        16384         329.971    880803840    440401920
       26880        32768         660.181   1761607680    880803840
       29568            1           1.907        59136        29568
       29568            2           1.907       118272        59136
       29568            4           2.146       236544       118272
       29568            8           1.907       473088       236544
       29568           16          10.967       946176       473088
       29568           32           3.099      1892352       946176
       29568           64           3.815      3784704      1892352
       29568          128           8.106      7569408      3784704
       29568          256          11.921     15138816      7569408
       29568          512          21.935     30277632     15138816
       29568         1024          41.962     60555264     30277632
       29568         2048          77.009    121110528     60555264
       29568         4096          94.175    242221056    121110528
       29568         8192         177.860    484442112    242221056
       29568        16384         355.005    968884224    484442112
       29568        32768         694.036   1937768448    968884224
       32448            1           3.099        64896        32448
       32448            2           1.907       129792        64896
       32448            4           1.907       259584       129792
       32448            8           2.861       519168       259584
       32448           16           1.907      1038336       519168
       32448           32           4.053      2076672      1038336
       32448           64           5.007      4153344      2076672
       32448          128           6.914      8306688      4153344
       32448          256          12.159     16613376      8306688
       32448          512          24.080     33226752     16613376
       32448         1024          37.909     66453504     33226752
       32448         2048          66.996    132907008     66453504
       32448         4096         122.786    265814016    132907008
       32448         8192         192.881    531628032    265814016
       32448        16384         375.032   1063256064    531628032
       32448        32768         775.099   2126512128   1063256064
       35520            1           2.861        71040        35520
       35520            2          11.921       142080        71040
       35520            4           2.861       284160       142080
       35520            8           1.907       568320       284160
       35520           16           3.815      1136640       568320
       35520           32           4.053      2273280      1136640
       35520           64           4.053      4546560      2273280
       35520          128           7.868      9093120      4546560
       35520          256          13.113     18186240      9093120
       35520          512          27.895     36372480     18186240
       35520         1024          68.188     72744960     36372480
       35520         2048          63.896    145489920     72744960
       35520         4096         117.064    290979840    145489920
       35520         8192         236.034    581959680    290979840
       35520        16384         469.923   1163919360    581959680
       38976            1           2.861        77952        38976
       38976            2          11.921       155904        77952
       38976            4           2.146       311808       155904
       38976            8           2.861       623616       311808
       38976           16          13.113      1247232       623616
       38976           32           2.861      2494464      1247232
       38976           64           4.053      4988928      2494464
       38976          128           7.868      9977856      4988928
       38976          256          14.067     19955712      9977856
       38976          512          24.080     39911424     19955712
       38976         1024          40.770     79822848     39911424
       38976         2048          64.850    159645696     79822848
       38976         4096         118.017    319291392    159645696
       38976         8192         229.836    638582784    319291392
       38976        16384         437.021   1277165568    638582784
       42816            1           2.861        85632        42816
       42816            2          10.014       171264        85632
       42816            4           2.146       342528       171264
       42816            8           2.146       685056       342528
       42816           16          14.067      1370112       685056
       42816           32           2.861      2740224      1370112
       42816           64           5.007      5480448      2740224
       42816          128           8.106     10960896      5480448
       42816          256          14.067     21921792     10960896
       42816          512          26.941     43843584     21921792
       42816         1024          51.975     87687168     43843584
       42816         2048          65.088    175374336     87687168
       42816         4096         139.952    350748672    175374336
       42816         8192         236.034    701497344    350748672
       42816        16384         442.982   1402994688    701497344
       47040            1           2.861        94080        47040
       47040            2          11.921       188160        94080
       47040            4           1.907       376320       188160
       47040            8           3.815       752640       376320
       47040           16           2.146      1505280       752640
       47040           32           4.053      3010560      1505280
       47040           64           5.007      6021120      3010560
       47040          128           7.868     12042240      6021120
       47040          256          15.974     24084480     12042240
       47040          512          30.994     48168960     24084480
       47040         1024          53.883     96337920     48168960
       47040         2048          72.002    192675840     96337920
       47040         4096         133.991    385351680    192675840
       47040         8192         257.015    770703360    385351680
       47040        16384         524.044   1541406720    770703360
       51648            1           2.861       103296        51648
       51648            2          15.020       206592       103296
       51648            4           2.861       413184       206592
       51648            8          19.073       826368       413184
       51648           16           3.099      1652736       826368
       51648           32           3.815      3305472      1652736
       51648           64           6.199      6610944      3305472
       51648          128           7.868     13221888      6610944
       51648          256          15.974     26443776     13221888
       51648          512          30.994     52887552     26443776
       51648         1024          50.068    105775104     52887552
       51648         2048          97.036    211550208    105775104
       51648         4096         134.945    423100416    211550208
       51648         8192         264.883    846200832    423100416
       51648        16384         529.051   1692401664    846200832
       56640            1           2.861       113280        56640
       56640            2           0.954       226560       113280
       56640            4           2.861       453120       226560
       56640            8           2.861       906240       453120
       56640           16           3.099      1812480       906240
       56640           32           2.861      3624960      1812480
       56640           64           5.007      7249920      3624960
       56640          128          10.967     14499840      7249920
       56640          256          16.928     28999680     14499840
       56640          512          34.094     57999360     28999680
       56640         1024          56.028    115998720     57999360
       56640         2048          81.062    231997440    115998720
       56640         4096         152.111    463994880    231997440
       56640         8192         310.898    927989760    463994880
       56640        16384         579.834   1855979520    927989760
       62208            1           4.053       124416        62208
       62208            2           2.146       248832       124416
       62208            4           1.907       497664       248832
       62208            8           3.099       995328       497664
       62208           16          14.067      1990656       995328
       62208           32           4.053      3981312      1990656
       62208           64           6.199      7962624      3981312
       62208          128           7.868     15925248      7962624
       62208          256          16.928     31850496     15925248
       62208          512          34.094     63700992     31850496
       62208         1024          61.035    127401984     63700992
       62208         2048         100.136    254803968    127401984
       62208         4096         174.046    509607936    254803968
       62208         8192         339.031   1019215872    509607936
       62208        16384         684.023   2038431744   1019215872
       68352            1           3.099       136704        68352
       68352            2           2.146       273408       136704
       68352            4          12.875       546816       273408
       68352            8           2.861      1093632       546816
       68352           16           3.099      2187264      1093632
       68352           32           3.099      4374528      2187264
       68352           64          25.034      8749056      4374528
       68352          128          10.967     17498112      8749056
       68352          256          17.881     34996224     17498112
       68352          512          37.193     69992448     34996224
       68352         1024          61.035    139984896     69992448
       68352         2048         102.043    279969792    139984896
       68352         4096         182.867    559939584    279969792
       68352         8192         350.952   1119879168    559939584
       75072            1           4.053       150144        75072
       75072            2          17.166       300288       150144
       75072            4          11.921       600576       300288
       75072            8           3.099      1201152       600576
       75072           16           2.861      2402304      1201152
       75072           32           4.053      4804608      2402304
       75072           64           5.960      9609216      4804608
       75072          128          11.921     19218432      9609216
       75072          256          20.027     38436864     19218432
       75072          512          40.054     76873728     38436864
       75072         1024          61.035    153747456     76873728
       75072         2048         112.057    307494912    153747456
       75072         4096         196.934    614989824    307494912
       75072         8192         406.027   1229979648    614989824
       82560            1           4.053       165120        82560
       82560            2           1.907       330240       165120
       82560            4          11.921       660480       330240
       82560            8           2.861      1320960       660480
       82560           16           3.099      2641920      1320960
       82560           32           3.815      5283840      2641920
       82560           64           8.106     10567680      5283840
       82560          128          11.921     21135360     10567680
       82560          256          23.127     42270720     21135360
       82560          512          39.816     84541440     42270720
       82560         1024          68.903    169082880     84541440
       82560         2048         121.117    338165760    169082880
       82560         4096         213.861    676331520    338165760
       82560         8192         437.975   1352663040    676331520
       90816            1           2.861       181632        90816
       90816            2           1.907       363264       181632
       90816            4           3.099       726528       363264
       90816            8          12.875      1453056       726528
       90816           16           3.099      2906112      1453056
       90816           32           5.007      5812224      2906112
       90816           64           8.106     11624448      5812224
       90816          128          12.875     23248896     11624448
       90816          256          24.080     46497792     23248896
       90816          512          41.962     92995584     46497792
       90816         1024          70.095    185991168     92995584
       90816         2048         140.905    371982336    185991168
       90816         4096         232.935    743964672    371982336
       90816         8192         459.194   1487929344    743964672
       99840            1           4.053       199680        99840
       99840            2           1.907       399360       199680
       99840            4          11.921       798720       399360
       99840            8           3.099      1597440       798720
       99840           16           3.099      3194880      1597440
       99840           32           5.007      6389760      3194880
       99840           64           8.106     12779520      6389760
       99840          128          13.828     25559040     12779520
       99840          256          25.988     51118080     25559040
       99840          512          46.015    102236160     51118080
       99840         1024          71.049    204472320    102236160
       99840         2048         132.084    408944640    204472320
       99840         4096         253.916    817889280    408944640
       99840         8192         516.891   1635778560    817889280
      109824            1           4.053       219648       109824
      109824            2           1.907       439296       219648
      109824            4          13.828       878592       439296
      109824            8          14.067      1757184       878592
      109824           16           2.861      3514368      1757184
      109824           32           5.007      7028736      3514368
      109824           64           9.060     14057472      7028736
      109824          128          15.020     28114944     14057472
      109824          256          27.895     56229888     28114944
      109824          512          50.068    112459776     56229888
      109824         1024          82.016    224919552    112459776
      109824         2048         168.085    449839104    224919552
      109824         4096         288.963    899678208    449839104
      109824         8192         584.841   1799356416    899678208
      120768            1           4.053       241536       120768
      120768            2           1.907       483072       241536
      120768            4           2.861       966144       483072
      120768            8           3.099      1932288       966144
      120768           16           4.053      3864576      1932288
      120768           32           5.960      7729152      3864576
      120768           64          10.014     15458304      7729152
      120768          128          15.974     30916608     15458304
      120768          256          32.187     61833216     30916608
      120768          512          59.843    123666432     61833216
      120768         1024          83.923    247332864    123666432
      120768         2048         159.979    494665728    247332864
      120768         4096         330.925    989331456    494665728
      120768         8192         620.127   1978662912    989331456
      132672            1           4.053       265344       132672
      132672            2           1.907       530688       265344
      132672            4          12.875      1061376       530688
      132672            8          12.159      2122752      1061376
      132672           16           3.815      4245504      2122752
      132672           32           5.960      8491008      4245504
      132672           64          10.014     16982016      8491008
      132672          128          17.166     33964032     16982016
      132672          256          35.048     67928064     33964032
      132672          512          57.936    135856128     67928064
      132672         1024          91.076    271712256    135856128
      132672         2048         174.046    543424512    271712256
      132672         4096         339.985   1086849024    543424512
      145920            1           4.053       291840       145920
      145920            2           0.954       583680       291840
      145920            4           2.146      1167360       583680
      145920            8           2.861      2334720      1167360
      145920           16           4.053      4669440      2334720
      145920           32           4.053      9338880      4669440
      145920           64          10.014     18677760      9338880
      145920          128          18.120     37355520     18677760
      145920          256          36.955     74711040     37355520
      145920          512          62.943    149422080     74711040
      145920         1024          97.990    298844160    149422080
      145920         2048         189.066    597688320    298844160
      145920         4096         386.000   1195376640    597688320
      160512            1           4.053       321024       160512
      160512            2           1.907       642048       321024
      160512            4           2.861      1284096       642048
      160512            8           4.053      2568192      1284096
      160512           16           4.053      5136384      2568192
      160512           32           7.153     10272768      5136384
      160512           64          11.921     20545536     10272768
      160512          128          19.073     41091072     20545536
      160512          256          38.862     82182144     41091072
      160512          512          71.049    164364288     82182144
      160512         1024         109.911    328728576    164364288
      160512         2048         231.981    657457152    328728576
      160512         4096         416.040   1314914304    657457152
      176448            1           5.007       352896       176448
      176448            2           1.907       705792       352896
      176448            4           4.053      1411584       705792
      176448            8          14.067      2823168      1411584
      176448           16           4.053      5646336      2823168
      176448           32           6.914     11292672      5646336
      176448           64          11.921     22585344     11292672
      176448          128          20.027     45170688     22585344
      176448          256          42.200     90341376     45170688
      176448          512          89.884    180682752     90341376
      176448         1024         118.971    361365504    180682752
      176448         2048         226.021    722731008    361365504
      176448         4096         455.141   1445462016    722731008
      193920            1           5.007       387840       193920
      193920            2           3.099       775680       387840
      193920            4          13.113      1551360       775680
      193920            8           3.099      3102720      1551360
      193920           16           5.007      6205440      3102720
      193920           32           6.914     12410880      6205440
      193920           64          12.875     24821760     12410880
      193920          128          24.080     49643520     24821760
      193920          256          41.962     99287040     49643520
      193920          512          70.095    198574080     99287040
      193920         1024         139.952    397148160    198574080
      193920         2048         252.008    794296320    397148160
      193920         4096         504.017   1588592640    794296320
      213312            1           5.007       426624       213312
      213312            2           4.053       853248       426624
      213312            4           2.861      1706496       853248
      213312            8           3.099      3412992      1706496
      213312           16           4.053      6825984      3412992
      213312           32           7.868     13651968      6825984
      213312           64          14.067     27303936     13651968
      213312          128          24.080     54607872     27303936
      213312          256          43.869    109215744     54607872
      213312          512          77.009    218431488    109215744
      213312         1024         161.886    436862976    218431488
      213312         2048         271.082    873725952    436862976
      213312         4096         537.157   1747451904    873725952
      234624            1           3.815       469248       234624
      234624            2           3.099       938496       469248
      234624            4           2.861      1876992       938496
      234624            8           3.099      3753984      1876992
      234624           16           3.815      7507968      3753984
      234624           32           9.060     15015936      7507968
      234624           64          15.020     30031872     15015936
      234624          128          27.895     60063744     30031872
      234624          256          51.975    120127488     60063744
      234624          512          80.824    240254976    120127488
      234624         1024         152.826    480509952    240254976
      234624         2048         299.931    961019904    480509952
      234624         4096         607.014   1922039808    961019904
      258048            1           5.007       516096       258048
      258048            2           2.861      1032192       516096
      258048            4           3.099      2064384      1032192
      258048            8           2.861      4128768      2064384
      258048           16           5.007      8257536      4128768
      258048           32           9.060     16515072      8257536
      258048           64          15.974     33030144     16515072
      258048          128          49.829     66060288     33030144
      258048          256          56.028    132120576     66060288
      258048          512          88.930    264241152    132120576
      258048         1024         171.900    528482304    264241152
      258048         2048         334.978   1056964608    528482304
      258048         4096         676.870   2113929216   1056964608
      283776            1           4.053       567552       283776
      283776            2           4.053      1135104       567552
      283776            4          14.067      2270208      1135104
      283776            8           2.861      4540416      2270208
      283776           16           5.007      9080832      4540416
      283776           32          10.967     18161664      9080832
      283776           64          16.928     36323328     18161664
      283776          128          34.809     72646656     36323328
      283776          256          61.035    145293312     72646656
      283776          512         116.825    290586624    145293312
      283776         1024         187.874    581173248    290586624
      283776         2048         369.072   1162346496    581173248
      312000            1           5.960       624000       312000
      312000            2           4.053      1248000       624000
      312000            4          12.875      2496000      1248000
      312000            8           3.099      4992000      2496000
      312000           16           5.960      9984000      4992000
      312000           32          12.159     19968000      9984000
      312000           64          36.955     39936000     19968000
      312000          128          38.862     79872000     39936000
      312000          256          67.949    159744000     79872000
      312000          512         105.143    319488000    159744000
      312000         1024         201.941    638976000    319488000
      312000         2048         399.113   1277952000    638976000
      343104            1           6.199       686208       343104
      343104            2          15.020      1372416       686208
      343104            4           3.099      2744832      1372416
      343104            8           4.053      5489664      2744832
      343104           16           4.768     10979328      5489664
      343104           32          12.159     21958656     10979328
      343104           64          19.789     43917312     21958656
      343104          128          39.816     87834624     43917312
      343104          256          68.903    175669248     87834624
      343104          512         115.156    351338496    175669248
      343104         1024         221.014    702676992    351338496
      343104         2048         448.942   1405353984    702676992
      377280            1           5.960       754560       377280
      377280            2           3.099      1509120       754560
      377280            4           3.099      3018240      1509120
      377280            8           4.053      6036480      3018240
      377280           16           6.199     12072960      6036480
      377280           32          14.067     24145920     12072960
      377280           64          20.981     48291840     24145920
      377280          128          42.915     96583680     48291840
      377280          256          72.956    193167360     96583680
      377280          512         123.978    386334720    193167360
      377280         1024         267.982    772669440    386334720
      377280         2048         482.082   1545338880    772669440
      414912            1           5.960       829824       414912
      414912            2           4.053      1659648       829824
      414912            4           4.053      3319296      1659648
      414912            8           5.007      6638592      3319296
      414912           16           5.960     13277184      6638592
      414912           32          13.113     26554368     13277184
      414912           64          22.888     53108736     26554368
      414912          128          43.154    106217472     53108736
      414912          256          78.917    212434944    106217472
      414912          512         157.118    424869888    212434944
      414912         1024         329.018    849739776    424869888
      414912         2048         761.032   1699479552    849739776
      456384            1           7.153       912768       456384
      456384            2           3.099      1825536       912768
      456384            4           5.960      3651072      1825536
      456384            8           5.007      7302144      3651072
      456384           16           7.153     14604288      7302144
      456384           32          13.828     29208576     14604288
      456384           64          25.988     58417152     29208576
      456384          128          48.876    116834304     58417152
      456384          256          79.155    233668608    116834304
      456384          512         149.965    467337216    233668608
      456384         1024         290.871    934674432    467337216
      456384         2048         593.185   1869348864    934674432
      501888            1           8.106      1003776       501888
      501888            2          15.974      2007552      1003776
      501888            4          15.020      4015104      2007552
      501888            8           5.007      8030208      4015104
      501888           16           9.060     16060416      8030208
      501888           32          15.974     32120832     16060416
      501888           64          31.233     64241664     32120832
      501888          128          55.075    128483328     64241664
      501888          256          85.831    256966656    128483328
      501888          512         164.986    513933312    256966656
      501888         1024         340.939   1027866624    513933312
      501888         2048         643.015   2055733248   1027866624
      552000            1           8.106      1104000       552000
      552000            2          14.782      2208000      1104000
      552000            4           3.099      4416000      2208000
      552000            8           5.960      8832000      4416000
      552000           16           6.914     17664000      8832000
      552000           32          15.020     35328000     17664000
      552000           64          30.041     70656000     35328000
      552000          128          56.982    141312000     70656000
      552000          256          92.983    282624000    141312000
      552000          512         180.960    565248000    282624000
      552000         1024         365.019   1130496000    565248000
      607104            1          10.014      1214208       607104
      607104            2           4.053      2428416      1214208
      607104            4          15.020      4856832      2428416
      607104            8           7.153      9713664      4856832
      607104           16          10.014     19427328      9713664
      607104           32          19.073     38854656     19427328
      607104           64          36.001     77709312     38854656
      607104          128          71.049    155418624     77709312
      607104          256         154.018    310837248    155418624
      607104          512         274.181    621674496    310837248
      607104         1024         542.879   1243348992    621674496
      667776            1           9.775      1335552       667776
      667776            2           5.007      2671104      1335552
      667776            4          15.020      5342208      2671104
      667776            8           5.960     10684416      5342208
      667776           16          11.921     21368832     10684416
      667776           32          19.073     42737664     21368832
      667776           64          39.101     85475328     42737664
      667776          128          92.030    170950656     85475328
      667776          256         149.012    341901312    170950656
      667776          512         295.877    683802624    341901312
      667776         1024         606.060   1367605248    683802624
      734400            1          10.967      1468800       734400
      734400            2          15.020      2937600      1468800
      734400            4           5.960      5875200      2937600
      734400            8           6.914     11750400      5875200
      734400           16          13.113     23500800     11750400
      734400           32          23.127     47001600     23500800
      734400           64          42.915     94003200     47001600
      734400          128          85.115    188006400     94003200
      734400          256         165.939    376012800    188006400
      734400          512         327.110    752025600    376012800
      734400         1024         553.131   1504051200    752025600
      807744            1          10.967      1615488       807744
      807744            2          14.067      3230976      1615488
      807744            4           5.960      6461952      3230976
      807744            8           7.868     12923904      6461952
      807744           16          15.020     25847808     12923904
      807744           32          25.988     51695616     25847808
      807744           64          49.829    103391232     51695616
      807744          128          95.129    206782464    103391232
      807744          256         204.086    413564928    206782464
      807744          512         359.058    827129856    413564928
      807744         1024         634.909   1654259712    827129856
      888384            1          12.159      1776768       888384
      888384            2           4.053      3553536      1776768
      888384            4          17.166      7107072      3553536
      888384            8           7.868     14214144      7107072
      888384           16          15.974     28428288     14214144
      888384           32          28.133     56856576     28428288
      888384           64          53.883    113713152     56856576
      888384          128         104.904    227426304    113713152
      888384          256         208.855    454852608    227426304
      888384          512         402.212    909705216    454852608
      888384         1024         772.953   1819410432    909705216
      977088            1          12.875      1954176       977088
      977088            2           4.053      3908352      1954176
      977088            4          17.166      7816704      3908352
      977088            8           8.821     15633408      7816704
      977088           16          18.120     31266816     15633408
      977088           32          30.994     62533632     31266816
      977088           64          60.081    125067264     62533632
      977088          128         114.918    250134528    125067264
      977088          256         242.949    500269056    250134528
      977088          512         420.094   1000538112    500269056
      977088         1024         848.055   2001076224   1000538112
     1074624            1          12.875      2149248      1074624
     1074624            2           5.007      4298496      2149248
     1074624            4          22.173      8596992      4298496
     1074624            8           9.775     17193984      8596992
     1074624           16          19.073     34387968     17193984
     1074624           32          36.001     68775936     34387968
     1074624           64          67.949    137551872     68775936
     1074624          128         127.077    275103744    137551872
     1074624          256         254.154    550207488    275103744
     1074624          512         460.863   1100414976    550207488
     1181952            1          14.067      2363904      1181952
     1181952            2          16.212      4727808      2363904
     1181952            4           6.199      9455616      4727808
     1181952            8          10.967     18911232      9455616
     1181952           16          20.981     37822464     18911232
     1181952           32          39.816     75644928     37822464
     1181952           64          72.956    151289856     75644928
     1181952          128         139.952    302579712    151289856
     1181952          256         277.042    605159424    302579712
     1181952          512         544.071   1210318848    605159424
     1300032            1          16.928      2600064      1300032
     1300032            2          13.828      5200128      2600064
     1300032            4           7.153     10400256      5200128
     1300032            8          12.159     20800512     10400256
     1300032           16          23.127     41601024     20800512
     1300032           32          45.061     83202048     41601024
     1300032           64          80.824    166404096     83202048
     1300032          128         150.919    332808192    166404096
     1300032          256         302.076    665616384    332808192
     1300032          512         555.992   1331232768    665616384
     1430016            1          17.166      2860032      1430016
     1430016            2           5.007      5720064      2860032
     1430016            4          18.120     11440128      5720064
     1430016            8          11.921     22880256     11440128
     1430016           16          24.080     45760512     22880256
     1430016           32          46.015     91521024     45760512
     1430016           64          86.069    183042048     91521024
     1430016          128         167.847    366084096    183042048
     1430016          256         335.217    732168192    366084096
     1430016          512         649.929   1464336384    732168192
     1572864            1          29.087      3145728      1572864
     1572864            2           5.007      6291456      3145728
     1572864            4           8.106     12582912      6291456
     1572864            8          14.067     25165824     12582912
     1572864           16          25.988     50331648     25165824
     1572864           32          70.095    100663296     50331648
     1572864           64          96.083    201326592    100663296
     1572864          128         174.999    402653184    201326592
     1572864          256         355.005    805306368    402653184
     1572864          512         688.076   1610612736    805306368
     1730112            1          30.994      3460224      1730112
     1730112            2           5.007      6920448      3460224
     1730112            4           8.106     13840896      6920448
     1730112            8          13.828     27681792     13840896
     1730112           16          26.941     55363584     27681792
     1730112           32          55.075    110727168     55363584
     1730112           64         102.997    221454336    110727168
     1730112          128         211.000    442908672    221454336
     1730112          256         382.900    885817344    442908672
     1730112          512         754.118   1771634688    885817344
     1903104            1          30.041      3806208      1903104
     1903104            2           5.960      7612416      3806208
     1903104            4           9.775     15224832      7612416
     1903104            8          17.166     30449664     15224832
     1903104           16          30.041     60899328     30449664
     1903104           32          61.035    121798656     60899328
     1903104           64         112.057    243597312    121798656
     1903104          128         253.916    487194624    243597312
     1903104          256         475.883    974389248    487194624
     1903104          512         841.141   1948778496    974389248
     2093376            1          34.809      4186752      2093376
     2093376            2           9.060      8373504      4186752
     2093376            4          10.014     16747008      8373504
     2093376            8          18.835     33494016     16747008
     2093376           16          34.094     66988032     33494016
     2093376           32          86.069    133976064     66988032
     2093376           64         117.064    267952128    133976064
     2093376          128         227.928    535904256    267952128
     2093376          256         448.942   1071808512    535904256
     2093376          512         905.037   2143617024   1071808512
     2302656            1          59.128      4605312      2302656
     2302656            2           6.914      9210624      4605312
     2302656            4          10.967     18421248      9210624
     2302656            8          18.835     36842496     18421248
     2302656           16          36.955     73684992     36842496
     2302656           32          74.148    147369984     73684992
     2302656           64         132.084    294739968    147369984
     2302656          128         262.022    589479936    294739968
     2302656          256         524.044   1178959872    589479936
     2532864            1          34.094      5065728      2532864
     2532864            2           5.960     10131456      5065728
     2532864            4          11.921     20262912     10131456
     2532864            8          22.888     40525824     20262912
     2532864           16          41.008     81051648     40525824
     2532864           32          79.155    162103296     81051648
     2532864           64         146.866    324206592    162103296
     2532864          128         301.123    648413184    324206592
     2532864          256         541.925   1296826368    648413184
     2786112            1          62.943      5572224      2786112
     2786112            2           8.106     11144448      5572224
     2786112            4          13.113     22288896     11144448
     2786112            8          25.034     44577792     22288896
     2786112           16          45.061     89155584     44577792
     2786112           32          84.877    178311168     89155584
     2786112           64         155.926    356622336    178311168
     2786112          128         308.037    713244672    356622336
     2786112          256         615.835   1426489344    713244672
     3064704            1          43.869      6129408      3064704
     3064704            2           8.106     12258816      6129408
     3064704            4          12.875     24517632     12258816
     3064704            8          25.988     49035264     24517632
     3064704           16          50.068     98070528     49035264
     3064704           32          92.983    196141056     98070528
     3064704           64         191.212    392282112    196141056
     3064704          128         330.925    784564224    392282112
     3064704          256         668.049   1569128448    784564224
     3371136            1          52.929      6742272      3371136
     3371136            2           7.868     13484544      6742272
     3371136            4          14.067     26969088     13484544
     3371136            8          28.133     53938176     26969088
     3371136           16          53.883    107876352     53938176
     3371136           32         102.043    215752704    107876352
     3371136           64         191.212    431505408    215752704
     3371136          128         382.900    863010816    431505408
     3371136          256         732.899   1726021632    863010816
     3708096            1          51.022      7416192      3708096
     3708096            2           8.106     14832384      7416192
     3708096            4          15.974     29664768     14832384
     3708096            8          30.041     59329536     29664768
     3708096           16          57.936    118659072     59329536
     3708096           32         109.911    237318144    118659072
     3708096           64         208.855    474636288    237318144
     3708096          128         419.855    949272576    474636288
     3708096          256         804.901   1898545152    949272576
     4078848            1          56.982      8157696      4078848
     4078848            2           9.060     16315392      8157696
     4078848            4          16.928     32630784     16315392
     4078848            8          32.902     65261568     32630784
     4078848           16          64.135    130523136     65261568
     4078848           32         118.017    261046272    130523136
     4078848           64         228.167    522092544    261046272
     4078848          128         457.048   1044185088    522092544
     4078848          256         883.102   2088370176   1044185088
     4486656            1          61.035      8973312      4486656
     4486656            2          10.014     17946624      8973312
     4486656            4          18.120     35893248     17946624
     4486656            8          33.855     71786496     35893248
     4486656           16          66.996    143572992     71786496
     4486656           32         128.031    287145984    143572992
     4486656           64         266.075    574291968    287145984
     4486656          128         481.129   1148583936    574291968
     4935168            1          66.042      9870336      4935168
     4935168            2          10.967     19740672      9870336
     4935168            4          40.054     39481344     19740672
     4935168            8          37.909     78962688     39481344
     4935168           16          77.009    157925376     78962688
     4935168           32         135.899    315850752    157925376
     4935168           64         266.075    631701504    315850752
     4935168          128         541.925   1263403008    631701504
     5428608            1          69.857     10857216      5428608
     5428608            2          11.206     21714432     10857216
     5428608            4          22.173     43428864     21714432
     5428608            8          42.915     86857728     43428864
     5428608           16          81.062    173715456     86857728
     5428608           32         151.157    347430912    173715456
     5428608           64         319.004    694861824    347430912
     5428608          128         580.072   1389723648    694861824
     5971392            1          93.937     11942784      5971392
     5971392            2          13.113     23885568     11942784
     5971392            4          25.988     47771136     23885568
     5971392            8          47.922     95542272     47771136
     5971392           16          90.122    191084544     95542272
     5971392           32         164.032    382169088    191084544
     5971392           64         324.965    764338176    382169088
     5971392          128         652.075   1528676352    764338176
     6568512            1          83.923     13137024      6568512
     6568512            2          14.067     26274048     13137024
     6568512            4          28.849     52548096     26274048
     6568512            8          53.167    105096192     52548096
     6568512           16          97.990    210192384    105096192
     6568512           32         200.987    420384768    210192384
     6568512           64         353.098    840769536    420384768
     6568512          128         715.971   1681539072    840769536
     7225344            1          88.930     14450688      7225344
     7225344            2          13.828     28901376     14450688
     7225344            4          29.087     57802752     28901376
     7225344            8          56.028    115605504     57802752
     7225344           16         103.951    231211008    115605504
     7225344           32         204.086    462422016    231211008
     7225344           64         408.173    924844032    462422016
     7225344          128         802.040   1849688064    924844032
     7947840            1          94.175     15895680      7947840
     7947840            2          16.928     31791360     15895680
     7947840            4          32.187     63582720     31791360
     7947840            8          62.943    127165440     63582720
     7947840           16         118.017    254330880    127165440
     7947840           32         231.981    508661760    254330880
     7947840           64         449.896   1017323520    508661760
     7947840          128         859.976   2034647040   1017323520
     8742528            1         102.043     17485056      8742528
     8742528            2          17.881     34970112     17485056
     8742528            4          36.001     69940224     34970112
     8742528            8          66.996    139880448     69940224
     8742528           16         124.931    279760896    139880448
     8742528           32         268.936    559521792    279760896
     8742528           64         473.022   1119043584    559521792
     9616704            1         138.044     19233408      9616704
     9616704            2          21.219     38466816     19233408
     9616704            4          39.101     76933632     38466816
     9616704            8          74.863    153867264     76933632
     9616704           16         133.038    307734528    153867264
     9616704           32         259.876    615469056    307734528
     9616704           64         528.812   1230938112    615469056
    10578240            1         128.031     21156480     10578240
    10578240            2          21.935     42312960     21156480
    10578240            4          41.008     84625920     42312960
    10578240            8          82.016    169251840     84625920
    10578240           16         144.958    338503680    169251840
    10578240           32         303.984    677007360    338503680
    10578240           64         565.052   1354014720    677007360
    11635968            1         138.998     23271936     11635968
    11635968            2          23.127     46543872     23271936
    11635968            4          67.234     93087744     46543872
    11635968            8          87.976    186175488     93087744
    11635968           16         170.946    372350976    186175488
    11635968           32         315.905    744701952    372350976
    11635968           64         639.915   1489403904    744701952
    12799488            1         151.873     25598976     12799488
    12799488            2          25.988     51197952     25598976
    12799488            4          51.975    102395904     51197952
    12799488            8          95.844    204791808    102395904
    12799488           16         174.046    409583616    204791808
    12799488           32         380.039    819167232    409583616
    12799488           64         698.090   1638334464    819167232
    14079360            1         159.979     28158720     14079360
    14079360            2          29.087     56317440     28158720
    14079360            4          55.075    112634880     56317440
    14079360            8         102.043    225269760    112634880
    14079360           16         191.927    450539520    225269760
    14079360           32         409.842    901079040    450539520
    14079360           64         755.072   1802158080    901079040
    15487296            1         175.953     30974592     15487296
    15487296            2          32.187     61949184     30974592
    15487296            4          60.081    123898368     61949184
    15487296            8         113.964    247796736    123898368
    15487296           16         210.047    495593472    247796736
    15487296           32         443.935    991186944    495593472
    15487296           64         828.981   1982373888    991186944
    17035968            1         189.066     34071936     17035968
    17035968            2          36.955     68143872     34071936
    17035968            4          65.088    136287744     68143872
    17035968            8         124.931    272575488    136287744
    17035968           16         232.935    545150976    272575488
    17035968           32         482.082   1090301952    545150976
    18739392            1         216.961     37478784     18739392
    18739392            2          43.869     74957568     37478784
    18739392            4          73.195    149915136     74957568
    18739392            8         134.945    299830272    149915136
    18739392           16         288.010    599660544    299830272
    18739392           32         519.991   1199321088    599660544
    20613312            1         261.068     41226624     20613312
    20613312            2          71.049     82453248     41226624
    20613312            4         114.918    164906496     82453248
    20613312            8         151.873    329812992    164906496
    20613312           16         292.063    659625984    329812992
    20613312           32         619.888   1319251968    659625984
    22674624            1         247.002     45349248     22674624
    22674624            2          66.996     90698496     45349248
    22674624            4         119.925    181396992     90698496
    22674624            8         180.006    362793984    181396992
    22674624           16         346.899    725587968    362793984
    22674624           32         710.964   1451175936    725587968
    24941952            1         232.935     49883904     24941952
    24941952            2         111.103     99767808     49883904
    24941952            4         140.190    199535616     99767808
    24941952            8         271.082    399071232    199535616
    24941952           16         560.999    798142464    399071232
    24941952           32        1097.918   1596284928    798142464
    27436032            1         183.105     54872064     27436032
    27436032            2         118.017    109744128     54872064
    27436032            4         191.212    219488256    109744128
    27436032            8         397.921    438976512    219488256
    27436032           16         760.794    877953024    438976512
    27436032           32        1510.859   1755906048    877953024
    30179520            1         159.025     60359040     30179520
    30179520            2         143.051    120718080     60359040
    30179520            4         265.121    241436160    120718080
    30179520            8         480.890    482872320    241436160
    30179520           16         980.854    965744640    482872320
    30179520           32        1958.847   1931489280    965744640
    33197376            1         178.814     66394752     33197376
    33197376            2         153.065    132789504     66394752
    33197376            4         246.048    265579008    132789504
    33197376            8         491.858    531158016    265579008
    33197376           16         972.033   1062316032    531158016
    33197376           32        1879.930   2124632064   1062316032
    36517056            1         205.040     73034112     36517056
    36517056            2         171.900    146068224     73034112
    36517056            4         312.090    292136448    146068224
    36517056            8         575.066    584272896    292136448
    36517056           16        1149.893   1168545792    584272896
    40168704            1         217.915     80337408     40168704
    40168704            2         200.987    160674816     80337408
    40168704            4         332.832    321349632    160674816
    40168704            8         673.056    642699264    321349632
    40168704           16        1316.071   1285398528    642699264
    44185536            1         834.942     88371072     44185536
    44185536            2         244.141    176742144     88371072
    44185536            4         372.887    353484288    176742144
    44185536            8         751.019    706968576    353484288
    44185536           16        1488.924   1413937152    706968576
    48604032            1         262.022     97208064     48604032
    48604032            2         270.844    194416128     97208064
    48604032            4         439.882    388832256    194416128
    48604032            8         845.194    777664512    388832256
    48604032           16        1663.923   1555329024    777664512
    53464320            1         303.030    106928640     53464320
    53464320            2         346.899    213857280    106928640
    53464320            4         517.845    427714560    213857280
    53464320            8        1019.955    855429120    427714560
    53464320           16        1997.948   1710858240    855429120
    58810752            1         355.005    117621504     58810752
    58810752            2         413.179    235243008    117621504
    58810752            4         580.072    470486016    235243008
    58810752            8        1199.961    940972032    470486016
    58810752           16        2301.931   1881944064    940972032
    64691712            1         408.173    129383424     64691712
    64691712            2         514.030    258766848    129383424
    64691712            4         734.091    517533696    258766848
    64691712            8        1404.047   1035067392    517533696
    64691712           16        2791.882   2070134784   1035067392
    71160768            1         478.983    142321536     71160768
    71160768            2         638.008    284643072    142321536
    71160768            4         934.124    569286144    284643072
    71160768            8        1805.067   1138572288    569286144
    78276672            1         546.932    156553344     78276672
    78276672            2         827.074    313106688    156553344
    78276672            4        1279.831    626213376    313106688
    78276672            8        2513.170   1252426752    626213376
    86104320            1         600.100    172208640     86104320
    86104320            2        1044.989    344417280    172208640
    86104320            4        1731.157    688834560    344417280
    86104320            8        3318.071   1377669120    688834560
    94714752            1         679.016    189429504     94714752
    94714752            2        1244.068    378859008    189429504
    94714752            4        2171.040    757718016    378859008
    94714752            8        4268.169   1515436032    757718016
   104186112            1         823.975    208372224    104186112
   104186112            2        1465.082    416744448    208372224
   104186112            4        2636.909    833488896    416744448
   104186112            8        5253.077   1666977792    833488896
   114604608            1         930.071    229209216    114604608
   114604608            2        1706.123    458418432    229209216
   114604608            4        3138.065    916836864    458418432
   114604608            8        6232.023   1833673728    916836864
   126064896            1        1129.866    252129792    126064896
   126064896            2        2093.792    504259584    252129792
   126064896            4        3757.000   1008519168    504259584
   126064896            8        7369.041   2017038336   1008519168
   138671232            1        1221.895    277342464    138671232
   138671232            2        2266.884    554684928    277342464
   138671232            4        4176.855   1109369856    554684928
   152538240            1        1373.053    305076480    152538240
   152538240            2        2633.810    610152960    305076480
   152538240            4        4868.031   1220305920    610152960
   167792064            1        1554.012    335584128    167792064
   167792064            2        2958.059    671168256    335584128
   167792064            4        5539.894   1342336512    671168256
   184571136            1        1716.852    369142272    184571136
   184571136            2        3252.983    738284544    369142272
   184571136            4        6244.898   1476569088    738284544
   203028096            1        1915.932    406056192    203028096
   203028096            2        3675.938    812112384    406056192
   203028096            4        7082.939   1624224768    812112384
   223330752            1        2132.893    446661504    223330752
   223330752            2        4143.953    893323008    446661504
   223330752            4        8020.878   1786646016    893323008
   245663808            1        2382.040    491327616    245663808
   245663808            2        4588.127    982655232    491327616
   245663808            4        8990.049   1965310464    982655232
   270230016            1        2619.028    540460032    270230016
   270230016            2        5168.915   1080920064    540460032
   297252864            1        2932.072    594505728    297252864
   297252864            2        5807.877   1189011456    594505728
   326978112            1        3258.944    653956224    326978112
   326978112            2        6433.964   1307912448    653956224
   359675904            1        3662.109    719351808    359675904
   359675904            2        7194.996   1438703616    719351808
   395643456            1        4028.082    791286912    395643456
   395643456            2        7941.961   1582573824    791286912
   435207744            1        4467.964    870415488    435207744
   435207744            2        8848.190   1740830976    870415488
   478728384            1        4983.902    957456768    478728384
   478728384            2        9899.139   1914913536    957456768
   526601088            1        5506.039   1053202176    526601088
   526601088            2       10846.138   2106404352   1053202176
   579261120            1        6062.984   1158522240    579261120
   637187136            1        6675.959   1274374272    637187136
   700905792            1        7395.029   1401811584    700905792
   770996352            1        8125.067   1541992704    770996352
   848095872            1        9021.997   1696191744    848095872
   932905344            1        9912.014   1865810688    932905344
  1026195840            1       10915.041   2052391680   1026195840

META_DATA
FLOPS          8
MPI_PROCS      1
OPENMP_THREADS 24
ERT_VERSION  1.1.0
HOSTNAME  ('deepv.deep', [], ['10.2.8.6'])
UNAME  uname_result(system='Linux', node='deepv', release='4.18.0-372.32.1.el8_6.x86_64', version='#1 SMP Thu Oct 27 15:18:36 UTC 2022', machine='x86_64')
TIMESTAMP_DATA  1673470184.5730226
CONFIG  {'ERT_RESULTS': ['Results.cn.deep.fz-juelich.de.01'], 'ERT_DRIVER': ['driver1'], 'ERT_KERNEL': ['kernel1'], 'ERT_MPI': ['True'], 'ERT_MPI_CFLAGS': ['-I', '/p/deep/software/skylake/Stages/2022/software/psmpi/5.5.0-1-intel-compilers-2021.4.0/include'], 'ERT_MPI_LDFLAGS': ['-L', '/p/deep/software/skylake/Stages/2022/software/psmpi/5.5.0-1-intel-compilers-2021.4.0/lib', '-lmpi'], 'ERT_OPENMP': ['True'], 'ERT_OPENMP_CFLAGS': ['-qopenmp'], 'ERT_OPENMP_LDFLAGS': ['-qopenmp'], 'ERT_FLOPS': ['1,2,4,8,16,64,128'], 'ERT_ALIGN': ['64'], 'ERT_CC': ['icpc'], 'ERT_CFLAGS': ['-O3', '-fno-alias', '-fno-fnalias', '-xCore-AVX512', '-qopt-zmm-usage=high', '-DERT_INTEL'], 'ERT_LD': ['icpc'], 'ERT_LDFLAGS': [], 'ERT_LDLIBS': [], 'ERT_PRECISION': ['FP64'], 'ERT_RUN': ['export', 'OMP_NUM_THREADS=ERT_OPENMP_THREADS;', 'export', 'OMP_PLACES="cores";', 'srun', '-p', 'dp-cn', '-n', 'ERT_MPI_PROCS', '-c', '48', '--ntasks-per-node', '1', 'ERT_CODE'], 'ERT_PROCS_THREADS': ['24'], 'ERT_MPI_PROCS': ['1'], 'ERT_OPENMP_THREADS': ['24'], 'ERT_NUM_EXPERIMENTS': ['5'], 'ERT_MEMORY_MAX': ['1073741824'], 'ERT_WORKING_SET_MIN': ['128'], 'ERT_TRIALS_MIN': ['1'], 'ERT_GNUPLOT': ['gnuplot'], 'ERT_GPU': [False], 'ERT_HIP': [False], 'ERT_OCL': [False], 'ERT_SYCL': [False], 'ERT_WSS_MULT': [1.1]}
