fp64
       24576            1           2.146        49152        24576
       24576            2           1.907        98304        49152
       24576            4           1.907       196608        98304
       24576            8           1.907       393216       196608
       24576           16           2.861       786432       393216
       24576           32           2.146      1572864       786432
       24576           64           3.099      3145728      1572864
       24576          128           5.007      6291456      3145728
       24576          256           9.060     12582912      6291456
       24576          512          15.974     25165824     12582912
       24576         1024          30.994     50331648     25165824
       24576         2048          65.088    100663296     50331648
       24576         4096          75.102    201326592    100663296
       24576         8192         130.892    402653184    201326592
       24576        16384         236.988    805306368    402653184
       24576        32768         454.903   1610612736    805306368
       26880            1           3.099        53760        26880
       26880            2           1.907       107520        53760
       26880            4           1.907       215040       107520
       26880            8           1.907       430080       215040
       26880           16          15.020       860160       430080
       26880           32           3.099      1720320       860160
       26880           64           4.053      3440640      1720320
       26880          128           6.914      6881280      3440640
       26880          256          10.014     13762560      6881280
       26880          512          20.027     27525120     13762560
       26880         1024          36.955     55050240     27525120
       26880         2048          60.081    110100480     55050240
       26880         4096          85.831    220200960    110100480
       26880         8192         163.078    440401920    220200960
       26880        16384         332.117    880803840    440401920
       26880        32768         647.068   1761607680    880803840
       29568            1           3.099        59136        29568
       29568            2           1.907       118272        59136
       29568            4           1.907       236544       118272
       29568            8           1.907       473088       236544
       29568           16          13.113       946176       473088
       29568           32           2.861      1892352       946176
       29568           64           3.815      3784704      1892352
       29568          128           6.914      7569408      3784704
       29568          256          13.113     15138816      7569408
       29568          512          20.981     30277632     15138816
       29568         1024          33.855     60555264     30277632
       29568         2048          61.035    121110528     60555264
       29568         4096          99.182    242221056    121110528
       29568         8192         183.821    484442112    242221056
       29568        16384         343.800    968884224    484442112
       29568        32768         680.923   1937768448    968884224
       32448            1           1.907        64896        32448
       32448            2           2.146       129792        64896
       32448            4           1.907       259584       129792
       32448            8           1.907       519168       259584
       32448           16           1.907      1038336       519168
       32448           32          12.875      2076672      1038336
       32448           64           5.007      4153344      2076672
       32448          128           6.914      8306688      4153344
       32448          256          13.113     16613376      8306688
       32448          512          25.034     33226752     16613376
       32448         1024          34.809     66453504     33226752
       32448         2048          70.095    132907008     66453504
       32448         4096         103.951    265814016    132907008
       32448         8192         205.994    531628032    265814016
       32448        16384         409.126   1063256064    531628032
       32448        32768         756.025   2126512128   1063256064
       35520            1           3.099        71040        35520
       35520            2           2.146       142080        71040
       35520            4           1.907       284160       142080
       35520            8           2.861       568320       284160
       35520           16           2.861      1136640       568320
       35520           32           5.007      2273280      1136640
       35520           64           5.007      4546560      2273280
       35520          128           8.106      9093120      4546560
       35520          256          12.875     18186240      9093120
       35520          512          25.988     36372480     18186240
       35520         1024          53.167     72744960     36372480
       35520         2048          68.903    145489920     72744960
       35520         4096         118.971    290979840    145489920
       35520         8192         236.034    581959680    290979840
       35520        16384         459.909   1163919360    581959680
       38976            1           3.099        77952        38976
       38976            2          12.159       155904        77952
       38976            4           3.099       311808       155904
       38976            8           1.907       623616       311808
       38976           16           1.907      1247232       623616
       38976           32          13.828      2494464      1247232
       38976           64           4.053      4988928      2494464
       38976          128           7.868      9977856      4988928
       38976          256          13.113     19955712      9977856
       38976          512          25.034     39911424     19955712
       38976         1024          41.008     79822848     39911424
       38976         2048          71.049    159645696     79822848
       38976         4096         116.825    319291392    159645696
       38976         8192         240.088    638582784    319291392
       38976        16384         395.060   1277165568    638582784
       42816            1           1.907        85632        42816
       42816            2           2.861       171264        85632
       42816            4           1.907       342528       171264
       42816            8           1.907       685056       342528
       42816           16           1.907      1370112       685056
       42816           32          17.881      2740224      1370112
       42816           64          15.020      5480448      2740224
       42816          128           8.106     10960896      5480448
       42816          256          14.067     21921792     10960896
       42816          512          23.842     43843584     21921792
       42816         1024          46.968     87687168     43843584
       42816         2048          81.062    175374336     87687168
       42816         4096         118.971    350748672    175374336
       42816         8192         236.034    701497344    350748672
       42816        16384         468.969   1402994688    701497344
       47040            1           1.907        94080        47040
       47040            2          12.875       188160        94080
       47040            4           0.954       376320       188160
       47040            8           2.146       752640       376320
       47040           16          14.067      1505280       752640
       47040           32           2.861      3010560      1505280
       47040           64           5.960      6021120      3010560
       47040          128           9.060     12042240      6021120
       47040          256          15.974     24084480     12042240
       47040          512          30.994     48168960     24084480
       47040         1024          47.922     96337920     48168960
       47040         2048          72.002    192675840     96337920
       47040         4096         133.038    385351680    192675840
       47040         8192         257.015    770703360    385351680
       47040        16384         521.183   1541406720    770703360
       51648            1           2.146       103296        51648
       51648            2          17.166       206592       103296
       51648            4           2.146       413184       206592
       51648            8          12.159       826368       413184
       51648           16           3.099      1652736       826368
       51648           32           3.815      3305472      1652736
       51648           64           5.960      6610944      3305472
       51648          128           9.060     13221888      6610944
       51648          256          15.974     26443776     13221888
       51648          512          30.994     52887552     26443776
       51648         1024          49.114    105775104     52887552
       51648         2048          72.002    211550208    105775104
       51648         4096         154.018    423100416    211550208
       51648         8192         273.943    846200832    423100416
       51648        16384         533.104   1692401664    846200832
       56640            1           2.146       113280        56640
       56640            2           1.907       226560       113280
       56640            4           3.099       453120       226560
       56640            8           2.146       906240       453120
       56640           16           3.099      1812480       906240
       56640           32           3.815      3624960      1812480
       56640           64           5.007      7249920      3624960
       56640          128          10.014     14499840      7249920
       56640          256          16.928     28999680     14499840
       56640          512          34.094     57999360     28999680
       56640         1024          55.075    115998720     57999360
       56640         2048          84.877    231997440    115998720
       56640         4096         152.111    463994880    231997440
       56640         8192         293.970    927989760    463994880
       56640        16384         591.993   1855979520    927989760
       62208            1           3.099       124416        62208
       62208            2          11.921       248832       124416
       62208            4           2.146       497664       248832
       62208            8           3.099       995328       497664
       62208           16           2.861      1990656       995328
       62208           32           4.053      3981312      1990656
       62208           64           6.914      7962624      3981312
       62208          128          10.014     15925248      7962624
       62208          256          17.881     31850496     15925248
       62208          512          30.041     63700992     31850496
       62208         1024          59.843    127401984     63700992
       62208         2048          97.990    254803968    127401984
       62208         4096         172.853    509607936    254803968
       62208         8192         339.985   1019215872    509607936
       62208        16384         685.930   2038431744   1019215872
       68352            1           2.861       136704        68352
       68352            2          10.967       273408       136704
       68352            4           1.907       546816       273408
       68352            8           2.861      1093632       546816
       68352           16           5.007      2187264      1093632
       68352           32           4.053      4374528      2187264
       68352           64           5.960      8749056      4374528
       68352          128          10.967     17498112      8749056
       68352          256          20.981     34996224     17498112
       68352          512          37.909     69992448     34996224
       68352         1024          57.936    139984896     69992448
       68352         2048         113.964    279969792    139984896
       68352         4096         181.913    559939584    279969792
       68352         8192         357.866   1119879168    559939584
       75072            1           3.099       150144        75072
       75072            2           2.146       300288       150144
       75072            4           1.907       600576       300288
       75072            8           2.861      1201152       600576
       75072           16           3.099      2402304      1201152
       75072           32           5.007      4804608      2402304
       75072           64           6.914      9609216      4804608
       75072          128          11.921     19218432      9609216
       75072          256          20.981     38436864     19218432
       75072          512          41.008     76873728     38436864
       75072         1024          61.989    153747456     76873728
       75072         2048         102.997    307494912    153747456
       75072         4096         200.987    614989824    307494912
       75072         8192         389.099   1229979648    614989824
       82560            1           2.146       165120        82560
       82560            2          17.881       330240       165120
       82560            4           2.861       660480       330240
       82560            8           2.861      1320960       660480
       82560           16           4.053      2641920      1320960
       82560           32           5.007      5283840      2641920
       82560           64           8.106     10567680      5283840
       82560          128          12.875     21135360     10567680
       82560          256          24.080     42270720     21135360
       82560          512          45.061     84541440     42270720
       82560         1024          61.035    169082880     84541440
       82560         2048         117.064    338165760    169082880
       82560         4096         213.861    676331520    338165760
       82560         8192         433.207   1352663040    676331520
       90816            1           1.907       181632        90816
       90816            2           1.907       363264       181632
       90816            4           4.053       726528       363264
       90816            8           2.861      1453056       726528
       90816           16           2.861      2906112      1453056
       90816           32           5.007      5812224      2906112
       90816           64           7.868     11624448      5812224
       90816          128          12.159     23248896     11624448
       90816          256          23.842     46497792     23248896
       90816          512          45.061     92995584     46497792
       90816         1024          66.042    185991168     92995584
       90816         2048         119.925    371982336    185991168
       90816         4096         247.955    743964672    371982336
       90816         8192         456.095   1487929344    743964672
       99840            1           2.861       199680        99840
       99840            2          18.835       399360       199680
       99840            4           2.146       798720       399360
       99840            8           3.099      1597440       798720
       99840           16           4.053      3194880      1597440
       99840           32           5.007      6389760      3194880
       99840           64          24.080     12779520      6389760
       99840          128          14.067     25559040     12779520
       99840          256          25.988     51118080     25559040
       99840          512          48.876    102236160     51118080
       99840         1024          74.148    204472320    102236160
       99840         2048         131.845    408944640    204472320
       99840         4096         253.916    817889280    408944640
       99840         8192         517.130   1635778560    817889280
      109824            1           2.861       219648       109824
      109824            2           2.146       439296       219648
      109824            4          35.048       878592       439296
      109824            8           2.861      1757184       878592
      109824           16           4.053      3514368      1757184
      109824           32           5.960      7028736      3514368
      109824           64          10.014     14057472      7028736
      109824          128          18.835     28114944     14057472
      109824          256          33.140     56229888     28114944
      109824          512          63.181    112459776     56229888
      109824         1024         134.945    224919552    112459776
      109824         2048         155.926    449839104    224919552
      109824         4096         291.109    899678208    449839104
      109824         8192         592.947   1799356416    899678208
      120768            1           4.053       241536       120768
      120768            2           1.907       483072       241536
      120768            4           3.099       966144       483072
      120768            8          12.875      1932288       966144
      120768           16           3.099      3864576      1932288
      120768           32           6.199      7729152      3864576
      120768           64           8.821     15458304      7729152
      120768          128          15.974     30916608     15458304
      120768          256          32.187     61833216     30916608
      120768          512          53.883    123666432     61833216
      120768         1024          87.023    247332864    123666432
      120768         2048         159.025    494665728    247332864
      120768         4096         327.110    989331456    494665728
      120768         8192         616.074   1978662912    989331456
      132672            1           3.099       265344       132672
      132672            2          18.120       530688       265344
      132672            4          15.020      1061376       530688
      132672            8           2.861      2122752      1061376
      132672           16           4.053      4245504      2122752
      132672           32           7.153      8491008      4245504
      132672           64           7.868     16982016      8491008
      132672          128          17.881     33964032     16982016
      132672          256          30.994     67928064     33964032
      132672          512          54.836    135856128     67928064
      132672         1024          96.083    271712256    135856128
      132672         2048         173.092    543424512    271712256
      132672         4096         338.793   1086849024    543424512
      145920            1           3.099       291840       145920
      145920            2          12.159       583680       291840
      145920            4           2.146      1167360       583680
      145920            8          14.067      2334720      1167360
      145920           16           4.053      4669440      2334720
      145920           32           7.153      9338880      4669440
      145920           64          11.206     18677760      9338880
      145920          128          20.027     37355520     18677760
      145920          256          33.855     74711040     37355520
      145920          512          57.936    149422080     74711040
      145920         1024          97.990    298844160    149422080
      145920         2048         190.020    597688320    298844160
      145920         4096         384.092   1195376640    597688320
      160512            1           4.053       321024       160512
      160512            2           1.907       642048       321024
      160512            4           3.099      1284096       642048
      160512            8          20.027      2568192      1284096
      160512           16           3.815      5136384      2568192
      160512           32           6.914     10272768      5136384
      160512           64          11.921     20545536     10272768
      160512          128          20.981     41091072     20545536
      160512          256          41.008     82182144     41091072
      160512          512          60.081    164364288     82182144
      160512         1024         112.057    328728576    164364288
      160512         2048         216.007    657457152    328728576
      160512         4096         432.968   1314914304    657457152
      176448            1           3.815       352896       176448
      176448            2          20.027       705792       352896
      176448            4           3.099      1411584       705792
      176448            8           2.861      2823168      1411584
      176448           16           5.007      5646336      2823168
      176448           32           7.868     11292672      5646336
      176448           64          12.159     22585344     11292672
      176448          128          21.935     45170688     22585344
      176448          256          41.962     90341376     45170688
      176448          512          63.896    180682752     90341376
      176448         1024         138.998    361365504    180682752
      176448         2048         226.021    722731008    361365504
      176448         4096         444.174   1445462016    722731008
      193920            1           4.053       387840       193920
      193920            2          11.921       775680       387840
      193920            4           2.146      1551360       775680
      193920            8           4.053      3102720      1551360
      193920           16           5.007      6205440      3102720
      193920           32           7.868     12410880      6205440
      193920           64          13.113     24821760     12410880
      193920          128          23.842     49643520     24821760
      193920          256          50.068     99287040     49643520
      193920          512          66.996    198574080     99287040
      193920         1024         127.077    397148160    198574080
      193920         2048         247.955    794296320    397148160
      193920         4096         499.964   1588592640    794296320
      213312            1           5.007       426624       213312
      213312            2           4.053       853248       426624
      213312            4          12.875      1706496       853248
      213312            8           4.053      3412992      1706496
      213312           16           5.007      6825984      3412992
      213312           32           8.106     13651968      6825984
      213312           64          13.828     27303936     13651968
      213312          128          28.133     54607872     27303936
      213312          256          51.022    109215744     54607872
      213312          512          79.870    218431488    109215744
      213312         1024         138.044    436862976    218431488
      213312         2048         287.056    873725952    436862976
      213312         4096         533.104   1747451904    873725952
      234624            1          32.187       469248       234624
      234624            2           1.907       938496       469248
      234624            4           2.861      1876992       938496
      234624            8           3.099      3753984      1876992
      234624           16           4.053      7507968      3753984
      234624           32           7.868     15015936      7507968
      234624           64          14.067     30031872     15015936
      234624          128          26.941     60063744     30031872
      234624          256          51.022    120127488     60063744
      234624          512          79.870    240254976    120127488
      234624         1024         161.886    480509952    240254976
      234624         2048         299.931    961019904    480509952
      234624         4096         609.159   1922039808    961019904
      258048            1           4.053       516096       258048
      258048            2          16.928      1032192       516096
      258048            4           2.861      2064384      1032192
      258048            8           5.007      4128768      2064384
      258048           16           7.153      8257536      4128768
      258048           32           8.821     16515072      8257536
      258048           64          16.928     33030144     16515072
      258048          128          33.140     66060288     33030144
      258048          256          51.975    132120576     66060288
      258048          512          92.030    264241152    132120576
      258048         1024         191.927    528482304    264241152
      258048         2048         335.932   1056964608    528482304
      258048         4096         676.870   2113929216   1056964608
      283776            1           5.007       567552       283776
      283776            2          15.020      1135104       567552
      283776            4           2.146      2270208      1135104
      283776            8           4.053      4540416      2270208
      283776           16           6.914      9080832      4540416
      283776           32          10.014     18161664      9080832
      283776           64          16.928     36323328     18161664
      283776          128          33.140     72646656     36323328
      283776          256          56.982    145293312     72646656
      283776          512         102.997    290586624    145293312
      283776         1024         190.973    581173248    290586624
      283776         2048         386.000   1162346496    581173248
      312000            1           5.007       624000       312000
      312000            2          12.875      1248000       624000
      312000            4           3.099      2496000      1248000
      312000            8           3.815      4992000      2496000
      312000           16           5.960      9984000      4992000
      312000           32          10.967     19968000      9984000
      312000           64          17.881     39936000     19968000
      312000          128          36.001     79872000     39936000
      312000          256          61.989    159744000     79872000
      312000          512         111.103    319488000    159744000
      312000         1024         221.968    638976000    319488000
      312000         2048         397.205   1277952000    638976000
      343104            1           3.815       686208       343104
      343104            2           1.907      1372416       686208
      343104            4          15.020      2744832      1372416
      343104            8          13.828      5489664      2744832
      343104           16           5.960     10979328      5489664
      343104           32          11.921     21958656     10979328
      343104           64          20.027     43917312     21958656
      343104          128          38.147     87834624     43917312
      343104          256          83.923    175669248     87834624
      343104          512         119.925    351338496    175669248
      343104         1024         223.160    702676992    351338496
      343104         2048         435.829   1405353984    702676992
      377280            1           6.199       754560       377280
      377280            2           4.053      1509120       754560
      377280            4          12.875      3018240      1509120
      377280            8           4.053      6036480      3018240
      377280           16           5.960     12072960      6036480
      377280           32          13.113     24145920     12072960
      377280           64          20.981     48291840     24145920
      377280          128          41.008     96583680     48291840
      377280          256          71.049    193167360     96583680
      377280          512         123.978    386334720    193167360
      377280         1024         242.949    772669440    386334720
      377280         2048         498.056   1545338880    772669440
      414912            1           7.153       829824       414912
      414912            2          16.928      1659648       829824
      414912            4          14.067      3319296      1659648
      414912            8           5.007      6638592      3319296
      414912           16           7.868     13277184      6638592
      414912           32          13.113     26554368     13277184
      414912           64          26.941     53108736     26554368
      414912          128          49.114    106217472     53108736
      414912          256          71.049    212434944    106217472
      414912          512         155.926    424869888    212434944
      414912         1024         277.042    849739776    424869888
      414912         2048         536.919   1699479552    849739776
      456384            1           7.868       912768       456384
      456384            2           4.053      1825536       912768
      456384            4          15.020      3651072      1825536
      456384            8           5.007      7302144      3651072
      456384           16           8.821     14604288      7302144
      456384           32          14.067     29208576     14604288
      456384           64          26.941     58417152     29208576
      456384          128          45.061    116834304     58417152
      456384          256          82.016    233668608    116834304
      456384          512         149.965    467337216    233668608
      456384         1024         300.884    934674432    467337216
      456384         2048         591.993   1869348864    934674432
      501888            1           6.914      1003776       501888
      501888            2           6.914      2007552      1003776
      501888            4          13.828      4015104      2007552
      501888            8           5.007      8030208      4015104
      501888           16           9.060     16060416      8030208
      501888           32          15.974     32120832     16060416
      501888           64          30.994     64241664     32120832
      501888          128          53.883    128483328     64241664
      501888          256         104.189    256966656    128483328
      501888          512         164.986    513933312    256966656
      501888         1024         321.865   1027866624    513933312
      501888         2048         653.982   2055733248   1027866624
      552000            1           7.868      1104000       552000
      552000            2          15.020      2208000      1104000
      552000            4          11.921      4416000      2208000
      552000            8           5.960      8832000      4416000
      552000           16          10.014     17664000      8832000
      552000           32          15.020     35328000     17664000
      552000           64          34.094     70656000     35328000
      552000          128          57.936    141312000     70656000
      552000          256         102.043    282624000    141312000
      552000          512         182.867    565248000    282624000
      552000         1024         375.032   1130496000    565248000
      607104            1           8.106      1214208       607104
      607104            2           3.815      2428416      1214208
      607104            4           4.768      4856832      2428416
      607104            8           5.960      9713664      4856832
      607104           16          10.967     19427328      9713664
      607104           32          18.120     38854656     19427328
      607104           64          35.048     77709312     38854656
      607104          128          61.035    155418624     77709312
      607104          256         129.938    310837248    155418624
      607104          512         200.987    621674496    310837248
      607104         1024         386.953   1243348992    621674496
      667776            1          10.967      1335552       667776
      667776            2          15.020      2671104      1335552
      667776            4           4.053      5342208      2671104
      667776            8           5.007     10684416      5342208
      667776           16          10.967     21368832     10684416
      667776           32          44.823     42737664     21368832
      667776           64          36.001     85475328     42737664
      667776          128          63.896    170950656     85475328
      667776          256         112.057    341901312    170950656
      667776          512         230.074    683802624    341901312
      667776         1024         427.961   1367605248    683802624
      734400            1           9.060      1468800       734400
      734400            2           5.007      2937600      1468800
      734400            4          13.828      5875200      2937600
      734400            8           8.106     11750400      5875200
      734400           16          11.921     23500800     11750400
      734400           32          22.888     47001600     23500800
      734400           64          37.193     94003200     47001600
      734400          128          74.148    188006400     94003200
      734400          256         122.070    376012800    188006400
      734400          512         246.763    752025600    376012800
      734400         1024         481.129   1504051200    752025600
      807744            1          10.014      1615488       807744
      807744            2          14.067      3230976      1615488
      807744            4           5.007      6461952      3230976
      807744            8           7.153     12923904      6461952
      807744           16          12.159     25847808     12923904
      807744           32          25.034     51695616     25847808
      807744           64          43.154    103391232     51695616
      807744          128          68.903    206782464    103391232
      807744          256         147.104    413564928    206782464
      807744          512         258.923    827129856    413564928
      807744         1024         499.010   1654259712    827129856
      888384            1          10.967      1776768       888384
      888384            2           6.199      3553536      1776768
      888384            4          15.974      7107072      3553536
      888384            8          10.014     14214144      7107072
      888384           16          16.928     28428288     14214144
      888384           32          30.994     56856576     28428288
      888384           64          59.128    113713152     56856576
      888384          128         105.858    227426304    113713152
      888384          256         208.139    454852608    227426304
      888384          512         422.955    909705216    454852608
      888384         1024         758.171   1819410432    909705216
      977088            1          11.921      1954176       977088
      977088            2           5.007      3908352      1954176
      977088            4          23.127      7816704      3908352
      977088            8          10.014     15633408      7816704
      977088           16          18.120     31266816     15633408
      977088           32          36.001     62533632     31266816
      977088           64          62.943    125067264     62533632
      977088          128         114.918    250134528    125067264
      977088          256         227.928    500269056    250134528
      977088          512         455.856   1000538112    500269056
      977088         1024         833.988   2001076224   1000538112
     1074624            1          12.159      2149248      1074624
     1074624            2           4.053      4298496      2149248
     1074624            4          17.881      8596992      4298496
     1074624            8          10.014     17193984      8596992
     1074624           16          17.881     34387968     17193984
     1074624           32          36.955     68775936     34387968
     1074624           64          66.996    137551872     68775936
     1074624          128         127.077    275103744    137551872
     1074624          256         252.962    550207488    275103744
     1074624          512         486.135   1100414976    550207488
     1181952            1          15.020      2363904      1181952
     1181952            2           5.960      4727808      2363904
     1181952            4           7.153      9455616      4727808
     1181952            8          11.921     18911232      9455616
     1181952           16          20.981     37822464     18911232
     1181952           32          41.962     75644928     37822464
     1181952           64          76.056    151289856     75644928
     1181952          128         137.091    302579712    151289856
     1181952          256         277.042    605159424    302579712
     1181952          512         509.024   1210318848    605159424
     1300032            1          14.782      2600064      1300032
     1300032            2           5.007      5200128      2600064
     1300032            4           6.199     10400256      5200128
     1300032            8          13.113     20800512     10400256
     1300032           16          21.935     41601024     20800512
     1300032           32          44.107     83202048     41601024
     1300032           64          77.963    166404096     83202048
     1300032          128         154.018    332808192    166404096
     1300032          256         304.937    665616384    332808192
     1300032          512         586.987   1331232768    665616384
     1430016            1          16.928      2860032      1430016
     1430016            2           5.007      5720064      2860032
     1430016            4           6.914     11440128      5720064
     1430016            8          14.067     22880256     11440128
     1430016           16          24.080     45760512     22880256
     1430016           32          46.015     91521024     45760512
     1430016           64          86.069    183042048     91521024
     1430016          128         169.039    366084096    183042048
     1430016          256         309.944    732168192    366084096
     1430016          512         615.120   1464336384    732168192
     1572864            1          19.073      3145728      1572864
     1572864            2           8.821      6291456      3145728
     1572864            4           8.106     12582912      6291456
     1572864            8          16.212     25165824     12582912
     1572864           16          27.180     50331648     25165824
     1572864           32          51.975    100663296     50331648
     1572864           64          93.937    201326592    100663296
     1572864          128         185.013    402653184    201326592
     1572864          256         380.039    805306368    402653184
     1572864          512         672.102   1610612736    805306368
     1730112            1          56.982      3460224      1730112
     1730112            2           5.007      6920448      3460224
     1730112            4           8.106     13840896      6920448
     1730112            8          15.974     27681792     13840896
     1730112           16          27.895     55363584     27681792
     1730112           32          55.075    110727168     55363584
     1730112           64          97.036    221454336    110727168
     1730112          128         190.973    442908672    221454336
     1730112          256         373.125    885817344    442908672
     1730112          512         754.833   1771634688    885817344
     1903104            1          36.001      3806208      1903104
     1903104            2           5.960      7612416      3806208
     1903104            4           8.821     15224832      7612416
     1903104            8          35.048     30449664     15224832
     1903104           16          30.994     60899328     30449664
     1903104           32          61.035    121798656     60899328
     1903104           64         107.050    243597312    121798656
     1903104          128         206.947    487194624    243597312
     1903104          256         412.941    974389248    487194624
     1903104          512         826.120   1948778496    974389248
     2093376            1          33.140      4186752      2093376
     2093376            2          30.041      8373504      4186752
     2093376            4           9.060     16747008      8373504
     2093376            8          18.835     33494016     16747008
     2093376           16          36.001     66988032     33494016
     2093376           32          66.042    133976064     66988032
     2093376           64         116.110    267952128    133976064
     2093376          128         226.021    535904256    267952128
     2093376          256         448.942   1071808512    535904256
     2093376          512         905.037   2143617024   1071808512
     2302656            1          36.001      4605312      2302656
     2302656            2           6.199      9210624      4605312
     2302656            4          10.014     18421248      9210624
     2302656            8          20.981     36842496     18421248
     2302656           16          40.054     73684992     36842496
     2302656           32          71.049    147369984     73684992
     2302656           64         133.991    294739968    147369984
     2302656          128         266.075    589479936    294739968
     2302656          256         519.991   1178959872    589479936
     2532864            1          36.955      5065728      2532864
     2532864            2           7.153     10131456      5065728
     2532864            4          12.159     20262912     10131456
     2532864            8          22.173     40525824     20262912
     2532864           16          42.915     81051648     40525824
     2532864           32          77.009    162103296     81051648
     2532864           64         149.965    324206592    162103296
     2532864          128         293.016    648413184    324206592
     2532864          256         540.972   1296826368    648413184
     2786112            1          36.955      5572224      2786112
     2786112            2           6.914     11144448      5572224
     2786112            4          11.921     22288896     11144448
     2786112            8          25.034     44577792     22288896
     2786112           16          44.823     89155584     44577792
     2786112           32          85.115    178311168     89155584
     2786112           64         159.979    356622336    178311168
     2786112          128         318.050    713244672    356622336
     2786112          256         617.981   1426489344    713244672
     3064704            1          40.054      6129408      3064704
     3064704            2           6.914     12258816      6129408
     3064704            4          13.113     24517632     12258816
     3064704            8          25.988     49035264     24517632
     3064704           16          48.876     98070528     49035264
     3064704           32          89.169    196141056     98070528
     3064704           64         188.828    392282112    196141056
     3064704          128         331.879    784564224    392282112
     3064704          256         669.003   1569128448    784564224
     3371136            1          56.982      6742272      3371136
     3371136            2           9.060     13484544      6742272
     3371136            4          15.020     26969088     13484544
     3371136            8          28.133     53938176     26969088
     3371136           16          53.883    107876352     53938176
     3371136           32          97.990    215752704    107876352
     3371136           64         193.119    431505408    215752704
     3371136          128         384.808    863010816    431505408
     3371136          256         730.991   1726021632    863010816
     3708096            1          51.022      7416192      3708096
     3708096            2           8.106     14832384      7416192
     3708096            4          15.020     29664768     14832384
     3708096            8          27.895     59329536     29664768
     3708096           16          59.128    118659072     59329536
     3708096           32         107.050    237318144    118659072
     3708096           64         211.954    474636288    237318144
     3708096          128         426.054    949272576    474636288
     3708096          256         807.047   1898545152    949272576
     4078848            1          54.121      8157696      4078848
     4078848            2           9.060     16315392      8157696
     4078848            4          16.928     32630784     16315392
     4078848            8          32.902     65261568     32630784
     4078848           16          64.135    130523136     65261568
     4078848           32         115.871    261046272    130523136
     4078848           64         230.074    522092544    261046272
     4078848          128         460.863   1044185088    522092544
     4078848          256         880.003   2088370176   1044185088
     4486656            1          55.075      8973312      4486656
     4486656            2          10.967     17946624      8973312
     4486656            4          20.027     35893248     17946624
     4486656            8          36.955     71786496     35893248
     4486656           16          70.095    143572992     71786496
     4486656           32         125.885    287145984    143572992
     4486656           64         266.075    574291968    287145984
     4486656          128         479.937   1148583936    574291968
     4935168            1          65.088      9870336      4935168
     4935168            2          10.967     19740672      9870336
     4935168            4          20.027     39481344     19740672
     4935168            8          56.982     78962688     39481344
     4935168           16          77.963    157925376     78962688
     4935168           32         136.137    315850752    157925376
     4935168           64         265.837    631701504    315850752
     4935168          128         543.118   1263403008    631701504
     5428608            1          64.135     10857216      5428608
     5428608            2          11.921     21714432     10857216
     5428608            4          22.888     43428864     21714432
     5428608            8          45.061     86857728     43428864
     5428608           16          82.016    173715456     86857728
     5428608           32         150.919    347430912    173715456
     5428608           64         319.004    694861824    347430912
     5428608          128         579.119   1389723648    694861824
     5971392            1          75.817     11942784      5971392
     5971392            2          13.113     23885568     11942784
     5971392            4          25.988     47771136     23885568
     5971392            8          66.042     95542272     47771136
     5971392           16          87.976    191084544     95542272
     5971392           32         164.032    382169088    191084544
     5971392           64         321.865    764338176    382169088
     5971392          128         650.167   1528676352    764338176
     6568512            1          80.109     13137024      6568512
     6568512            2          14.067     26274048     13137024
     6568512            4          26.941     52548096     26274048
     6568512            8          53.883    105096192     52548096
     6568512           16          97.990    210192384    105096192
     6568512           32         180.006    420384768    210192384
     6568512           64         388.145    840769536    420384768
     6568512          128         715.971   1681539072    840769536
     7225344            1          85.115     14450688      7225344
     7225344            2          15.020     28901376     14450688
     7225344            4          30.041     57802752     28901376
     7225344            8          56.982    115605504     57802752
     7225344           16         102.997    231211008    115605504
     7225344           32         205.040    462422016    231211008
     7225344           64         408.888    924844032    462422016
     7225344          128         784.159   1849688064    924844032
     7947840            1          93.937     15895680      7947840
     7947840            2          17.166     31791360     15895680
     7947840            4          33.140     63582720     31791360
     7947840            8          61.989    127165440     63582720
     7947840           16         110.865    254330880    127165440
     7947840           32         226.021    508661760    254330880
     7947840           64         444.174   1017323520    508661760
     7947840          128         861.883   2034647040   1017323520
     8742528            1         100.136     17485056      8742528
     8742528            2          19.073     34970112     17485056
     8742528            4          35.048     69940224     34970112
     8742528            8          67.949    139880448     69940224
     8742528           16         121.117    279760896    139880448
     8742528           32         243.902    559521792    279760896
     8742528           64         488.997   1119043584    559521792
     9616704            1         112.057     19233408      9616704
     9616704            2          20.981     38466816     19233408
     9616704            4          37.909     76933632     38466816
     9616704            8          72.956    153867264     76933632
     9616704           16         133.038    307734528    153867264
     9616704           32         280.142    615469056    307734528
     9616704           64         514.030   1230938112    615469056
    10578240            1         117.064     21156480     10578240
    10578240            2          22.173     42312960     21156480
    10578240            4          41.008     84625920     42312960
    10578240            8          79.155    169251840     84625920
    10578240           16         144.958    338503680    169251840
    10578240           32         286.102    677007360    338503680
    10578240           64         579.834   1354014720    677007360
    11635968            1         137.091     23271936     11635968
    11635968            2          25.034     46543872     23271936
    11635968            4          46.015     93087744     46543872
    11635968            8          85.831    186175488     93087744
    11635968           16         178.099    372350976    186175488
    11635968           32         313.997    744701952    372350976
    11635968           64         636.101   1489403904    744701952
    12799488            1         144.005     25598976     12799488
    12799488            2          25.988     51197952     25598976
    12799488            4          50.068    102395904     51197952
    12799488            8          92.983    204791808    102395904
    12799488           16         174.046    409583616    204791808
    12799488           32         364.065    819167232    409583616
    12799488           64         696.898   1638334464    819167232
    14079360            1         172.853     28158720     14079360
    14079360            2          34.094     56317440     28158720
    14079360            4          55.075    112634880     56317440
    14079360            8          98.944    225269760    112634880
    14079360           16         191.927    450539520    225269760
    14079360           32         398.874    901079040    450539520
    14079360           64         771.999   1802158080    901079040
    15487296            1         192.165     30974592     15487296
    15487296            2          41.008     61949184     30974592
    15487296            4          68.188    123898368     61949184
    15487296            8         133.038    247796736    123898368
    15487296           16         263.929    495593472    247796736
    15487296           32         542.164    991186944    495593472
    15487296           64        1055.956   1982373888    991186944
    17035968            1         188.112     34071936     17035968
    17035968            2          51.022     68143872     34071936
    17035968            4          83.923    136287744     68143872
    17035968            8         159.979    272575488    136287744
    17035968           16         329.018    545150976    272575488
    17035968           32         593.901   1090301952    545150976
    18739392            1         205.994     37478784     18739392
    18739392            2          57.220     74957568     37478784
    18739392            4          90.837    149915136     74957568
    18739392            8         180.006    299830272    149915136
    18739392           16         377.893    599660544    299830272
    18739392           32         724.792   1199321088    599660544
    20613312            1         242.949     41226624     20613312
    20613312            2          84.162     82453248     41226624
    20613312            4          89.884    164906496     82453248
    20613312            8         175.953    329812992    164906496
    20613312           16         349.045    659625984    329812992
    20613312           32         711.918   1319251968    659625984
    22674624            1         237.942     45349248     22674624
    22674624            2          69.857     90698496     45349248
    22674624            4         130.177    181396992     90698496
    22674624            8         205.994    362793984    181396992
    22674624           16         408.888    725587968    362793984
    22674624           32         836.849   1451175936    725587968
    24941952            1         232.935     49883904     24941952
    24941952            2         104.904     99767808     49883904
    24941952            4         118.971    199535616     99767808
    24941952            8         231.981    399071232    199535616
    24941952           16         463.009    798142464    399071232
    24941952           32         944.853   1596284928    798142464
    27436032            1         180.006     54872064     27436032
    27436032            2         106.096    109744128     54872064
    27436032            4         138.998    219488256    109744128
    27436032            8         268.936    438976512    219488256
    27436032           16         559.807    877953024    438976512
    27436032           32        1086.950   1755906048    877953024
    30179520            1         195.026     60359040     30179520
    30179520            2         128.984    120718080     60359040
    30179520            4         222.921    241436160    120718080
    30179520            8         357.151    482872320    241436160
    30179520           16         715.017    965744640    482872320
    30179520           32        1399.994   1931489280    965744640
    33197376            1         221.014     66394752     33197376
    33197376            2         164.986    132789504     66394752
    33197376            4         247.002    265579008    132789504
    33197376            8         473.022    531158016    265579008
    33197376           16         946.999   1062316032    531158016
    33197376           32        1893.997   2124632064   1062316032
    36517056            1         241.995     73034112     36517056
    36517056            2         182.152    146068224     73034112
    36517056            4         288.963    292136448    146068224
    36517056            8         584.126    584272896    292136448
    36517056           16        1161.098   1168545792    584272896
    40168704            1         244.141     80337408     40168704
    40168704            2         232.935    160674816     80337408
    40168704            4         331.163    321349632    160674816
    40168704            8         665.903    642699264    321349632
    40168704           16        1315.117   1285398528    642699264
    44185536            1         586.033     88371072     44185536
    44185536            2         283.003    176742144     88371072
    44185536            4         390.053    353484288    176742144
    44185536            8         754.833    706968576    353484288
    44185536           16        1482.010   1413937152    706968576
    48604032            1         334.024     97208064     48604032
    48604032            2         310.898    194416128     97208064
    48604032            4         422.001    388832256    194416128
    48604032            8         872.850    777664512    388832256
    48604032           16        1716.137   1555329024    777664512
    53464320            1         363.111    106928640     53464320
    53464320            2         369.072    213857280    106928640
    53464320            4         499.010    427714560    213857280
    53464320            8        1018.047    855429120    427714560
    53464320           16        2057.076   1710858240    855429120
    58810752            1         383.139    117621504     58810752
    58810752            2         478.983    235243008    117621504
    58810752            4         587.225    470486016    235243008
    58810752            8        1195.908    940972032    470486016
    58810752           16        2404.928   1881944064    940972032
    64691712            1         458.002    129383424     64691712
    64691712            2         611.067    258766848    129383424
    64691712            4         771.999    517533696    258766848
    64691712            8        1401.901   1035067392    517533696
    64691712           16        2846.003   2070134784   1035067392
    71160768            1         557.899    142321536     71160768
    71160768            2         740.051    284643072    142321536
    71160768            4         968.933    569286144    284643072
    71160768            8        1840.830   1138572288    569286144
    78276672            1         617.027    156553344     78276672
    78276672            2         924.110    313106688    156553344
    78276672            4        1299.858    626213376    313106688
    78276672            8        2599.955   1252426752    626213376
    86104320            1         730.038    172208640     86104320
    86104320            2        1139.879    344417280    172208640
    86104320            4        1683.235    688834560    344417280
    86104320            8        3414.154   1377669120    688834560
    94714752            1         787.020    189429504     94714752
    94714752            2        1285.076    378859008    189429504
    94714752            4        2072.811    757718016    378859008
    94714752            8        4192.114   1515436032    757718016
   104186112            1         867.128    208372224    104186112
   104186112            2        1488.924    416744448    208372224
   104186112            4        2532.005    833488896    416744448
   104186112            8        5061.150   1666977792    833488896
   114604608            1        1002.073    229209216    114604608
   114604608            2        1783.133    458418432    229209216
   114604608            4        3067.970    916836864    458418432
   114604608            8        6013.155   1833673728    916836864
   126064896            1        1115.084    252129792    126064896
   126064896            2        2032.042    504259584    252129792
   126064896            4        3708.124   1008519168    504259584
   126064896            8        7226.944   2017038336   1008519168
   138671232            1        1264.095    277342464    138671232
   138671232            2        2253.056    554684928    277342464
   138671232            4        4191.160   1109369856    554684928
   152538240            1        1415.968    305076480    152538240
   152538240            2        2576.828    610152960    305076480
   152538240            4        4794.836   1220305920    610152960
   167792064            1        1548.052    335584128    167792064
   167792064            2        2902.031    671168256    335584128
   167792064            4        5429.983   1342336512    671168256
   184571136            1        1744.986    369142272    184571136
   184571136            2        3325.939    738284544    369142272
   184571136            4        6219.864   1476569088    738284544
   203028096            1        1947.165    406056192    203028096
   203028096            2        3725.052    812112384    406056192
   203028096            4        7004.023   1624224768    812112384
   223330752            1        2206.087    446661504    223330752
   223330752            2        4220.009    893323008    446661504
   223330752            4        7996.082   1786646016    893323008
   245663808            1        2387.047    491327616    245663808
   245663808            2        4688.025    982655232    491327616
   245663808            4        9005.070   1965310464    982655232
   270230016            1        2725.124    540460032    270230016
   270230016            2        5190.134   1080920064    540460032
   297252864            1        3000.975    594505728    297252864
   297252864            2        5764.961   1189011456    594505728
   326978112            1        3316.879    653956224    326978112
   326978112            2        6443.024   1307912448    653956224
   359675904            1        3653.049    719351808    359675904
   359675904            2        7080.078   1438703616    719351808
   395643456            1        4016.161    791286912    395643456
   395643456            2        7850.170   1582573824    791286912
   435207744            1        4452.944    870415488    435207744
   435207744            2        8704.901   1740830976    870415488
   478728384            1        4927.158    957456768    478728384
   478728384            2        9625.912   1914913536    957456768
   526601088            1        5422.115   1053202176    526601088
   526601088            2       10646.820   2106404352   1053202176
   579261120            1        6016.970   1158522240    579261120
   637187136            1        6665.945   1274374272    637187136
   700905792            1        7411.003   1401811584    700905792
   770996352            1        8153.915   1541992704    770996352
   848095872            1        8988.142   1696191744    848095872
   932905344            1        9874.105   1865810688    932905344
  1026195840            1       10859.966   2052391680   1026195840

META_DATA
FLOPS          8
MPI_PROCS      1
OPENMP_THREADS 24
ERT_VERSION  1.1.0
HOSTNAME  ('deepv.deep', [], ['10.2.8.6'])
UNAME  uname_result(system='Linux', node='deepv', release='4.18.0-372.32.1.el8_6.x86_64', version='#1 SMP Thu Oct 27 15:18:36 UTC 2022', machine='x86_64')
TIMESTAMP_DATA  1673470168.6489453
CONFIG  {'ERT_RESULTS': ['Results.cn.deep.fz-juelich.de.01'], 'ERT_DRIVER': ['driver1'], 'ERT_KERNEL': ['kernel1'], 'ERT_MPI': ['True'], 'ERT_MPI_CFLAGS': ['-I', '/p/deep/software/skylake/Stages/2022/software/psmpi/5.5.0-1-intel-compilers-2021.4.0/include'], 'ERT_MPI_LDFLAGS': ['-L', '/p/deep/software/skylake/Stages/2022/software/psmpi/5.5.0-1-intel-compilers-2021.4.0/lib', '-lmpi'], 'ERT_OPENMP': ['True'], 'ERT_OPENMP_CFLAGS': ['-qopenmp'], 'ERT_OPENMP_LDFLAGS': ['-qopenmp'], 'ERT_FLOPS': ['1,2,4,8,16,64,128'], 'ERT_ALIGN': ['64'], 'ERT_CC': ['icpc'], 'ERT_CFLAGS': ['-O3', '-fno-alias', '-fno-fnalias', '-xCore-AVX512', '-qopt-zmm-usage=high', '-DERT_INTEL'], 'ERT_LD': ['icpc'], 'ERT_LDFLAGS': [], 'ERT_LDLIBS': [], 'ERT_PRECISION': ['FP64'], 'ERT_RUN': ['export', 'OMP_NUM_THREADS=ERT_OPENMP_THREADS;', 'export', 'OMP_PLACES="cores";', 'srun', '-p', 'dp-cn', '-n', 'ERT_MPI_PROCS', '-c', '48', '--ntasks-per-node', '1', 'ERT_CODE'], 'ERT_PROCS_THREADS': ['24'], 'ERT_MPI_PROCS': ['1'], 'ERT_OPENMP_THREADS': ['24'], 'ERT_NUM_EXPERIMENTS': ['5'], 'ERT_MEMORY_MAX': ['1073741824'], 'ERT_WORKING_SET_MIN': ['128'], 'ERT_TRIALS_MIN': ['1'], 'ERT_GNUPLOT': ['gnuplot'], 'ERT_GPU': [False], 'ERT_HIP': [False], 'ERT_OCL': [False], 'ERT_SYCL': [False], 'ERT_WSS_MULT': [1.1]}
