fp64
 24576 32768 11597.872 11620.998 11626.005 138.53535552410307 138.59504459083462 138.87140123636476 1108.2828441928245 1108.760356726677 1110.971209890918
 26880 32768 14616.013 14622.927 14628.172 120.42568818578289 120.46888287139778 120.52586981141847 963.4055054862631 963.7510629711823 964.2069584913478
 29568 32768 17388.105 17394.066 17402.887 111.34752802796456 111.4039953625564 111.44218694331555 890.7802242237165 891.2319629004512 891.5374955465244
 32448 32768 20076.99 20088.911 20657.778 102.94002230055915 105.85502260426162 105.91787553811601 823.5201784044732 846.840180834093 847.3430043049281
 35520 16384 11377.096 11388.063 11409.998 102.00872603132797 102.20520908604036 102.30373023133495 816.0698082506237 817.6416726883228 818.4298418506796
 38976 16384 10215.998 10222.912 10242.939 124.68741325121628 124.93167974056706 125.01623120912905 997.4993060097303 999.4534379245365 1000.1298496730324
 42816 16384 11574.984 11577.845 11600.018 120.94763025367719 121.17925987089998 121.20921186586521 967.5810420294175 969.4340789671999 969.6736949269217
 47040 16384 13605.118 13619.9 13662.815 112.81765287753657 113.17313049288174 113.29609342601805 902.5412230202926 905.3850439430539 906.3687474081444
 51648 16384 13112.068 13122.082 13123.989 128.95482189142342 128.97356257947482 129.07206277453716 1031.6385751313874 1031.7885006357985 1032.5765021962973
 56640 16384 15165.091 15169.144 15177.965 122.28118328115792 122.35229094008204 122.38499063408192 978.2494662492634 978.8183275206563 979.0799250726553
 62208 16384 15429.02 15450.001 15455.008 131.8945770846576 131.93732116910542 132.11673482826518 1055.156616677261 1055.4985693528433 1056.9338786261214
 68352 8192 9038.925 9048.939 9076.118 123.38746234899104 123.75806356966268 123.89517204756096 987.0996987919283 990.0645085573015 991.1613763804877
 75072 8192 9169.102 9172.916 9176.97 134.02894942448324 134.08818395371767 134.1439595720497 1072.231595395866 1072.7054716297414 1073.1516765763977
 82560 8192 10822.058 10837.078 10841.131 124.77139516163028 124.81805889004397 124.99129463176041 998.1711612930422 998.5444711203518 999.9303570540833
 90816 8192 11593.103 11597.872 11616.945 128.0826709603945 128.29330622031355 128.3460816314666 1024.661367683156 1026.3464497625084 1026.7686530517328
 99840 8192 12069.941 12073.994 12122.869 134.93328683168974 135.47949087932295 135.52498392494215 1079.466294653518 1083.8359270345836 1084.1998713995372
 109824 8192 14382.839 14395.952 14420.986 124.77346666864526 124.99044286893982 125.10439809553594 998.187733349162 999.9235429515186 1000.8351847642875
 120768 8192 15493.87 15507.936 15516.043 127.52368061882788 127.59034548504715 127.70617747534992 1020.189444950623 1020.7227638803772 1021.6494198027993
 132672 4096 8466.005 8482.933 8488.894 128.03187600175005 128.12184464972194 128.37802765294848 1024.2550080140004 1024.9747571977755 1027.0242212235878
 145920 4096 9202.957 9209.156 9220.839 129.63859796272337 129.80306121429587 129.89049497895078 1037.108783701787 1038.424489714367 1039.1239598316063
 160512 4096 9658.098 9669.065 9678.841 135.85452059807574 135.99187760140197 136.14629961302938 1086.836164784606 1087.9350208112157 1089.170396904235
 176448 4096 10706.902 10711.193 10715.961 134.88869696334282 134.94874156408162 135.0028249067751 1079.1095757067426 1079.589932512653 1080.0225992542007
 193920 4096 12096.167 12101.173 14703.035 108.04521923534834 131.275921763948 131.33025031813796 864.3617538827867 1050.207374111584 1050.6420025451037
 213312 4096 12887.955 12897.968 17981.052 97.18296259862882 135.48272906243835 135.58798925042802 777.4637007890306 1083.8618324995068 1084.7039140034242
 234624 4096 14013.052 14019.012 14522.076 132.3529644108735 137.10237269216975 137.1606847673155 1058.823715286988 1096.818981537358 1097.285478138524
 258048 4096 15220.165 15228.033 15244.961 138.66412751072303 138.81827127640187 138.89003279530806 1109.3130200857843 1110.546170211215 1111.1202623624645
 283776 2048 8460.045 8468.151 8483.887 137.00636229596174 137.2609553136216 137.39247202585804 1096.050898367694 1098.0876425089727 1099.1397762068643
 312000 2048 9417.057 10561.943 10600.09 120.56048580719597 120.99591902739866 135.70609161652095 964.4838864575678 967.9673522191893 1085.6487329321676
 343104 2048 10478.973 10491.133 10500.908 133.83166331901964 133.9563595276125 134.11180504043668 1070.6533065521571 1071.6508762209 1072.8944403234934
 377280 2048 11400.938 11404.037 11439.085 135.09287499830626 135.50805561223626 135.54488937664604 1080.74299998645 1084.06444489789 1084.3591150131683
 414912 2048 12573.004 12578.964 12589.931 134.9872014389912 135.10489035504037 135.16893432945696 1079.8976115119297 1080.839122840323 1081.3514746356557
 456384 2048 13589.859 13597.965 13628.006 137.1696537263045 137.47269271541734 137.55469162704335 1097.357229810436 1099.7815417233387 1100.4375330163468
 501888 2048 15111.208 15115.976 15136.003 135.81744453935428 135.99738766454777 136.0402985651445 1086.5395563148343 1087.9791013163822 1088.322388521156
 552000 1024 8322.001 8332.968 8399.01 134.59872056349496 135.66546757409841 135.84425188124825 1076.7897645079597 1085.3237405927873 1086.754015049986
 607104 1024 9060.144 9063.959 9080.887 136.91933310038985 137.17504591536658 137.23280689578442 1095.3546648031188 1097.4003673229327 1097.8624551662754
 667776 1024 9925.127 9929.895 9934.902 137.65664200814462 137.72605329663605 137.79221646231832 1101.253136065157 1101.8084263730884 1102.3377316985466
 734400 1024 11000.872 11003.017 11009.932 136.60858214201505 136.69443571704014 136.72108901912503 1092.8686571361204 1093.555485736321 1093.7687121530003
 807744 1024 12052.059 12063.98 12079.0 136.95336633827304 137.12387719475663 137.25950993104166 1095.6269307061843 1096.991017558053 1098.0760794483333
 888384 1024 13221.025 13226.986 13241.053 137.40677814672293 137.55291129815967 137.6149301585921 1099.2542251737834 1100.4232903852774 1100.9194412687368
 977088 1024 14581.919 14585.018 14611.006 136.95677244948092 137.2008059228998 137.22996431402478 1095.6541795958474 1097.6064473831984 1097.8397145121983
 1074624 512 7997.036 8001.089 8012.056 137.34489324587844 137.53315029991543 137.60285385735412 1098.7591459670275 1100.2652023993235 1100.822830858833
 1181952 512 8764.982 8778.095 8780.956 137.83451915713962 137.87944286317247 138.0857197424935 1102.676153257117 1103.0355429053798 1104.685757939948
 1300032 512 9701.014 9706.02 9732.962 136.77570794995398 137.1553703783837 137.22614646262753 1094.2056635996319 1097.2429630270697 1097.8091717010202
 1430016 512 10604.143 10610.104 10627.985 137.7811865560593 138.01338648518433 138.0909691617701 1102.2494924484745 1104.1070918814746 1104.7277532941607
 1572864 512 11623.859 11646.032 11654.854 138.19244205032513 138.29712437678344 138.56093195899916 1105.539536402601 1106.3769950142675 1108.4874556719933
 1730112 512 12882.948 12885.094 12928.963 137.02836708558917 137.49489821339293 137.5178016708598 1096.2269366847133 1099.9591857071434 1100.1424133668784
 1903104 512 14148.951 14158.964 14171.124 137.51756713158392 137.63566995438367 137.7330726496968 1100.1405370526713 1101.0853596350694 1101.8645811975744
 2093376 512 15510.082 15522.957 15537.024 137.96831516769234 138.09334291140536 138.20797491592887 1103.7465213415387 1104.7467432912429 1105.663799327431
 2302656 256 8537.054 8553.982 8679.152 135.83814086906185 137.8258537368912 138.099146614277 1086.7051269524948 1102.6068298951295 1104.793172914216
 2532864 256 9376.049 9384.871 9399.891 137.96185168530147 138.18265248398194 138.31266965435015 1103.6948134824117 1105.4612198718555 1106.5013572348012
 2786112 256 10333.776 10349.035 10356.188 137.74270455499646 137.83790894513353 138.0414423536953 1101.9416364399717 1102.7032715610683 1104.3315388295623
 3064704 256 11351.824 11358.976 11363.983 138.07909145939414 138.13995627774898 138.22698872005063 1104.632731675153 1105.1196502219918 1105.815909760405
 3371136 256 12487.888 12503.862 12521.982 137.8393318246265 138.03908200522366 138.2156560020397 1102.714654597012 1104.3126560417893 1105.7252480163177
 3708096 256 13753.891 13757.944 13816.118 137.41523863649687 137.9962843285305 138.0369491077107 1099.321909091975 1103.970274628244 1104.2955928616857
 4078848 256 15127.897 15132.904 15150.07 137.84557932735626 138.00194437234256 138.04761996991385 1102.76463461885 1104.0155549787405 1104.3809597593108
 4486656 128 8301.973 8305.788 8322.001 138.01775991134824 138.2871722707105 138.35071928082638 1104.142079290786 1106.297378165684 1106.805754246611
 4935168 128 9135.962 9142.16 9146.929 138.1231895426323 138.1952413871558 138.2889955102703 1104.9855163410584 1105.5619310972463 1106.3119640821624
 5428608 128 10056.019 10059.834 10076.046 137.92351166320597 138.14578332008261 138.1981923462953 1103.3880933056478 1105.166266560661 1105.5855387703623
 5971392 128 11059.999 11070.967 11077.881 137.99357043102378 138.07974967317668 138.2166808514178 1103.9485634481903 1104.6379973854134 1105.7334468113424
 6568512 128 12157.917 12166.977 12181.997 138.0347632658258 138.20516567097974 138.30815525389755 1104.2781061266064 1105.641325367838 1106.4652420311804
 7225344 128 13360.977 13367.891 13384.819 138.1929829607707 138.36797921227813 138.43958147671384 1105.5438636861657 1106.943833698225 1107.5166518137107
 7947840 128 14713.049 14724.016 14733.076 138.10062745892304 138.18560371029207 138.28860625693557 1104.8050196713843 1105.4848296823366 1106.3088500554845
 8742528 64 8083.82 8092.165 8094.072 138.25471085505538 138.28729196698288 138.4300471806646 1106.037686840443 1106.298335735863 1107.4403774453167
 9616704 64 8886.814 8902.073 8903.027 138.26062888498484 138.27544573044952 138.51286996667199 1106.0850310798787 1106.2035658435962 1108.1029597333759
 10578240 64 9793.997 9796.858 9805.918 138.08138309947114 138.20907886998054 138.2494521899486 1104.6510647957691 1105.6726309598444 1105.995617519589
 11635968 64 10760.784 10776.997 10782.003 138.13796045131875 138.20212662210076 138.4103522568616 1105.10368361055 1105.617012976806 1107.2828180548927
 12799488 64 11829.138 11846.066 11852.98 138.22131345872515 138.30198683681147 138.49990286697135 1105.7705076698012 1106.4158946944917 1107.9992229357708
 14079360 64 13023.138 13031.006 13041.019 138.19150788753547 138.2976939769654 138.3812472846406 1105.5320631002837 1106.3815518157232 1107.0499782771249
 15487296 64 14319.897 14330.149 14486.074 136.8468701733817 138.33588806369008 138.4349264523341 1094.7749613870535 1106.6871045095206 1107.4794116186729
 17035968 32 7866.144 7889.032 7923.126 137.61007359973826 138.2047825385928 138.6069149001086 1100.880588797906 1105.6382603087425 1108.8553192008687
 18739392 32 8671.999 8676.052 8701.086 137.83579291136763 138.2335062076622 138.29811188861993 1102.686343290941 1105.8680496612976 1106.3848951089594
 20613312 32 9541.988 9573.936 9696.96 136.04799524799526 137.79619667396983 138.25755890701186 1088.383961983962 1102.3695733917586 1106.0604712560948
 22674624 32 10506.153 10518.074 10552.168 137.52396057378922 137.96974008739622 138.12628999406348 1100.1916845903138 1103.7579206991697 1105.0103199525079
 24941952 32 11610.031 11612.892 11642.933 137.10333367030455 137.45800167606828 137.49187474176424 1096.8266693624364 1099.6640134085462 1099.9349979341139
 27436032 32 12850.046 12856.96 12870.789 136.4256727384778 136.57241276320374 136.6458958979602 1091.4053819078224 1092.57930210563 1093.1671671836816
 30179520 32 14150.858 14167.07 14182.091 136.19213697049327 136.33653818326584 136.49273280814492 1089.5370957639461 1090.6923054661268 1091.9418624651594
 33197376 32 15565.872 15586.138 15638.113 135.86243199547158 136.31549162467314 136.49296769239783 1086.8994559637727 1090.5239329973851 1091.9437415391826
 36517056 16 8557.081 8569.002 8595.943 135.9415473090038 136.36894844930598 136.55892611043416 1087.5323784720304 1090.9515875944478 1092.4714088834733
 40168704 16 9434.938 9438.038 9456.873 135.9221518571731 136.1934046037958 136.23815312829825 1087.3772148573848 1089.5472368303665 1089.905225026386
 44185536 16 10386.944 10416.031 10420.799 135.68414015086557 135.74625037118264 136.12638635579435 1085.4731212069246 1085.9700029694611 1089.0110908463548
 48604032 16 11446.953 11516.809 11592.15 134.17088495231687 135.04860799549598 135.87275356158096 1073.367079618535 1080.3888639639679 1086.9820284926477
 53464320 16 12668.848 12825.966 12899.876 132.6259446214832 133.39020546288677 135.04449970510342 1061.0075569718656 1067.1216437030942 1080.3559976408274
 58810752 16 14178.038 14287.949 14379.025 130.88120119410044 131.715480227428 132.7365651016029 1047.0496095528035 1053.723841819424 1061.8925208128232
 64691712 16 15660.048 15853.882 15995.026 129.423658579861 130.57589201181136 132.19210975598543 1035.389268638888 1044.607136094491 1057.5368780478834
 71160768 8 8686.066 8822.918 8863.926 128.4501120609536 129.04713474612367 131.08031737267478 1027.6008964876287 1032.3770779689894 1048.6425389813983
 78276672 8 9659.052 9707.928 9788.99 127.94238751903927 129.01071701397046 129.66352722813792 1023.5391001523142 1032.0857361117637 1037.3082178251034
 86104320 8 10656.834 10725.021 10880.947 126.61297955040126 128.45374568497346 129.27564790818735 1012.9038364032101 1027.6299654797876 1034.2051832654988
 94714752 8 11831.045 11910.2 11985.064 126.44371627886176 127.23850413930916 128.0897868277908 1011.549730230894 1017.9080331144733 1024.7182946223263
 104186112 8 13063.908 13111.115 13141.87 126.84479392963101 127.1423362543918 127.60177061871532 1014.7583514370481 1017.1386900351343 1020.8141649497226
 114604608 8 14384.031 14429.808 14563.084 125.91245975097033 127.07540724034581 127.47982314554244 1007.2996780077626 1016.6032579227665 1019.8385851643395
 126064896 8 15829.802 15924.931 16050.1 125.67138746799085 126.65915701612774 127.4203136590085 1005.3710997439268 1013.2732561290219 1019.362509272068
 138671232 4 8764.029 8805.037 8935.928 124.14713457852392 125.99263989464212 126.5821753898806 993.1770766281913 1007.941119157137 1012.6574031190448
 152538240 4 9658.098 9718.895 9814.978 124.33098882137078 125.56015061383006 126.35054231174708 994.6479105709662 1004.4812049106405 1010.8043384939766
 167792064 4 10649.92 10726.929 10781.05 124.50888475612302 125.13707436676424 126.04193383612271 996.0710780489842 1001.0965949341139 1008.3354706889817
 184571136 4 11770.964 11802.912 11961.937 123.43896210120484 125.10210090526812 125.44164505133139 987.5116968096387 1000.8168072421449 1003.5331604106511
 203028096 4 12989.044 13062.954 13159.99 123.42142873968749 124.33824447364661 125.04575148101738 987.3714299174999 994.7059557891729 1000.366011848139
 223330752 4 14218.092 14394.045 14506.102 123.16513533408215 124.1239704336064 125.66004046112516 985.3210826726572 992.9917634688512 1005.2803236890013
 245663808 4 15794.992 15851.021 15905.857 123.55891694487133 123.98636428530378 124.42617660078587 988.4713355589706 991.8909142824302 995.4094128062869
 270230016 2 8721.828 8777.142 8860.826 121.9886344681636 123.15171202653438 123.93274253975201 975.9090757453088 985.2136962122751 991.4619403180161
 297252864 2 9596.109 9629.965 9793.043 121.41389106532056 123.46996650558958 123.90558048058854 971.3111285225644 987.7597320447167 991.2446438447083
 326978112 2 10539.77 10577.917 10729.074 121.90357229337778 123.64555781634513 124.09307299874665 975.2285783470222 989.164462530761 992.7445839899732
 359675904 2 11584.997 11626.005 11796.236 121.96293936472615 123.74875255945615 124.18679227970452 975.7035149178092 989.9900204756492 993.4943382376362
 395643456 2 12772.083 12831.926 13015.985 121.58694282453459 123.33096559316195 123.90882708795425 972.6955425962767 986.6477247452956 991.270616703634
 435207744 2 14079.809 14201.164 14411.926 120.79100156356617 122.5836822953386 123.64024085838098 966.3280125085294 980.6694583627088 989.1219268670478
 478728384 2 15388.012 15496.969 15725.136 121.77405244698679 123.56697209628541 124.44190555609131 974.1924195758943 988.5357767702833 995.5352444487305
 526601088 2 17081.976 17098.904 17343.044 121.45528501225044 123.1894367030776 123.31151571691709 971.6422800980035 985.5154936246208 986.4921257353367
 579261120 1 9374.142 9464.979 9506.941 121.86067421686953 122.40093084200186 123.58701628373028 974.8853937349562 979.2074467360148 988.6961302698422
 637187136 1 10278.94 10424.852 10572.91 120.53202684975092 122.24387185544695 123.97915271419036 964.2562147980074 977.9509748435756 991.8332217135229
 700905792 1 11364.937 11448.86 11610.031 120.74141610819126 122.44114994855383 123.34530178213923 965.9313288655301 979.5291995884306 986.7624142571138
 770996352 1 12468.1 12573.004 12855.053 119.95226344068749 122.64314112999567 123.67503500934384 959.6181075254999 981.1451290399654 989.4002800747508
 848095872 1 13815.88 13878.107 14199.018 119.45838395303112 122.22068499688034 122.77116940795665 955.6670716242489 977.7654799750427 982.1693552636532
 932905344 1 15069.008 15260.22 15491.962 120.43733957002993 122.26630336915196 123.81775150693397 963.4987165602395 978.1304269532156 990.5420120554718
 1026195840 1 16623.02 16866.922 16993.046 120.7783277936163 121.68145913048036 123.4668357494607 966.2266223489304 973.4516730438429 987.7346859956856
 
META_DATA
 FLOPS          128
 MPI_PROCS      1
 OPENMP_THREADS 24
 ERT_VERSION  1.1.0
 HOSTNAME  ('deepv.deep', [], ['10.2.8.6'])
 UNAME  uname_result(system='Linux', node='deepv', release='4.18.0-372.32.1.el8_6.x86_64', version='#1 SMP Thu Oct 27 15:18:36 UTC 2022', machine='x86_64')
 TIMESTAMP_DATA  1673470411.9259367
 CONFIG  {'ERT_RESULTS': ['Results.cn.deep.fz-juelich.de.01'], 'ERT_DRIVER': ['driver1'], 'ERT_KERNEL': ['kernel1'], 'ERT_MPI': ['True'], 'ERT_MPI_CFLAGS': ['-I', '/p/deep/software/skylake/Stages/2022/software/psmpi/5.5.0-1-intel-compilers-2021.4.0/include'], 'ERT_MPI_LDFLAGS': ['-L', '/p/deep/software/skylake/Stages/2022/software/psmpi/5.5.0-1-intel-compilers-2021.4.0/lib', '-lmpi'], 'ERT_OPENMP': ['True'], 'ERT_OPENMP_CFLAGS': ['-qopenmp'], 'ERT_OPENMP_LDFLAGS': ['-qopenmp'], 'ERT_FLOPS': ['1,2,4,8,16,64,128'], 'ERT_ALIGN': ['64'], 'ERT_CC': ['icpc'], 'ERT_CFLAGS': ['-O3', '-fno-alias', '-fno-fnalias', '-xCore-AVX512', '-qopt-zmm-usage=high', '-DERT_INTEL'], 'ERT_LD': ['icpc'], 'ERT_LDFLAGS': [], 'ERT_LDLIBS': [], 'ERT_PRECISION': ['FP64'], 'ERT_RUN': ['export', 'OMP_NUM_THREADS=ERT_OPENMP_THREADS;', 'export', 'OMP_PLACES="cores";', 'srun', '-p', 'dp-cn', '-n', 'ERT_MPI_PROCS', '-c', '48', '--ntasks-per-node', '1', 'ERT_CODE'], 'ERT_PROCS_THREADS': ['24'], 'ERT_MPI_PROCS': ['1'], 'ERT_OPENMP_THREADS': ['24'], 'ERT_NUM_EXPERIMENTS': ['5'], 'ERT_MEMORY_MAX': ['1073741824'], 'ERT_WORKING_SET_MIN': ['128'], 'ERT_TRIALS_MIN': ['1'], 'ERT_GNUPLOT': ['gnuplot'], 'ERT_GPU': [False], 'ERT_HIP': [False], 'ERT_OCL': [False], 'ERT_SYCL': [False], 'ERT_WSS_MULT': [1.1]}
 TIMESTAMP_DATA  1673470429.8335216
 TIMESTAMP_DATA  1673470449.9297037
 TIMESTAMP_DATA  1673470467.9550166
 TIMESTAMP_DATA  1673470485.988928
 