fp64
       24576            1          35.048        49152       393216
       24576            2           3.099        98304       786432
       24576            4           3.815       196608      1572864
       24576            8           5.960       393216      3145728
       24576           16           8.106       786432      6291456
       24576           32          16.928      1572864     12582912
       24576           64          28.849      3145728     25165824
       24576          128          60.797      6291456     50331648
       24576          256         108.957     12582912    100663296
       24576          512         218.868     25165824    201326592
       24576         1024         367.880     50331648    402653184
       24576         2048         741.005    100663296    805306368
       24576         4096        1468.182    201326592   1610612736
       24576         8192        2914.906    402653184   3221225472
       24576        16384        5800.009    805306368   6442450944
       24576        32768       11626.005   1610612736  12884901888
       26880            1           3.815        53760       430080
       26880            2          14.067       107520       860160
       26880            4          14.067       215040      1720320
       26880            8           5.960       430080      3440640
       26880           16          11.921       860160      6881280
       26880           32          19.073      1720320     13762560
       26880           64          40.054      3440640     27525120
       26880          128          75.102      6881280     55050240
       26880          256         135.899     13762560    110100480
       26880          512         254.154     27525120    220200960
       26880         1024         458.956     55050240    440401920
       26880         2048         923.157    110100480    880803840
       26880         4096        1839.876    220200960   1761607680
       26880         8192        3659.964    440401920   3523215360
       26880        16384        7328.033    880803840   7046430720
       26880        32768       14617.920   1761607680  14092861440
       29568            1           2.861        59136       473088
       29568            2          17.166       118272       946176
       29568            4          12.875       236544      1892352
       29568            8           6.914       473088      3784704
       29568           16          15.020       946176      7569408
       29568           32          23.127      1892352     15138816
       29568           64          46.015      3784704     30277632
       29568          128          82.016      7569408     60555264
       29568          256         179.768     15138816    121110528
       29568          512         273.943     30277632    242221056
       29568         1024         543.118     60555264    484442112
       29568         2048        1116.991    121110528    968884224
       29568         4096        2186.060    242221056   1937768448
       29568         8192        4346.132    484442112   3875536896
       29568        16384        8706.093    968884224   7751073792
       29568        32768       17395.973   1937768448  15502147584
       32448            1           4.053        64896       519168
       32448            2           5.007       129792      1038336
       32448            4           5.007       259584      2076672
       32448            8           9.060       519168      4153344
       32448           16          15.974      1038336      8306688
       32448           32          29.087      2076672     16613376
       32448           64          51.975      4153344     33226752
       32448          128          87.976      8306688     66453504
       32448          256         182.152     16613376    132907008
       32448          512         319.004     33226752    265814016
       32448         1024         645.161     66453504    531628032
       32448         2048        1260.996    132907008   1063256064
       32448         4096        2515.078    265814016   2126512128
       32448         8192        5028.009    531628032   4253024256
       32448        16384       10066.986   1063256064   8506048512
       32448        32768       20088.911   2126512128  17012097024
       35520            1           4.053        71040       568320
       35520            2           3.815       142080      1136640
       35520            4          15.020       284160      2273280
       35520            8           9.060       568320      4546560
       35520           16          16.928      1136640      9093120
       35520           32          31.948      2273280     18186240
       35520           64          60.081      4546560     36372480
       35520          128          94.891      9093120     72744960
       35520          256         193.119     18186240    145489920
       35520          512         366.926     36372480    290979840
       35520         1024         725.985     72744960    581959680
       35520         2048        1439.095    145489920   1163919360
       35520         4096        2841.949    290979840   2327838720
       35520         8192        5699.158    581959680   4655677440
       35520        16384       11377.096   1163919360   9311354880
       38976            1           4.053        77952       623616
       38976            2           5.007       155904      1247232
       38976            4           5.007       311808      2494464
       38976            8           8.106       623616      4988928
       38976           16          15.974      1247232      9977856
       38976           32          27.895      2494464     19955712
       38976           64          49.114      4988928     39911424
       38976          128         108.957      9977856     79822848
       38976          256         178.099     19955712    159645696
       38976          512         329.018     39911424    319291392
       38976         1024         652.075     79822848    638582784
       38976         2048        1281.977    159645696   1277165568
       38976         4096        2565.145    319291392   2554331136
       38976         8192        5118.132    638582784   5108662272
       38976        16384       10215.998   1277165568  10217324544
       42816            1           5.007        85632       685056
       42816            2          13.113       171264      1370112
       42816            4          15.020       342528      2740224
       42816            8           9.060       685056      5480448
       42816           16          16.928      1370112     10960896
       42816           32          30.041      2740224     21921792
       42816           64          58.174      5480448     43843584
       42816          128          97.036     10960896     87687168
       42816          256         203.848     21921792    175374336
       42816          512         380.039     43843584    350748672
       42816         1024         734.806     87687168    701497344
       42816         2048        1448.870    175374336   1402994688
       42816         4096        2899.885    350748672   2805989376
       42816         8192        5795.002    701497344   5611978752
       42816        16384       11575.937   1402994688  11223957504
       47040            1           5.007        94080       752640
       47040            2           4.053       188160      1505280
       47040            4           5.007       376320      3010560
       47040            8          11.921       752640      6021120
       47040           16          19.073      1505280     12042240
       47040           32          39.101      3010560     24084480
       47040           64          68.903      6021120     48168960
       47040          128         123.978     12042240     96337920
       47040          256         239.134     24084480    192675840
       47040          512         447.035     48168960    385351680
       47040         1024         861.883     96337920    770703360
       47040         2048        1711.845    192675840   1541406720
       47040         4096        3404.856    385351680   3082813440
       47040         8192        6813.049    770703360   6165626880
       47040        16384       13616.800   1541406720  12331253760
       51648            1           4.053       103296       826368
       51648            2           4.053       206592      1652736
       51648            4           5.007       413184      3305472
       51648            8          10.014       826368      6610944
       51648           16          19.073      1652736     13221888
       51648           32          35.048      3305472     26443776
       51648           64          66.996      6610944     52887552
       51648          128         123.024     13221888    105775104
       51648          256         208.855     26443776    211550208
       51648          512         415.802     52887552    423100416
       51648         1024         828.981    105775104    846200832
       51648         2048        1658.916    211550208   1692401664
       51648         4096        3276.825    423100416   3384803328
       51648         8192        6594.896    846200832   6769606656
       51648        16384       13122.082   1692401664  13539213312
       56640            1           4.053       113280       906240
       56640            2           3.815       226560      1812480
       56640            4           5.960       453120      3624960
       56640            8          10.967       906240      7249920
       56640           16          20.981      1812480     14499840
       56640           32          41.008      3624960     28999680
       56640           64          74.148      7249920     57999360
       56640          128         136.852     14499840    115998720
       56640          256         241.041     28999680    231997440
       56640          512         493.050     57999360    463994880
       56640         1024         955.105    115998720    927989760
       56640         2048        1908.064    231997440   1855979520
       56640         4096        3794.909    463994880   3711959040
       56640         8192        7587.910    927989760   7423918080
       56640        16384       15169.144   1855979520  14847836160
       62208            1           4.768       124416       995328
       62208            2          14.067       248832      1990656
       62208            4          15.974       497664      3981312
       62208            8          12.875       995328      7962624
       62208           16          20.981      1990656     15925248
       62208           32          42.915      3981312     31850496
       62208           64          76.056      7962624     63700992
       62208          128         144.958     15925248    127401984
       62208          256         244.856     31850496    254803968
       62208          512         483.036     63700992    509607936
       62208         1024         970.125    127401984   1019215872
       62208         2048        1937.866    254803968   2038431744
       62208         4096        3865.957    509607936   4076863488
       62208         8192        7727.146   1019215872   8153726976
       62208        16384       15435.934   2038431744  16307453952
       68352            1           5.007       136704      1093632
       68352            2          15.020       273408      2187264
       68352            4          16.928       546816      4374528
       68352            8          14.067      1093632      8749056
       68352           16          22.888      2187264     17498112
       68352           32          46.968      4374528     34996224
       68352           64          85.115      8749056     69992448
       68352          128         145.912     17498112    139984896
       68352          256         303.984     34996224    279969792
       68352          512         562.906     69992448    559939584
       68352         1024        1134.157    139984896   1119879168
       68352         2048        2276.897    279969792   2239758336
       68352         4096        4513.979    559939584   4479516672
       68352         8192        9076.118   1119879168   8959033344
       75072            1           5.007       150144      1201152
       75072            2           4.053       300288      2402304
       75072            4           6.914       600576      4804608
       75072            8          15.020      1201152      9609216
       75072           16          23.842      2402304     19218432
       75072           32          46.968      4804608     38436864
       75072           64          85.115      9609216     76873728
       75072          128         169.039     19218432    153747456
       75072          256         288.963     38436864    307494912
       75072          512         588.179     76873728    614989824
       75072         1024        1152.039    153747456   1229979648
       75072         2048        2294.064    307494912   2459959296
       75072         4096        4591.942    614989824   4919918592
       75072         8192        9174.109   1229979648   9839837184
       82560            1           5.007       165120      1320960
       82560            2           5.960       330240      2641920
       82560            4          19.073       660480      5283840
       82560            8          16.928      1320960     10567680
       82560           16          27.895      2641920     21135360
       82560           32          55.075      5283840     42270720
       82560           64          92.030     10567680     84541440
       82560          128         173.092     21135360    169082880
       82560          256         355.005     42270720    338165760
       82560          512         674.009     84541440    676331520
       82560         1024        1368.999    169082880   1352663040
       82560         2048        2701.998    338165760   2705326080
       82560         4096        5424.023    676331520   5410652160
       82560         8192       10831.833   1352663040  10821304320
       90816            1           5.007       181632      1453056
       90816            2           6.199       363264      2906112
       90816            4          18.120       726528      5812224
       90816            8          33.855      1453056     11624448
       90816           16          30.994      2906112     23248896
       90816           32          57.936      5812224     46497792
       90816           64          97.036     11624448     92995584
       90816          128         185.013     23248896    185991168
       90816          256         365.019     46497792    371982336
       90816          512         735.998     92995584    743964672
       90816         1024        1448.154    185991168   1487929344
       90816         2048        2902.031    371982336   2975858688
       90816         4096        5806.923    743964672   5951717376
       90816         8192       11597.872   1487929344  11903434752
       99840            1           5.960       199680      1597440
       99840            2           5.960       399360      3194880
       99840            4          20.981       798720      6389760
       99840            8          17.881      1597440     12779520
       99840           16          30.994      3194880     25559040
       99840           32          60.081      6389760     51118080
       99840           64         102.043     12779520    102236160
       99840          128         192.881     25559040    204472320
       99840          256         399.113     51118080    408944640
       99840          512         751.019    102236160    817889280
       99840         1024        1524.925    204472320   1635778560
       99840         2048        3024.101    408944640   3271557120
       99840         4096        6045.103    817889280   6543114240
       99840         8192       12073.994   1635778560  13086228480
      109824            1           5.960       219648      1757184
      109824            2          16.928       439296      3514368
      109824            4          12.159       878592      7028736
      109824            8          20.981      1757184     14057472
      109824           16          39.816      3514368     28114944
      109824           32          72.002      7028736     56229888
      109824           64         118.017     14057472    112459776
      109824          128         229.120     28114944    224919552
      109824          256         468.016     56229888    449839104
      109824          512         909.090    112459776    899678208
      109824         1024        1806.021    224919552   1799356416
      109824         2048        3592.968    449839104   3598712832
      109824         4096        7200.003    899678208   7197425664
      109824         8192       14395.952   1799356416  14394851328
      120768            1           5.960       241536      1932288
      120768            2          18.120       483072      3864576
      120768            4          10.967       966144      7729152
      120768            8          20.981      1932288     15458304
      120768           16          41.962      3864576     30916608
      120768           32          74.863      7729152     61833216
      120768           64         127.077     15458304    123666432
      120768          128         245.094     30916608    247332864
      120768          256         501.871     61833216    494665728
      120768          512         976.801    123666432    989331456
      120768         1024        1943.827    247332864   1978662912
      120768         2048        3882.885    494665728   3957325824
      120768         4096        7752.180    989331456   7914651648
      120768         8192       15516.043   1978662912  15829303296
      132672            1           5.007       265344      2122752
      132672            2          18.120       530688      4245504
      132672            4          19.789      1061376      8491008
      132672            8          23.127      2122752     16982016
      132672           16          46.015      4245504     33964032
      132672           32          81.062      8491008     67928064
      132672           64         136.852     16982016    135856128
      132672          128         269.175     33964032    271712256
      132672          256         543.833     67928064    543424512
      132672          512        1065.969    135856128   1086849024
      132672         1024        2125.978    271712256   2173698048
      132672         2048        4235.983    543424512   4347396096
      132672         4096        8476.019   1086849024   8694792192
      145920            1           6.914       291840      2334720
      145920            2          18.120       583680      4669440
      145920            4          14.067      1167360      9338880
      145920            8          24.080      2334720     18677760
      145920           16          47.922      4669440     37355520
      145920           32          86.069      9338880     74711040
      145920           64         148.058     18677760    149422080
      145920          128         290.155     37355520    298844160
      145920          256         589.848     74711040    597688320
      145920          512        1155.853    149422080   1195376640
      145920         1024        2301.931    298844160   2390753280
      145920         2048        4598.141    597688320   4781506560
      145920         4096        9202.957   1195376640   9563013120
      160512            1           5.960       321024      2568192
      160512            2           7.868       642048      5136384
      160512            4          14.067      1284096     10272768
      160512            8          25.034      2568192     20545536
      160512           16          47.922      5136384     41091072
      160512           32          87.976     10272768     82182144
      160512           64         176.191     20545536    164364288
      160512          128         304.937     41091072    328728576
      160512          256         613.928     82182144    657457152
      160512          512        1210.928    164364288   1314914304
      160512         1024        2415.895    328728576   2629828608
      160512         2048        4894.972    657457152   5259657216
      160512         4096        9669.065   1314914304  10519314432
      176448            1           5.960       352896      2823168
      176448            2          26.226       705792      5646336
      176448            4          16.928      1411584     11292672
      176448            8          26.941      2823168     22585344
      176448           16          51.975      5646336     45170688
      176448           32          94.175     11292672     90341376
      176448           64         170.946     22585344    180682752
      176448          128         335.932     45170688    361365504
      176448          256         684.977     90341376    722731008
      176448          512        1341.820    180682752   1445462016
      176448         1024        2686.977    361365504   2890924032
      176448         2048        5347.967    722731008   5781848064
      176448         4096       10711.193   1445462016  11563696128
      193920            1           6.914       387840      3102720
      193920            2          19.073       775680      6205440
      193920            4          18.120      1551360     12410880
      193920            8          30.994      3102720     24821760
      193920           16          61.035      6205440     49643520
      193920           32         102.043     12410880     99287040
      193920           64         210.047     24821760    198574080
      193920          128         378.847     49643520    397148160
      193920          256         767.946     99287040    794296320
      193920          512        1513.958    198574080   1588592640
      193920         1024        3030.062    397148160   3177185280
      193920         2048        6054.163    794296320   6354370560
      193920         4096       12099.028   1588592640  12708741120
      213312            1           7.153       426624      3412992
      213312            2          20.981       853248      6825984
      213312            4          19.073      1706496     13651968
      213312            8          32.902      3412992     27303936
      213312           16          82.970      6825984     54607872
      213312           32         105.858     13651968    109215744
      213312           64         205.040     27303936    218431488
      213312          128         403.166     54607872    436862976
      213312          256         815.868    109215744    873725952
      213312          512        1623.154    218431488   1747451904
      213312         1024        3221.989    436862976   3494903808
      213312         2048        6443.977    873725952   6989807616
      213312         4096       12887.955   1747451904  13979615232
      234624            1           7.153       469248      3753984
      234624            2          20.981       938496      7507968
      234624            4          20.981      1876992     15015936
      234624            8          36.955      3753984     30031872
      234624           16          70.095      7507968     60063744
      234624           32         113.964     15015936    120127488
      234624           64         225.067     30031872    240254976
      234624          128         439.882     60063744    480509952
      234624          256         885.010    120127488    961019904
      234624          512        1762.867    240254976   1922039808
      234624         1024        3501.892    480509952   3844079616
      234624         2048        7009.983    961019904   7688159232
      234624         4096       14015.198   1922039808  15376318464
      258048            1           8.106       516096      4128768
      258048            2          25.988      1032192      8257536
      258048            4          20.981      2064384     16515072
      258048            8          39.101      4128768     33030144
      258048           16          76.056      8257536     66060288
      258048           32         144.005     16515072    132120576
      258048           64         245.094     33030144    264241152
      258048          128         477.076     66060288    528482304
      258048          256         957.966    132120576   1056964608
      258048          512        1909.971    264241152   2113929216
      258048         1024        3816.843    528482304   4227858432
      258048         2048        7619.858   1056964608   8455716864
      258048         4096       15220.165   2113929216  16911433728
      283776            1           7.868       567552      4540416
      283776            2          25.988      1135104      9080832
      283776            4          24.080      2270208     18161664
      283776            8          44.823      4540416     36323328
      283776           16          80.109      9080832     72646656
      283776           32         159.025     18161664    145293312
      283776           64         275.850     36323328    290586624
      283776          128         544.071     72646656    581173248
      283776          256        1062.155    145293312   1162346496
      283776          512        2119.064    290586624   2324692992
      283776         1024        4227.877    581173248   4649385984
      283776         2048        8483.887   1162346496   9298771968
      312000            1          30.994       624000      4992000
      312000            2          14.067      1248000      9984000
      312000            4          25.988      2496000     19968000
      312000            8          47.922      4992000     39936000
      312000           16          87.023      9984000     79872000
      312000           32         169.039     19968000    159744000
      312000           64         296.831     39936000    319488000
      312000          128         602.007     79872000    638976000
      312000          256        1179.934    159744000   1277952000
      312000          512        2356.052    319488000   2555904000
      312000         1024        4720.926    638976000   5111808000
      312000         2048        9417.057   1277952000  10223616000
      343104            1          10.014       686208      5489664
      343104            2          23.127      1372416     10979328
      343104            4          26.941      2744832     21958656
      343104            8          51.975      5489664     43917312
      343104           16         112.057     10979328     87834624
      343104           32         169.039     21958656    175669248
      343104           64         329.018     43917312    351338496
      343104          128         667.095     87834624    702676992
      343104          256        1315.832    175669248   1405353984
      343104          512        2629.995    351338496   2810707968
      343104         1024        5256.891    702676992   5621415936
      343104         2048       10478.973   1405353984  11242831872
      377280            1           9.060       754560      6036480
      377280            2          26.941      1509120     12072960
      377280            4          30.041      3018240     24145920
      377280            8          57.936      6036480     48291840
      377280           16         121.117     12072960     96583680
      377280           32         183.105     24145920    193167360
      377280           64         359.058     48291840    386334720
      377280          128         724.077     96583680    772669440
      377280          256        1425.028    193167360   1545338880
      377280          512        2857.208    386334720   3090677760
      377280         1024        5709.887    772669440   6181355520
      377280         2048       11401.892   1545338880  12362711040
      414912            1          10.967       829824      6638592
      414912            2          24.796      1659648     13277184
      414912            4          30.994      3319296     26554368
      414912            8          59.843      6638592     53108736
      414912           16         108.957     13277184    106217472
      414912           32         221.014     26554368    212434944
      414912           64         395.060     53108736    424869888
      414912          128         797.033    106217472    849739776
      414912          256        1572.132    212434944   1699479552
      414912          512        3160.000    424869888   3398959104
      414912         1024        6283.998    849739776   6797918208
      414912         2048       12589.931   1699479552  13595836416
      456384            1          11.921       912768      7302144
      456384            2          25.988      1825536     14604288
      456384            4          34.094      3651072     29208576
      456384            8          84.877      7302144     58417152
      456384           16         113.964     14604288    116834304
      456384           32         215.769     29208576    233668608
      456384           64         425.816     58417152    467337216
      456384          128         859.022    116834304    934674432
      456384          256        1708.984    233668608   1869348864
      456384          512        3400.087    467337216   3738697728
      456384         1024        6804.943    934674432   7477395456
      456384         2048       13597.965   1869348864  14954790912
      501888            1          12.875      1003776      8030208
      501888            2          27.895      2007552     16060416
      501888            4          36.001      4015104     32120832
      501888            8          75.102      8030208     64241664
      501888           16         123.978     16060416    128483328
      501888           32         239.849     32120832    256966656
      501888           64         488.043     64241664    513933312
      501888          128         955.105    128483328   1027866624
      501888          256        1883.984    256966656   2055733248
      501888          512        3786.087    513933312   4111466496
      501888         1024        7564.068   1027866624   8222932992
      501888         2048       15111.208   2055733248  16445865984
      552000            1          13.113      1104000      8832000
      552000            2          22.173      2208000     17664000
      552000            4          40.054      4416000     35328000
      552000            8          82.016      8832000     70656000
      552000           16         135.183     17664000    141312000
      552000           32         264.883     35328000    282624000
      552000           64         536.203     70656000    565248000
      552000          128        1047.850    141312000   1130496000
      552000          256        2086.163    282624000   2260992000
      552000          512        4168.034    565248000   4521984000
      552000         1024        8332.014   1130496000   9043968000
      607104            1          15.974      1214208      9713664
      607104            2          22.888      2428416     19427328
      607104            4          44.823      4856832     38854656
      607104            8          85.831      9713664     77709312
      607104           16         147.104     19427328    155418624
      607104           32         286.102     38854656    310837248
      607104           64         580.072     77709312    621674496
      607104          128        1139.879    155418624   1243348992
      607104          256        2269.030    310837248   2486697984
      607104          512        4544.020    621674496   4973395968
      607104         1024        9060.860   1243348992   9946791936
      667776            1          15.974      1335552     10684416
      667776            2          30.994      2671104     21368832
      667776            4          49.114      5342208     42737664
      667776            8          93.937     10684416     85475328
      667776           16         159.979     21368832    170950656
      667776           32         313.044     42737664    341901312
      667776           64         633.001     85475328    683802624
      667776          128        1243.114    170950656   1367605248
      667776          256        2495.050    341901312   2735210496
      667776          512        4966.974    683802624   5470420992
      667776         1024        9925.127   1367605248  10940841984
      734400            1          16.928      1468800     11750400
      734400            2          28.133      2937600     23500800
      734400            4          54.836      5875200     47001600
      734400            8          97.990     11750400     94003200
      734400           16         176.907     23500800    188006400
      734400           32         347.137     47001600    376012800
      734400           64         699.997     94003200    752025600
      734400          128        1375.914    188006400   1504051200
      734400          256        2756.119    376012800   3008102400
      734400          512        5509.138    752025600   6016204800
      734400         1024       11003.017   1504051200  12032409600
      807744            1          36.001      1615488     12923904
      807744            2          49.114      3230976     25847808
      807744            4          58.889      6461952     51695616
      807744            8         105.143     12923904    103391232
      807744           16         193.834     25847808    206782464
      807744           32         380.039     51695616    413564928
      807744           64         764.132    103391232    827129856
      807744          128        1521.111    206782464   1654259712
      807744          256        3020.048    413564928   3308519424
      807744          512        6062.984    827129856   6617038848
      807744         1024       12052.059   1654259712  13234077696
      888384            1          20.981      1776768     14214144
      888384            2          34.094      3553536     28428288
      888384            4          61.989      7107072     56856576
      888384            8         115.156     14214144    113713152
      888384           16         210.047     28428288    227426304
      888384           32         414.848     56856576    454852608
      888384           64         837.088    113713152    909705216
      888384          128        1669.168    227426304   1819410432
      888384          256        3307.819    454852608   3638820864
      888384          512        6620.884    909705216   7277641728
      888384         1024       13221.025   1819410432  14555283456
      977088            1          35.048      1954176     15633408
      977088            2          36.001      3908352     31266816
      977088            4          66.996      7816704     62533632
      977088            8         123.978     15633408    125067264
      977088           16         251.055     31266816    250134528
      977088           32         457.048     62533632    500269056
      977088           64         921.011    125067264   1000538112
      977088          128        1832.962    250134528   2001076224
      977088          256        3644.943    500269056   4002152448
      977088          512        7312.059   1000538112   8004304896
      977088         1024       14581.919   2001076224  16008609792
     1074624            1          36.001      2149248     17193984
     1074624            2          40.054      4298496     34387968
     1074624            4          72.956      8596992     68775936
     1074624            8         133.991     17193984    137551872
     1074624           16         273.228     34387968    275103744
     1074624           32         499.010     68775936    550207488
     1074624           64        1008.034    137551872   1100414976
     1074624          128        2006.054    275103744   2200829952
     1074624          256        4004.002    550207488   4401659904
     1074624          512        7997.036   1100414976   8803319808
     1181952            1          36.001      2363904     18911232
     1181952            2          42.915      4727808     37822464
     1181952            4          81.062      9455616     75644928
     1181952            8         144.005     18911232    151289856
     1181952           16         298.023     37822464    302579712
     1181952           32         547.171     75644928    605159424
     1181952           64        1101.017    151289856   1210318848
     1181952          128        2194.881    302579712   2420637696
     1181952          256        4400.015    605159424   4841275392
     1181952          512        8778.095   1210318848   9682550784
     1300032            1          61.989      2600064     20800512
     1300032            2          47.922      5200128     41601024
     1300032            4          90.122     10400256     83202048
     1300032            8         156.879     20800512    166404096
     1300032           16         305.176     41601024    332808192
     1300032           32         620.842     83202048    665616384
     1300032           64        1217.127    166404096   1331232768
     1300032          128        2423.048    332808192   2662465536
     1300032          256        4878.044    665616384   5324931072
     1300032          512        9701.014   1331232768  10649862144
     1430016            1          41.962      2860032     22880256
     1430016            2          49.829      5720064     45760512
     1430016            4          97.990     11440128     91521024
     1430016            8         169.992     22880256    183042048
     1430016           16         353.098     45760512    366084096
     1430016           32         662.088     91521024    732168192
     1430016           64        1342.058    183042048   1464336384
     1430016          128        2648.830    366084096   2928672768
     1430016          256        5318.880    732168192   5857345536
     1430016          512       10604.143   1464336384  11714691072
     1572864            1          45.061      3145728     25165824
     1572864            2          53.883      6291456     50331648
     1572864            4         104.189     12582912    100663296
     1572864            8         186.920     25165824    201326592
     1572864           16         384.092     50331648    402653184
     1572864           32         741.959    100663296    805306368
     1572864           64        1454.115    201326592   1610612736
     1572864          128        2912.045    402653184   3221225472
     1572864          256        5823.135    805306368   6442450944
     1572864          512       11623.859   1610612736  12884901888
     1730112            1          50.783      3460224     27681792
     1730112            2          58.889      6920448     55363584
     1730112            4         113.964     13840896    110727168
     1730112            8         225.782     27681792    221454336
     1730112           16         404.835     55363584    442908672
     1730112           32         815.153    110727168    885817344
     1730112           64        1607.895    221454336   1771634688
     1730112          128        3235.817    442908672   3543269376
     1730112          256        6434.917    885817344   7086538752
     1730112          512       12882.948   1771634688  14173077504
     1903104            1          50.783      3806208     30449664
     1903104            2          65.088      7612416     60899328
     1903104            4         123.024     15224832    121798656
     1903104            8         225.067     30449664    243597312
     1903104           16         463.009     60899328    487194624
     1903104           32         892.878    121798656    974389248
     1903104           64        1778.841    243597312   1948778496
     1903104          128        3535.986    487194624   3897556992
     1903104          256        7073.879    974389248   7795113984
     1903104          512       14150.858   1948778496  15590227968
     2093376            1          60.081      4186752     33494016
     2093376            2          68.903      8373504     66988032
     2093376            4         133.991     16747008    133976064
     2093376            8         267.029     33494016    267952128
     2093376           16         485.182     66988032    535904256
     2093376           32         977.039    133976064   1071808512
     2093376           64        1948.833    267952128   2143617024
     2093376          128        3885.984    535904256   4287234048
     2093376          256        7764.101   1071808512   8574468096
     2093376          512       15510.082   2143617024  17148936192
     2302656            1          57.936      4605312     36842496
     2302656            2          75.817      9210624     73684992
     2302656            4         164.986     18421248    147369984
     2302656            8         269.890     36842496    294739968
     2302656           16         533.104     73684992    589479936
     2302656           32        1073.122    147369984   1178959872
     2302656           64        2153.873    294739968   2357919744
     2302656          128        4269.838    589479936   4715839488
     2302656          256        8538.008   1178959872   9431678976
     2532864            1          63.181      5065728     40525824
     2532864            2          83.208     10131456     81051648
     2532864            4         172.853     20262912    162103296
     2532864            8         296.116     40525824    324206592
     2532864           16         585.079     81051648    648413184
     2532864           32        1193.047    162103296   1296826368
     2532864           64        2346.992    324206592   2593652736
     2532864          128        4698.992    648413184   5187305472
     2532864          256        9376.049   1296826368  10374610944
     2786112            1          66.996      5572224     44577792
     2786112            2          91.076     11144448     89155584
     2786112            4         168.085     22288896    178311168
     2786112            8         341.892     44577792    356622336
     2786112           16         649.929     89155584    713244672
     2786112           32        1329.184    178311168   1426489344
     2786112           64        2583.981    356622336   2852978688
     2786112          128        5169.153    713244672   5705957376
     2786112          256       10343.075   1426489344  11411914752
     3064704            1          72.002      6129408     49035264
     3064704            2          97.990     12258816     98070528
     3064704            4         185.013     24517632    196141056
     3064704            8         358.105     49035264    392282112
     3064704           16         721.931     98070528    784564224
     3064704           32        1421.928    196141056   1569128448
     3064704           64        2846.956    392282112   3138256896
     3064704          128        5686.998    784564224   6276513792
     3064704          256       11351.824   1569128448  12553027584
     3371136            1          78.917      6742272     53938176
     3371136            2         108.004     13484544    107876352
     3371136            4         222.206     26969088    215752704
     3371136            8         391.006     53938176    431505408
     3371136           16         791.073    107876352    863010816
     3371136           32        1559.973    215752704   1726021632
     3371136           64        3140.926    431505408   3452043264
     3371136          128        6244.898    863010816   6904086528
     3371136          256       12487.888   1726021632  13808173056
     3708096            1          84.162      7416192     59329536
     3708096            2         115.871     14832384    118659072
     3708096            4         241.041     29664768    237318144
     3708096            8         430.822     59329536    474636288
     3708096           16         869.989    118659072    949272576
     3708096           32        1729.012    237318144   1898545152
     3708096           64        3436.804    474636288   3797090304
     3708096          128        6880.999    949272576   7594180608
     3708096          256       13753.891   1898545152  15188361216
     4078848            1          91.076      8157696     65261568
     4078848            2         127.077     16315392    130523136
     4078848            4         240.088     32630784    261046272
     4078848            8         488.997     65261568    522092544
     4078848           16         952.005    130523136   1044185088
     4078848           32        1882.076    261046272   2088370176
     4078848           64        3787.994    522092544   4176740352
     4078848          128        7569.075   1044185088   8353480704
     4078848          256       15132.189   2088370176  16706961408
     4486656            1          98.228      8973312     71786496
     4486656            2         139.952     17946624    143572992
     4486656            4         262.976     35893248    287145984
     4486656            8         534.058     71786496    574291968
     4486656           16        1044.989    143572992   1148583936
     4486656           32        2085.924    287145984   2297167872
     4486656           64        4150.152    574291968   4594335744
     4486656          128        8301.973   1148583936   9188671488
     4935168            1         106.096      9870336     78962688
     4935168            2         171.900     19740672    157925376
     4935168            4         288.963     39481344    315850752
     4935168            8         587.940     78962688    631701504
     4935168           16        2309.084    157925376   1263403008
     4935168           32        2325.058    315850752   2526806016
     4935168           64        4577.160    631701504   5053612032
     4935168          128        9135.962   1263403008  10107224064
     5428608            1         112.057     10857216     86857728
     5428608            2         165.939     21714432    173715456
     5428608            4         317.097     43428864    347430912
     5428608            8         641.108     86857728    694861824
     5428608           16        1261.950    173715456   1389723648
     5428608           32        2525.806    347430912   2779447296
     5428608           64        5030.870    694861824   5558894592
     5428608          128       10056.019   1389723648  11117789184
     5971392            1         123.024     11942784     95542272
     5971392            2         180.960     23885568    191084544
     5971392            4         347.853     47771136    382169088
     5971392            8         703.096     95542272    764338176
     5971392           16        1384.974    191084544   1528676352
     5971392           32        2772.808    382169088   3057352704
     5971392           64        5542.040    764338176   6114705408
     5971392          128       11059.999   1528676352  12229410816
     6568512            1         130.892     13137024    105096192
     6568512            2         199.080     26274048    210192384
     6568512            4         386.953     52548096    420384768
     6568512            8         773.907    105096192    840769536
     6568512           16        1533.985    210192384   1681539072
     6568512           32        3042.221    420384768   3363078144
     6568512           64        6083.012    840769536   6726156288
     6568512          128       12157.917   1681539072  13452312576
     7225344            1         140.905     14450688    115605504
     7225344            2         216.961     28901376    231211008
     7225344            4         436.068     57802752    462422016
     7225344            8         828.028    115605504    924844032
     7225344           16        1679.182    231211008   1849688064
     7225344           32        3339.052    462422016   3699376128
     7225344           64        6684.065    924844032   7398752256
     7225344          128       13367.891   1849688064  14797504512
     7947840            1         153.065     15895680    127165440
     7947840            2         257.015     31791360    254330880
     7947840            4         461.102     63582720    508661760
     7947840            8         926.971    127165440   1017323520
     7947840           16        1849.890    254330880   2034647040
     7947840           32        3689.051    508661760   4069294080
     7947840           64        7357.121   1017323520   8138588160
     7947840          128       14713.049   2034647040  16277176320
     8742528            1         164.986     17485056    139880448
     8742528            2         261.068     34970112    279760896
     8742528            4         526.190     69940224    559521792
     8742528            8        1018.047    139880448   1119043584
     8742528           16        2025.843    279760896   2238087168
     8742528           32        4044.771    559521792   4476174336
     8742528           64        8083.820   1119043584   8952348672
     9616704            1         208.855     19233408    153867264
     9616704            2         284.910     38466816    307734528
     9616704            4         570.059     76933632    615469056
     9616704            8        1119.137    153867264   1230938112
     9616704           16        2228.022    307734528   2461876224
     9616704           32        4445.076    615469056   4923752448
     9616704           64        8903.027   1230938112   9847504896
    10578240            1         195.980     21156480    169251840
    10578240            2         337.124     42312960    338503680
    10578240            4         611.067     84625920    677007360
    10578240            8        1227.856    169251840   1354014720
    10578240           16        2460.957    338503680   2708029440
    10578240           32        4899.979    677007360   5416058880
    10578240           64        9793.997   1354014720  10832117760
    11635968            1         237.942     23271936    186175488
    11635968            2         343.084     46543872    372350976
    11635968            4         684.977     93087744    744701952
    11635968            8        1347.065    186175488   1489403904
    11635968           16        2704.144    372350976   2978807808
    11635968           32        5387.068    744701952   5957615616
    11635968           64       10776.997   1489403904  11915231232
    12799488            1         230.074     25598976    204791808
    12799488            2         375.032     51197952    409583616
    12799488            4         752.211    102395904    819167232
    12799488            8        1479.864    204791808   1638334464
    12799488           16        2965.927    409583616   3276668928
    12799488           32        5930.901    819167232   6553337856
    12799488           64       11841.059   1638334464  13106675712
    14079360            1         257.015     28158720    225269760
    14079360            2         437.021     56317440    450539520
    14079360            4         809.908    112634880    901079040
    14079360            8        1646.042    225269760   1802158080
    14079360           16        3254.175    450539520   3604316160
    14079360           32        6520.033    901079040   7208632320
    14079360           64       13023.138   1802158080  14417264640
    15487296            1         277.042     30974592    247796736
    15487296            2         450.850     61949184    495593472
    15487296            4         908.852    123898368    991186944
    15487296            8        1799.822    247796736   1982373888
    15487296           16        3590.822    495593472   3964747776
    15487296           32        7164.001    991186944   7929495552
    15487296           64       14322.996   1982373888  15858991104
    17035968            1         303.984     34071936    272575488
    17035968            2         522.137     68143872    545150976
    17035968            4         995.159    136287744   1090301952
    17035968            8        1986.027    272575488   2180603904
    17035968           16        3943.920    545150976   4361207808
    17035968           32        7883.072   1090301952   8722415616
    18739392            1         349.998     37478784    299830272
    18739392            2         545.979     74957568    599660544
    18739392            4        1094.103    149915136   1199321088
    18739392            8        2185.106    299830272   2398642176
    18739392           16        4333.019    599660544   4797284352
    18739392           32        8701.086   1199321088   9594568704
    20613312            1         380.039     41226624    329812992
    20613312            2         597.954     82453248    659625984
    20613312            4        1222.134    164906496   1319251968
    20613312            8        2388.000    329812992   2638503936
    20613312           16        4785.061    659625984   5277007872
    20613312           32        9696.960   1319251968  10554015744
    22674624            1         401.020     45349248    362793984
    22674624            2         658.989     90698496    725587968
    22674624            4        1337.051    181396992   1451175936
    22674624            8        2628.088    362793984   2902351872
    22674624           16        5274.057    725587968   5804703744
    22674624           32       10518.074   1451175936  11609407488
    24941952            1         411.034     49883904    399071232
    24941952            2         747.919     99767808    798142464
    24941952            4        1467.943    199535616   1596284928
    24941952            8        2889.872    399071232   3192569856
    24941952           16        5790.949    798142464   6385139712
    24941952           32       11612.892   1596284928  12770279424
    27436032            1         443.935     54872064    438976512
    27436032            2         816.107    109744128    877953024
    27436032            4        1618.862    219488256   1755906048
    27436032            8        3216.028    438976512   3511812096
    27436032           16        6422.997    877953024   7023624192
    27436032           32       12850.046   1755906048  14047248384
    30179520            1         484.943     60359040    482872320
    30179520            2         900.030    120718080    965744640
    30179520            4        1782.894    241436160   1931489280
    30179520            8        3550.053    482872320   3862978560
    30179520           16        7078.171    965744640   7725957120
    30179520           32       14182.091   1931489280  15451914240
    33197376            1         530.005     66394752    531158016
    33197376            2         990.868    132789504   1062316032
    33197376            4        1955.986    265579008   2124632064
    33197376            8        3904.104    531158016   4249264128
    33197376           16        7809.877   1062316032   8498528256
    33197376           32       15590.906   2124632064  16997056512
    36517056            1         589.848     73034112    584272896
    36517056            2        1088.142    146068224   1168545792
    36517056            4        2141.953    292136448   2337091584
    36517056            8        4287.958    584272896   4674183168
    36517056           16        8590.221   1168545792   9348366336
    40168704            1         635.147     80337408    642699264
    40168704            2        1214.981    160674816   1285398528
    40168704            4        2365.112    321349632   2570797056
    40168704            8        4725.933    642699264   5141594112
    40168704           16        9434.938   1285398528  10283188224
    44185536            1         726.938     88371072    706968576
    44185536            2        1322.031    176742144   1413937152
    44185536            4        2612.114    353484288   2827874304
    44185536            8        5213.022    706968576   5655748608
    44185536           16       10420.799   1413937152  11311497216
    48604032            1         792.027     97208064    777664512
    48604032            2        1457.930    194416128   1555329024
    48604032            4        2891.064    388832256   3110658048
    48604032            8        5764.961    777664512   6221316096
    48604032           16       11509.895   1555329024  12442632192
    53464320            1         875.950    106928640    855429120
    53464320            2        1610.041    213857280   1710858240
    53464320            4        3216.028    427714560   3421716480
    53464320            8        6407.976    855429120   6843432960
    53464320           16       12825.966   1710858240  13686865920
    58810752            1         963.926    117621504    940972032
    58810752            2        1816.034    235243008   1881944064
    58810752            4        3574.848    470486016   3763888128
    58810752            8        7153.034    940972032   7527776256
    58810752           16       14332.056   1881944064  15055552512
    64691712            1        1065.016    129383424   1035067392
    64691712            2        2022.028    258766848   2070134784
    64691712            4        3998.995    517533696   4140269568
    64691712            8        8022.070   1035067392   8280539136
    64691712           16       15995.026   2070134784  16561078272
    71160768            1        1170.158    142321536   1138572288
    71160768            2        2269.030    284643072   2277144576
    71160768            4        4433.870    569286144   4554289152
    71160768            8        8852.959   1138572288   9108578304
    78276672            1        1286.983    156553344   1252426752
    78276672            2        2496.958    313106688   2504853504
    78276672            4        4924.059    626213376   5009707008
    78276672            8        9788.990   1252426752  10019414016
    86104320            1        1427.889    172208640   1377669120
    86104320            2        2729.893    344417280   2755338240
    86104320            4        5376.101    688834560   5510676480
    86104320            8       10880.947   1377669120  11021352960
    94714752            1        1560.211    189429504   1515436032
    94714752            2        3041.029    378859008   3030872064
    94714752            4        6016.016    757718016   6061744128
    94714752            8       11985.064   1515436032  12123488256
   104186112            1        1717.091    208372224   1666977792
   104186112            2        3324.986    416744448   3333955584
   104186112            4        6644.964    833488896   6667911168
   104186112            8       13136.148   1666977792  13335822336
   114604608            1        1888.990    229209216   1833673728
   114604608            2        3669.024    458418432   3667347456
   114604608            4        7281.065    916836864   7334694912
   114604608            8       14563.084   1833673728  14669389824
   126064896            1        2118.111    252129792   2017038336
   126064896            2        4060.030    504259584   4034076672
   126064896            4        8050.919   1008519168   8068153344
   126064896            8       16050.100   2017038336  16136306688
   138671232            1        2285.004    277342464   2218739712
   138671232            2        4479.170    554684928   4437479424
   138671232            4        8935.928   1109369856   8874958848
   152538240            1        2518.892    305076480   2440611840
   152538240            2        4920.006    610152960   4881223680
   152538240            4        9786.129   1220305920   9762447360
   167792064            1        2743.959    335584128   2684673024
   167792064            2        5482.912    671168256   5369346048
   167792064            4       10781.050   1342336512  10738692096
   184571136            1        3067.970    369142272   2953138176
   184571136            2        5959.988    738284544   5906276352
   184571136            4       11961.937   1476569088  11812552704
   203028096            1        3380.060    406056192   3248449536
   203028096            2        6647.110    812112384   6496899072
   203028096            4       13159.990   1624224768  12993798144
   223330752            1        3669.024    446661504   3573292032
   223330752            2        7293.940    893323008   7146584064
   223330752            4       14506.102   1786646016  14293168128
   245663808            1        4070.997    491327616   3930620928
   245663808            2        8082.151    982655232   7861241856
   245663808            4       15905.857   1965310464  15722483712
   270230016            1        4509.926    540460032   4323680256
   270230016            2        8860.826   1080920064   8647360512
   297252864            1        4925.013    594505728   4756045824
   297252864            2        9793.043   1189011456   9512091648
   326978112            1        5414.009    653956224   5231649792
   326978112            2       10729.074   1307912448  10463299584
   359675904            1        5927.086    719351808   5754814464
   359675904            2       11796.236   1438703616  11509628928
   395643456            1        6516.933    791286912   6330295296
   395643456            2       13015.985   1582573824  12660590592
   435207744            1        7241.011    870415488   6963323904
   435207744            2       14411.926   1740830976  13926647808
   478728384            1        7941.008    957456768   7659654144
   478728384            2       15725.136   1914913536  15319308288
   526601088            1        8651.018   1053202176   8425617408
   526601088            2       17343.044   2106404352  16851234816
   579261120            1        9506.941   1158522240   9268177920
   637187136            1       10572.910   1274374272  10194994176
   700905792            1       11610.031   1401811584  11214492672
   770996352            1       12855.053   1541992704  12335941632
   848095872            1       14199.018   1696191744  13569533952
   932905344            1       15491.962   1865810688  14926485504
  1026195840            1       16993.046   2052391680  16419133440

META_DATA
FLOPS          128
MPI_PROCS      1
OPENMP_THREADS 24
ERT_VERSION  1.1.0
HOSTNAME  ('deepv.deep', [], ['10.2.8.6'])
UNAME  uname_result(system='Linux', node='deepv', release='4.18.0-372.32.1.el8_6.x86_64', version='#1 SMP Thu Oct 27 15:18:36 UTC 2022', machine='x86_64')
TIMESTAMP_DATA  1673470429.8335216
CONFIG  {'ERT_RESULTS': ['Results.cn.deep.fz-juelich.de.01'], 'ERT_DRIVER': ['driver1'], 'ERT_KERNEL': ['kernel1'], 'ERT_MPI': ['True'], 'ERT_MPI_CFLAGS': ['-I', '/p/deep/software/skylake/Stages/2022/software/psmpi/5.5.0-1-intel-compilers-2021.4.0/include'], 'ERT_MPI_LDFLAGS': ['-L', '/p/deep/software/skylake/Stages/2022/software/psmpi/5.5.0-1-intel-compilers-2021.4.0/lib', '-lmpi'], 'ERT_OPENMP': ['True'], 'ERT_OPENMP_CFLAGS': ['-qopenmp'], 'ERT_OPENMP_LDFLAGS': ['-qopenmp'], 'ERT_FLOPS': ['1,2,4,8,16,64,128'], 'ERT_ALIGN': ['64'], 'ERT_CC': ['icpc'], 'ERT_CFLAGS': ['-O3', '-fno-alias', '-fno-fnalias', '-xCore-AVX512', '-qopt-zmm-usage=high', '-DERT_INTEL'], 'ERT_LD': ['icpc'], 'ERT_LDFLAGS': [], 'ERT_LDLIBS': [], 'ERT_PRECISION': ['FP64'], 'ERT_RUN': ['export', 'OMP_NUM_THREADS=ERT_OPENMP_THREADS;', 'export', 'OMP_PLACES="cores";', 'srun', '-p', 'dp-cn', '-n', 'ERT_MPI_PROCS', '-c', '48', '--ntasks-per-node', '1', 'ERT_CODE'], 'ERT_PROCS_THREADS': ['24'], 'ERT_MPI_PROCS': ['1'], 'ERT_OPENMP_THREADS': ['24'], 'ERT_NUM_EXPERIMENTS': ['5'], 'ERT_MEMORY_MAX': ['1073741824'], 'ERT_WORKING_SET_MIN': ['128'], 'ERT_TRIALS_MIN': ['1'], 'ERT_GNUPLOT': ['gnuplot'], 'ERT_GPU': [False], 'ERT_HIP': [False], 'ERT_OCL': [False], 'ERT_SYCL': [False], 'ERT_WSS_MULT': [1.1]}
