fp64
       24576            1           3.815        49152       393216
       24576            2           3.099        98304       786432
       24576            4           4.053       196608      1572864
       24576            8           5.960       393216      3145728
       24576           16          30.994       786432      6291456
       24576           32          16.928      1572864     12582912
       24576           64          29.802      3145728     25165824
       24576          128          59.128      6291456     50331648
       24576          256         112.057     12582912    100663296
       24576          512         192.881     25165824    201326592
       24576         1024         366.926     50331648    402653184
       24576         2048         742.912    100663296    805306368
       24576         4096        1470.089    201326592   1610612736
       24576         8192        2898.932    402653184   3221225472
       24576        16384        5818.844    805306368   6442450944
       24576        32768       11612.892   1610612736  12884901888
       26880            1           4.053        53760       430080
       26880            2          20.027       107520       860160
       26880            4          13.113       215040      1720320
       26880            8           5.960       430080      3440640
       26880           16          10.014       860160      6881280
       26880           32          20.027      1720320     13762560
       26880           64          39.101      3440640     27525120
       26880          128          72.956      6881280     55050240
       26880          256         139.952     13762560    110100480
       26880          512         231.981     27525120    220200960
       26880         1024         463.009     55050240    440401920
       26880         2048         922.203    110100480    880803840
       26880         4096        1840.115    220200960   1761607680
       26880         8192        3664.970    440401920   3523215360
       26880        16384        7312.059    880803840   7046430720
       26880        32768       14628.172   1761607680  14092861440
       29568            1           4.053        59136       473088
       29568            2          12.875       118272       946176
       29568            4           4.053       236544      1892352
       29568            8           6.914       473088      3784704
       29568           16          14.067       946176      7569408
       29568           32          22.888      1892352     15138816
       29568           64          43.154      3784704     30277632
       29568          128          79.870      7569408     60555264
       29568          256         139.952     15138816    121110528
       29568          512         292.063     30277632    242221056
       29568         1024         542.164     60555264    484442112
       29568         2048        1094.103    121110528    968884224
       29568         4096        2187.967    242221056   1937768448
       29568         8192        4350.185    484442112   3875536896
       29568        16384        8705.854    968884224   7751073792
       29568        32768       17402.887   1937768448  15502147584
       32448            1           3.099        64896       519168
       32448            2           3.099       129792      1038336
       32448            4           5.960       259584      2076672
       32448            8           7.868       519168      4153344
       32448           16          15.020      1038336      8306688
       32448           32          27.895      2076672     16613376
       32448           64          72.956      4153344     33226752
       32448          128          83.923      8306688     66453504
       32448          256         162.125     16613376    132907008
       32448          512         315.905     33226752    265814016
       32448         1024         639.915     66453504    531628032
       32448         2048        1258.850    132907008   1063256064
       32448         4096        2522.945    265814016   2126512128
       32448         8192        5043.030    531628032   4253024256
       32448        16384       10058.165   1063256064   8506048512
       32448        32768       20088.911   2126512128  17012097024
       35520            1           2.861        71040       568320
       35520            2          16.928       142080      1136640
       35520            4          15.020       284160      2273280
       35520            8          10.967       568320      4546560
       35520           16          16.928      1136640      9093120
       35520           32          34.094      2273280     18186240
       35520           64          61.035      4546560     36372480
       35520          128          93.937      9093120     72744960
       35520          256         200.987     18186240    145489920
       35520          512         356.913     36372480    290979840
       35520         1024         722.885     72744960    581959680
       35520         2048        1420.975    145489920   1163919360
       35520         4096        2846.956    290979840   2327838720
       35520         8192        6263.018    581959680   4655677440
       35520        16384       11393.070   1163919360   9311354880
       38976            1           5.007        77952       623616
       38976            2          15.974       155904      1247232
       38976            4          15.974       311808      2494464
       38976            8           8.106       623616      4988928
       38976           16          15.974      1247232      9977856
       38976           32          26.941      2494464     19955712
       38976           64          52.929      4988928     39911424
       38976          128          84.877      9977856     79822848
       38976          256         164.032     19955712    159645696
       38976          512         339.985     39911424    319291392
       38976         1024         634.909     79822848    638582784
       38976         2048        1292.944    159645696   1277165568
       38976         4096        2549.887    319291392   2554331136
       38976         8192        5114.079    638582784   5108662272
       38976        16384       10219.097   1277165568  10217324544
       42816            1           4.053        85632       685056
       42816            2           4.053       171264      1370112
       42816            4           5.960       342528      2740224
       42816            8          10.014       685056      5480448
       42816           16          16.928      1370112     10960896
       42816           32          32.902      2740224     21921792
       42816           64          61.989      5480448     43843584
       42816          128          95.844     10960896     87687168
       42816          256         186.205     21921792    175374336
       42816          512         381.947     43843584    350748672
       42816         1024         718.832     87687168    701497344
       42816         2048        1460.791    175374336   1402994688
       42816         4096        2899.885    350748672   2805989376
       42816         8192        5800.962    701497344   5611978752
       42816        16384       11574.984   1402994688  11223957504
       47040            1           4.053        94080       752640
       47040            2          20.981       188160      1505280
       47040            4          15.020       376320      3010560
       47040            8          11.921       752640      6021120
       47040           16          38.862      1505280     12042240
       47040           32          37.193      3010560     24084480
       47040           64          66.042      6021120     48168960
       47040          128         111.103     12042240     96337920
       47040          256         216.007     24084480    192675840
       47040          512         428.200     48168960    385351680
       47040         1024         857.830     96337920    770703360
       47040         2048        1710.892    192675840   1541406720
       47040         4096        3404.856    385351680   3082813440
       47040         8192        6815.910    770703360   6165626880
       47040        16384       13632.059   1541406720  12331253760
       51648            1           4.053       103296       826368
       51648            2          10.967       206592      1652736
       51648            4           5.960       413184      3305472
       51648            8          10.967       826368      6610944
       51648           16          19.073      1652736     13221888
       51648           32          36.001      3305472     26443776
       51648           64          63.181      6610944     52887552
       51648          128         107.050     13221888    105775104
       51648          256         235.081     26443776    211550208
       51648          512         428.915     52887552    423100416
       51648         1024         828.981    105775104    846200832
       51648         2048        1651.049    211550208   1692401664
       51648         4096        3278.017    423100416   3384803328
       51648         8192        6575.108    846200832   6769606656
       51648        16384       13123.035   1692401664  13539213312
       56640            1           4.053       113280       906240
       56640            2          18.120       226560      1812480
       56640            4          16.928       453120      3624960
       56640            8          12.875       906240      7249920
       56640           16          19.789      1812480     14499840
       56640           32          38.862      3624960     28999680
       56640           64          68.903      7249920     57999360
       56640          128         123.024     14499840    115998720
       56640          256         257.015     28999680    231997440
       56640          512         474.930     57999360    463994880
       56640         1024         956.059    115998720    927989760
       56640         2048        1907.110    231997440   1855979520
       56640         4096        3827.095    463994880   3711959040
       56640         8192        7589.102    927989760   7423918080
       56640        16384       15177.965   1855979520  14847836160
       62208            1           4.053       124416       995328
       62208            2          15.020       248832      1990656
       62208            4          21.935       497664      3981312
       62208            8          13.113       995328      7962624
       62208           16          21.935      1990656     15925248
       62208           32          40.054      3981312     31850496
       62208           64          72.002      7962624     63700992
       62208          128         125.170     15925248    127401984
       62208          256         261.068     31850496    254803968
       62208          512         499.010     63700992    509607936
       62208         1024         972.033    127401984   1019215872
       62208         2048        1935.005    254803968   2038431744
       62208         4096        3870.010    509607936   4076863488
       62208         8192        7713.079   1019215872   8153726976
       62208        16384       15455.008   2038431744  16307453952
       68352            1           5.007       136704      1093632
       68352            2          19.073       273408      2187264
       68352            4          16.928       546816      4374528
       68352            8          14.067      1093632      8749056
       68352           16          22.888      2187264     17498112
       68352           32          45.061      4374528     34996224
       68352           64          78.917      8749056     69992448
       68352          128         164.986     17498112    139984896
       68352          256         285.864     34996224    279969792
       68352          512         563.145     69992448    559939584
       68352         1024        1151.085    139984896   1119879168
       68352         2048        2257.109    279969792   2239758336
       68352         4096        4513.979    559939584   4479516672
       68352         8192        9048.939   1119879168   8959033344
       75072            1           5.007       150144      1201152
       75072            2          18.120       300288      2402304
       75072            4          16.928       600576      4804608
       75072            8          15.974      1201152      9609216
       75072           16          25.034      2402304     19218432
       75072           32          46.015      4804608     38436864
       75072           64          80.109      9609216     76873728
       75072          128         148.058     19218432    153747456
       75072          256         288.010     38436864    307494912
       75072          512         589.132     76873728    614989824
       75072         1024        1150.131    153747456   1229979648
       75072         2048        2295.971    307494912   2459959296
       75072         4096        4604.101    614989824   4919918592
       75072         8192        9176.970   1229979648   9839837184
       82560            1           4.053       165120      1320960
       82560            2          10.014       330240      2641920
       82560            4          19.073       660480      5283840
       82560            8          16.928      1320960     10567680
       82560           16          28.133      2641920     21135360
       82560           32          53.883      5283840     42270720
       82560           64          89.884     10567680     84541440
       82560          128         173.092     21135360    169082880
       82560          256         339.031     42270720    338165760
       82560          512         687.838     84541440    676331520
       82560         1024        1353.979    169082880   1352663040
       82560         2048        2716.064    338165760   2705326080
       82560         4096        5427.122    676331520   5410652160
       82560         8192       10841.131   1352663040  10821304320
       90816            1           5.007       181632      1453056
       90816            2          15.974       363264      2906112
       90816            4          17.881       726528      5812224
       90816            8          18.120      1453056     11624448
       90816           16          30.994      2906112     23248896
       90816           32          60.081      5812224     46497792
       90816           64          96.083     11624448     92995584
       90816          128         185.013     23248896    185991168
       90816          256         381.947     46497792    371982336
       90816          512         720.024     92995584    743964672
       90816         1024        1463.890    185991168   1487929344
       90816         2048        2908.945    371982336   2975858688
       90816         4096        5791.903    743964672   5951717376
       90816         8192       11593.103   1487929344  11903434752
       99840            1           4.053       199680      1597440
       99840            2           5.007       399360      3194880
       99840            4           9.060       798720      6389760
       99840            8          17.881      1597440     12779520
       99840           16          31.233      3194880     25559040
       99840           32          81.062      6389760     51118080
       99840           64          99.897     12779520    102236160
       99840          128         192.881     25559040    204472320
       99840          256         380.993     51118080    408944640
       99840          512         764.132    102236160    817889280
       99840         1024        1523.018    204472320   1635778560
       99840         2048        3026.962    408944640   3271557120
       99840         4096        6040.096    817889280   6543114240
       99840         8192       12081.146   1635778560  13086228480
      109824            1           5.960       219648      1757184
      109824            2          17.881       439296      3514368
      109824            4          20.981       878592      7028736
      109824            8          18.835      1757184     14057472
      109824           16          37.909      3514368     28114944
      109824           32          67.949      7028736     56229888
      109824           64         116.825     14057472    112459776
      109824          128         248.909     28114944    224919552
      109824          256         450.134     56229888    449839104
      109824          512         905.991    112459776    899678208
      109824         1024        1806.974    224919552   1799356416
      109824         2048        3593.922    449839104   3598712832
      109824         4096        7212.162    899678208   7197425664
      109824         8192       14382.839   1799356416  14394851328
      120768            1           6.914       241536      1932288
      120768            2          18.120       483072      3864576
      120768            4          20.027       966144      7729152
      120768            8          20.981      1932288     15458304
      120768           16          41.008      3864576     30916608
      120768           32          73.910      7729152     61833216
      120768           64         126.123     15458304    123666432
      120768          128         266.075     30916608    247332864
      120768          256         486.135     61833216    494665728
      120768          512         976.086    123666432    989331456
      120768         1024        1943.111    247332864   1978662912
      120768         2048        3880.978    494665728   3957325824
      120768         4096        7761.955    989331456   7914651648
      120768         8192       15504.122   1978662912  15829303296
      132672            1           5.007       265344      2122752
      132672            2           9.060       530688      4245504
      132672            4          11.921      1061376      8491008
      132672            8          22.173      2122752     16982016
      132672           16          42.915      4245504     33964032
      132672           32          77.963      8491008     67928064
      132672           64         137.806     16982016    135856128
      132672          128         269.890     33964032    271712256
      132672          256         546.932     67928064    543424512
      132672          512        1070.023    135856128   1086849024
      132672         1024        2122.879    271712256   2173698048
      132672         2048        4241.943    543424512   4347396096
      132672         4096        8488.894   1086849024   8694792192
      145920            1           5.007       291840      2334720
      145920            2          18.835       583680      4669440
      145920            4          13.113      1167360      9338880
      145920            8          25.988      2334720     18677760
      145920           16          46.015      4669440     37355520
      145920           32          84.877      9338880     74711040
      145920           64         149.012     18677760    149422080
      145920          128         308.990     37355520    298844160
      145920          256         574.827     74711040    597688320
      145920          512        1154.900    149422080   1195376640
      145920         1024        2314.806    298844160   2390753280
      145920         2048        4596.949    597688320   4781506560
      145920         4096        9218.931   1195376640   9563013120
      160512            1           6.914       321024      2568192
      160512            2          20.027       642048      5136384
      160512            4          14.067      1284096     10272768
      160512            8          25.034      2568192     20545536
      160512           16          49.114      5136384     41091072
      160512           32          84.877     10272768     82182144
      160512           64         154.972     20545536    164364288
      160512          128         320.911     41091072    328728576
      160512          256         602.961     82182144    657457152
      160512          512        1210.928    164364288   1314914304
      160512         1024        2426.863    328728576   2629828608
      160512         2048        4834.175    657457152   5259657216
      160512         4096        9658.098   1314914304  10519314432
      176448            1           7.868       352896      2823168
      176448            2           8.821       705792      5646336
      176448            4          18.120      1411584     11292672
      176448            8          26.941      2823168     22585344
      176448           16          51.975      5646336     45170688
      176448           32          92.030     11292672     90341376
      176448           64         171.900     22585344    180682752
      176448          128         337.124     45170688    361365504
      176448          256         680.923     90341376    722731008
      176448          512        1343.012    180682752   1445462016
      176448         1024        2686.977    361365504   2890924032
      176448         2048        5350.113    722731008   5781848064
      176448         4096       10715.961   1445462016  11563696128
      193920            1           5.960       387840      3102720
      193920            2          10.014       775680      6205440
      193920            4          36.955      1551360     12410880
      193920            8          31.948      3102720     24821760
      193920           16          61.989      6205440     49643520
      193920           32          99.897     12410880     99287040
      193920           64         194.073     24821760    198574080
      193920          128         379.086     49643520    397148160
      193920          256         766.993     99287040    794296320
      193920          512        1527.071    198574080   1588592640
      193920         1024        3030.777    397148160   3177185280
      193920         2048        6052.971    794296320   6354370560
      193920         4096       12101.173   1588592640  12708741120
      213312            1           7.153       426624      3412992
      213312            2          22.173       853248      6825984
      213312            4          20.027      1706496     13651968
      213312            8          33.855      3412992     27303936
      213312           16          66.042      6825984     54607872
      213312           32         105.143     13651968    109215744
      213312           64         226.021     27303936    218431488
      213312          128         403.166     54607872    436862976
      213312          256         812.054    109215744    873725952
      213312          512        1609.087    218431488   1747451904
      213312         1024        3236.055    436862976   3494903808
      213312         2048        6438.971    873725952   6989807616
      213312         4096       12892.962   1747451904  13979615232
      234624            1           7.868       469248      3753984
      234624            2          24.080       938496      7507968
      234624            4          20.981      1876992     15015936
      234624            8          56.982      3753984     30031872
      234624           16          77.009      7507968     60063744
      234624           32         154.018     15015936    120127488
      234624           64         303.984     30031872    240254976
      234624          128         618.935     60063744    480509952
      234624          256        1219.988    120127488    961019904
      234624          512        2442.837    240254976   1922039808
      234624         1024        4890.919    480509952   3844079616
      234624         2048        9031.057    961019904   7688159232
      234624         4096       14522.076   1922039808  15376318464
      258048            1           6.914       516096      4128768
      258048            2          21.219      1032192      8257536
      258048            4          20.981      2064384     16515072
      258048            8          39.816      4128768     33030144
      258048           16          74.148      8257536     66060288
      258048           32         124.931     16515072    132120576
      258048           64         264.168     33030144    264241152
      258048          128         475.883     66060288    528482304
      258048          256         970.840    132120576   1056964608
      258048          512        1910.925    264241152   2113929216
      258048         1024        3815.174    528482304   4227858432
      258048         2048        7622.957   1056964608   8455716864
      258048         4096       15228.033   2113929216  16911433728
      283776            1           8.106       567552      4540416
      283776            2          24.080      1135104      9080832
      283776            4          24.080      2270208     18161664
      283776            8          43.869      4540416     36323328
      283776           16          81.062      9080832     72646656
      283776           32         137.091     18161664    145293312
      283776           64         288.010     36323328    290586624
      283776          128         529.051     72646656    581173248
      283776          256        1061.916    145293312   1162346496
      283776          512        2119.064    290586624   2324692992
      283776         1024        4240.990    581173248   4649385984
      283776         2048        8463.860   1162346496   9298771968
      312000            1           9.060       624000      4992000
      312000            2          24.796      1248000      9984000
      312000            4          25.988      2496000     19968000
      312000            8          49.114      4992000     39936000
      312000           16         108.004      9984000     79872000
      312000           32         154.018     19968000    159744000
      312000           64         297.070     39936000    319488000
      312000          128         602.007     79872000    638976000
      312000          256        1181.841    159744000   1277952000
      312000          512        2355.814    319488000   2555904000
      312000         1024        4724.026    638976000   5111808000
      312000         2048       10586.023   1277952000  10223616000
      343104            1          10.014       686208      5489664
      343104            2          25.988      1372416     10979328
      343104            4          27.895      2744832     21958656
      343104            8          53.167      5489664     43917312
      343104           16          93.937     10979328     87834624
      343104           32         185.966     21958656    175669248
      343104           64         334.978     43917312    351338496
      343104          128         669.956     87834624    702676992
      343104          256        1314.878    175669248   1405353984
      343104          512        2618.790    351338496   2810707968
      343104         1024        5257.845    702676992   5621415936
      343104         2048       10480.881   1405353984  11242831872
      377280            1           9.060       754560      6036480
      377280            2          46.015      1509120     12072960
      377280            4          30.041      3018240     24145920
      377280            8          56.028      6036480     48291840
      377280           16         100.851     12072960     96583680
      377280           32         181.913     24145920    193167360
      377280           64         360.012     48291840    386334720
      377280          128         724.077     96583680    772669440
      377280          256        1423.120    193167360   1545338880
      377280          512        2860.069    386334720   3090677760
      377280         1024        5713.940    772669440   6181355520
      377280         2048       11404.037   1545338880  12362711040
      414912            1          10.967       829824      6638592
      414912            2          27.895      1659648     13277184
      414912            4          32.187      3319296     26554368
      414912            8          59.843      6638592     53108736
      414912           16         108.004     13277184    106217472
      414912           32         202.894     26554368    212434944
      414912           64         413.895     53108736    424869888
      414912          128         782.013    106217472    849739776
      414912          256        1583.815    212434944   1699479552
      414912          512        3145.933    424869888   3398959104
      414912         1024        6282.091    849739776   6797918208
      414912         2048       12578.964   1699479552  13595836416
      456384            1          11.921       912768      7302144
      456384            2          29.087      1825536     14604288
      456384            4          34.094      3651072     29208576
      456384            8          65.088      7302144     58417152
      456384           16         137.091     14604288    116834304
      456384           32         217.915     29208576    233668608
      456384           64         427.008     58417152    467337216
      456384          128         869.036    116834304    934674432
      456384          256        1709.938    233668608   1869348864
      456384          512        3409.147    467337216   3738697728
      456384         1024        6811.857    934674432   7477395456
      456384         2048       13622.999   1869348864  14954790912
      501888            1          12.159      1003776      8030208
      501888            2          30.994      2007552     16060416
      501888            4          36.955      4015104     32120832
      501888            8          75.102      8030208     64241664
      501888           16         123.024     16060416    128483328
      501888           32         239.134     32120832    256966656
      501888           64         493.050     64241664    513933312
      501888          128         951.052    128483328   1027866624
      501888          256        1899.004    256966656   2055733248
      501888          512        3784.895    513933312   4111466496
      501888         1024        7552.862   1027866624   8222932992
      501888         2048       15111.208   2055733248  16445865984
      552000            1          14.067      1104000      8832000
      552000            2          29.087      2208000     17664000
      552000            4          40.054      4416000     35328000
      552000            8          81.778      8832000     70656000
      552000           16         134.945     17664000    141312000
      552000           32         262.022     35328000    282624000
      552000           64         538.111     70656000    565248000
      552000          128        1046.181    141312000   1130496000
      552000          256        2084.970    282624000   2260992000
      552000          512        4166.842    565248000   4521984000
      552000         1024        8322.001   1130496000   9043968000
      607104            1          14.067      1214208      9713664
      607104            2          30.994      2428416     19427328
      607104            4          42.915      4856832     38854656
      607104            8          86.784      9713664     77709312
      607104           16         146.866     19427328    155418624
      607104           32         287.056     38854656    310837248
      607104           64         586.987     77709312    621674496
      607104          128        1136.780    155418624   1243348992
      607104          256        2271.891    310837248   2486697984
      607104          512        4545.927    621674496   4973395968
      607104         1024        9063.959   1243348992   9946791936
      667776            1          15.974      1335552     10684416
      667776            2          31.948      2671104     21368832
      667776            4          50.068      5342208     42737664
      667776            8          90.122     10684416     85475328
      667776           16         180.006     21368832    170950656
      667776           32         314.951     42737664    341901312
      667776           64         633.955     85475328    683802624
      667776          128        1247.168    170950656   1367605248
      667776          256        2477.884    341901312   2735210496
      667776          512        4968.166    683802624   5470420992
      667776         1024        9929.895   1367605248  10940841984
      734400            1          17.166      1468800     11750400
      734400            2          31.948      2937600     23500800
      734400            4          74.863      5875200     47001600
      734400            8          96.798     11750400     94003200
      734400           16         175.953     23500800    188006400
      734400           32         348.091     47001600    376012800
      734400           64         699.043     94003200    752025600
      734400          128        1378.059    188006400   1504051200
      734400          256        2758.980    376012800   3008102400
      734400          512        5517.006    752025600   6016204800
      734400         1024       11009.932   1504051200  12032409600
      807744            1          30.041      1615488     12923904
      807744            2          30.994      3230976     25847808
      807744            4          60.081      6461952     51695616
      807744            8         107.050     12923904    103391232
      807744           16         192.881     25847808    206782464
      807744           32         397.921     51695616    413564928
      807744           64         752.926    103391232    827129856
      807744          128        1528.025    206782464   1654259712
      807744          256        3021.955    413564928   3308519424
      807744          512        6034.136    827129856   6617038848
      807744         1024       12053.967   1654259712  13234077696
      888384            1          34.094      1776768     14214144
      888384            2          32.902      3553536     28428288
      888384            4          84.162      7107072     56856576
      888384            8         115.871     14214144    113713152
      888384           16         211.000     28428288    227426304
      888384           32         413.895     56856576    454852608
      888384           64         837.088    113713152    909705216
      888384          128        1665.115    227426304   1819410432
      888384          256        3309.965    454852608   3638820864
      888384          512        6619.930    909705216   7277641728
      888384         1024       13226.032   1819410432  14555283456
      977088            1          36.001      1954176     15633408
      977088            2          36.001      3908352     31266816
      977088            4          69.141      7816704     62533632
      977088            8         123.978     15633408    125067264
      977088           16         252.962     31266816    250134528
      977088           32         456.095     62533632    500269056
      977088           64         920.057    125067264   1000538112
      977088          128        1832.008    250134528   2001076224
      977088          256        3683.090    500269056   4002152448
      977088          512        7293.940   1000538112   8004304896
      977088         1024       14611.006   2001076224  16008609792
     1074624            1          32.902      2149248     17193984
     1074624            2          39.816      4298496     34387968
     1074624            4          74.148      8596992     68775936
     1074624            8         133.991     17193984    137551872
     1074624           16         252.008     34387968    275103744
     1074624           32         519.991     68775936    550207488
     1074624           64        1007.080    137551872   1100414976
     1074624          128        2006.054    275103744   2200829952
     1074624          256        4003.048    550207488   4401659904
     1074624          512        7998.943   1100414976   8803319808
     1181952            1          38.147      2363904     18911232
     1181952            2          42.915      4727808     37822464
     1181952            4          79.870      9455616     75644928
     1181952            8         144.958     18911232    151289856
     1181952           16         284.910     37822464    302579712
     1181952           32         548.840     75644928    605159424
     1181952           64        1119.137    151289856   1210318848
     1181952          128        2211.094    302579712   2420637696
     1181952          256        4388.094    605159424   4841275392
     1181952          512        8779.049   1210318848   9682550784
     1300032            1          38.862      2600064     20800512
     1300032            2          46.015      5200128     41601024
     1300032            4          90.122     10400256     83202048
     1300032            8         177.860     20800512    166404096
     1300032           16         306.845     41601024    332808192
     1300032           32         604.868     83202048    665616384
     1300032           64        1231.194    166404096   1331232768
     1300032          128        2424.955    332808192   2662465536
     1300032          256        4856.825    665616384   5324931072
     1300032          512        9701.967   1331232768  10649862144
     1430016            1          41.008      2860032     22880256
     1430016            2          50.068      5720064     45760512
     1430016            4          97.036     11440128     91521024
     1430016            8         171.185     22880256    183042048
     1430016           16         355.959     45760512    366084096
     1430016           32         660.896     91521024    732168192
     1430016           64        1341.105    183042048   1464336384
     1430016          128        2683.163    366084096   2928672768
     1430016          256        5334.854    732168192   5857345536
     1430016          512       10610.104   1464336384  11714691072
     1572864            1          50.068      3145728     25165824
     1572864            2          54.121      6291456     50331648
     1572864            4         104.904     12582912    100663296
     1572864            8         185.966     25165824    201326592
     1572864           16         365.019     50331648    402653184
     1572864           32         740.051    100663296    805306368
     1572864           64        1466.990    201326592   1610612736
     1572864          128        2914.906    402653184   3221225472
     1572864          256        5818.129    805306368   6442450944
     1572864          512       11651.039   1610612736  12884901888
     1730112            1          51.022      3460224     27681792
     1730112            2          58.889      6920448     55363584
     1730112            4         115.156     13840896    110727168
     1730112            8         226.974     27681792    221454336
     1730112           16         404.119     55363584    442908672
     1730112           32         815.868    110727168    885817344
     1730112           64        1620.054    221454336   1771634688
     1730112          128        3221.035    442908672   3543269376
     1730112          256        6440.878    885817344   7086538752
     1730112          512       12893.200   1771634688  14173077504
     1903104            1          50.068      3806208     30449664
     1903104            2          63.896      7612416     60899328
     1903104            4         124.216     15224832    121798656
     1903104            8         226.021     30449664    243597312
     1903104           16         442.982     60899328    487194624
     1903104           32         893.831    121798656    974389248
     1903104           64        1777.172    243597312   1948778496
     1903104          128        3549.099    487194624   3897556992
     1903104          256        7076.979    974389248   7795113984
     1903104          512       14148.951   1948778496  15590227968
     2093376            1          60.081      4186752     33494016
     2093376            2          70.095      8373504     66988032
     2093376            4         137.806     16747008    133976064
     2093376            8         266.790     33494016    267952128
     2093376           16         484.943     66988032    535904256
     2093376           32         978.947    133976064   1071808512
     2093376           64        1945.019    267952128   2143617024
     2093376          128        3909.826    535904256   4287234048
     2093376          256        7798.910   1071808512   8574468096
     2093376          512       15515.089   2143617024  17148936192
     2302656            1          60.081      4605312     36842496
     2302656            2          75.817      9210624     73684992
     2302656            4         146.151     18421248    147369984
     2302656            8         270.844     36842496    294739968
     2302656           16         547.886     73684992    589479936
     2302656           32        1073.122    147369984   1178959872
     2302656           64        2139.091    294739968   2357919744
     2302656          128        4271.984    589479936   4715839488
     2302656          256        8590.937   1178959872   9431678976
     2532864            1          61.989      5065728     40525824
     2532864            2          84.162     10131456     81051648
     2532864            4         155.926     20262912    162103296
     2532864            8         317.097     40525824    324206592
     2532864           16         585.079     81051648    648413184
     2532864           32        1178.026    162103296   1296826368
     2532864           64        2361.059    324206592   2593652736
     2532864          128        4686.117    648413184   5187305472
     2532864          256        9399.891   1296826368  10374610944
     2786112            1          65.804      5572224     44577792
     2786112            2          91.076     11144448     89155584
     2786112            4         170.946     22288896    178311168
     2786112            8         345.945     44577792    356622336
     2786112           16         643.015     89155584    713244672
     2786112           32        1305.819    178311168   1426489344
     2786112           64        2579.927    356622336   2852978688
     2786112          128        5181.074    713244672   5705957376
     2786112          256       10356.188   1426489344  11411914752
     3064704            1          72.956      6129408     49035264
     3064704            2          98.944     12258816     98070528
     3064704            4         186.205     24517632    196141056
     3064704            8         376.940     49035264    392282112
     3064704           16         706.911     98070528    784564224
     3064704           32        1488.924    196141056   1569128448
     3064704           64        3382.921    392282112   3138256896
     3064704          128        5765.200    784564224   6276513792
     3064704          256       11363.029   1569128448  12553027584
     3371136            1          78.917      6742272     53938176
     3371136            2         108.004     13484544    107876352
     3371136            4         200.033     26969088    215752704
     3371136            8         391.006     53938176    431505408
     3371136           16         792.980    107876352    863010816
     3371136           32        1573.086    215752704   1726021632
     3371136           64        3123.045    431505408   3452043264
     3371136          128        6242.990    863010816   6904086528
     3371136          256       12503.862   1726021632  13808173056
     3708096            1          82.970      7416192     59329536
     3708096            2         117.064     14832384    118659072
     3708096            4         221.014     29664768    237318144
     3708096            8         452.042     59329536    474636288
     3708096           16         870.228    118659072    949272576
     3708096           32        1715.899    237318144   1898545152
     3708096           64        3453.016    474636288   3797090304
     3708096          128        6886.005    949272576   7594180608
     3708096          256       13816.118   1898545152  15188361216
     4078848            1          88.930      8157696     65261568
     4078848            2         128.031     16315392    130523136
     4078848            4         239.849     32630784    261046272
     4078848            8         491.858     65261568    522092544
     4078848           16         954.866    130523136   1044185088
     4078848           32        1899.004    261046272   2088370176
     4078848           64        3790.140    522092544   4176740352
     4078848          128        7562.160   1044185088   8353480704
     4078848          256       15132.904   2088370176  16706961408
     4486656            1         121.117      8973312     71786496
     4486656            2         140.905     17946624    143572992
     4486656            4         262.976     35893248    287145984
     4486656            8         532.866     71786496    574291968
     4486656           16        1043.081    143572992   1148583936
     4486656           32        2079.010    287145984   2297167872
     4486656           64        4153.013    574291968   4594335744
     4486656          128        8305.788   1148583936   9188671488
     4935168            1         102.997      9870336     78962688
     4935168            2         174.999     19740672    157925376
     4935168            4         288.963     39481344    315850752
     4935168            8         569.820     78962688    631701504
     4935168           16        1160.860    157925376   1263403008
     4935168           32        2287.865    315850752   2526806016
     4935168           64        4587.889    631701504   5053612032
     4935168          128        9146.929   1263403008  10107224064
     5428608            1         113.010     10857216     86857728
     5428608            2         185.013     21714432    173715456
     5428608            4         317.097     43428864    347430912
     5428608            8         641.108     86857728    694861824
     5428608           16        1259.089    173715456   1389723648
     5428608           32        2513.170    347430912   2779447296
     5428608           64        5032.063    694861824   5558894592
     5428608          128       10076.046   1389723648  11117789184
     5971392            1         120.878     11942784     95542272
     5971392            2         181.913     23885568    191084544
     5971392            4         350.952     47771136    382169088
     5971392            8         705.004     95542272    764338176
     5971392           16        1400.948    191084544   1528676352
     5971392           32        2759.218    382169088   3057352704
     5971392           64        5541.086    764338176   6114705408
     5971392          128       11073.828   1528676352  12229410816
     6568512            1         128.984     13137024    105096192
     6568512            2         218.868     26274048    210192384
     6568512            4         382.185     52548096    420384768
     6568512            8         771.999    105096192    840769536
     6568512           16        1518.965    210192384   1681539072
     6568512           32        3047.943    420384768   3363078144
     6568512           64        6084.919    840769536   6726156288
     6568512          128       12181.997   1681539072  13452312576
     7225344            1         138.044     14450688    115605504
     7225344            2         216.961     28901376    231211008
     7225344            4         437.021     57802752    462422016
     7225344            8         829.935    115605504    924844032
     7225344           16        1688.957    231211008   1849688064
     7225344           32        3340.960    462422016   3699376128
     7225344           64        6689.072    924844032   7398752256
     7225344          128       13360.977   1849688064  14797504512
     7947840            1         150.204     15895680    127165440
     7947840            2         237.942     31791360    254330880
     7947840            4         478.029     63582720    508661760
     7947840            8         916.004    127165440   1017323520
     7947840           16        1847.029    254330880   2034647040
     7947840           32        3688.812    508661760   4069294080
     7947840           64        7356.882   1017323520   8138588160
     7947840          128       14724.016   2034647040  16277176320
     8742528            1         164.986     17485056    139880448
     8742528            2         283.003     34970112    279760896
     8742528            4         504.971     69940224    559521792
     8742528            8        1018.047    139880448   1119043584
     8742528           16        2027.988    279760896   2238087168
     8742528           32        4045.963    559521792   4476174336
     8742528           64        8091.927   1119043584   8952348672
     9616704            1         177.145     19233408    153867264
     9616704            2         285.864     38466816    307734528
     9616704            4         574.112     76933632    615469056
     9616704            8        1117.945    153867264   1230938112
     9616704           16        2230.167    307734528   2461876224
     9616704           32        4463.911    615469056   4923752448
     9616704           64        8886.814   1230938112   9847504896
    10578240            1         192.165     21156480    169251840
    10578240            2         313.044     42312960    338503680
    10578240            4         627.041     84625920    677007360
    10578240            8        1228.094    169251840   1354014720
    10578240           16        2444.983    338503680   2708029440
    10578240           32        4899.979    677007360   5416058880
    10578240           64        9805.918   1354014720  10832117760
    11635968            1         232.935     23271936    186175488
    11635968            2         344.992     46543872    372350976
    11635968            4         687.122     93087744    744701952
    11635968            8        1348.019    186175488   1489403904
    11635968           16        2704.144    372350976   2978807808
    11635968           32        5402.088    744701952   5957615616
    11635968           64       10782.003   1489403904  11915231232
    12799488            1         228.882     25598976    204791808
    12799488            2         397.921     51197952    409583616
    12799488            4         737.906    102395904    819167232
    12799488            8        1492.023    204791808   1638334464
    12799488           16        2970.934    409583616   3276668928
    12799488           32        5934.000    819167232   6553337856
    12799488           64       11849.880   1638334464  13106675712
    14079360            1         248.909     28158720    225269760
    14079360            2         412.941     56317440    450539520
    14079360            4         827.789    112634880    901079040
    14079360            8        1637.936    225269760   1802158080
    14079360           16        3350.019    450539520   3604316160
    14079360           32        6530.046    901079040   7208632320
    14079360           64       13041.019   1802158080  14417264640
    15487296            1         272.036     30974592    247796736
    15487296            2         475.883     61949184    495593472
    15487296            4         904.799    123898368    991186944
    15487296            8        1791.000    247796736   1982373888
    15487296           16        3597.021    495593472   3964747776
    15487296           32        7168.055    991186944   7929495552
    15487296           64       14330.149   1982373888  15858991104
    17035968            1         295.877     34071936    272575488
    17035968            2         496.864     68143872    545150976
    17035968            4         998.974    136287744   1090301952
    17035968            8        1979.113    272575488   2180603904
    17035968           16        3986.120    545150976   4361207808
    17035968           32        7889.032   1090301952   8722415616
    18739392            1         347.137     37478784    299830272
    18739392            2         545.025     74957568    599660544
    18739392            4        1096.010    149915136   1199321088
    18739392            8        2191.067    299830272   2398642176
    18739392           16        4354.954    599660544   4797284352
    18739392           32        8694.887   1199321088   9594568704
    20613312            1         350.952     41226624    329812992
    20613312            2         618.935     82453248    659625984
    20613312            4        1202.106    164906496   1319251968
    20613312            8        2400.160    329812992   2638503936
    20613312           16        4800.081    659625984   5277007872
    20613312           32        9599.209   1319251968  10554015744
    22674624            1         381.231     45349248    362793984
    22674624            2         679.016     90698496    725587968
    22674624            4        1319.885    181396992   1451175936
    22674624            8        2647.877    362793984   2902351872
    22674624           16        5270.004    725587968   5804703744
    22674624           32       10552.168   1451175936  11609407488
    24941952            1         411.987     49883904    399071232
    24941952            2         746.965     99767808    798142464
    24941952            4        1475.096    199535616   1596284928
    24941952            8        2897.978    399071232   3192569856
    24941952           16        5818.129    798142464   6385139712
    24941952           32       11642.933   1596284928  12770279424
    27436032            1         452.995     54872064    438976512
    27436032            2         799.179    109744128    877953024
    27436032            4        1621.962    219488256   1755906048
    27436032            8        3216.982    438976512   3511812096
    27436032           16        6433.010    877953024   7023624192
    27436032           32       12870.789   1755906048  14047248384
    30179520            1         472.069     60359040    482872320
    30179520            2         899.076    120718080    965744640
    30179520            4        1778.841    241436160   1931489280
    30179520            8        3533.840    482872320   3862978560
    30179520           16        7102.013    965744640   7725957120
    30179520           32       14150.858   1931489280  15451914240
    33197376            1         520.945     66394752    531158016
    33197376            2         989.914    132789504   1062316032
    33197376            4        1953.125    265579008   2124632064
    33197376            8        3903.151    531158016   4249264128
    33197376           16        7815.123   1062316032   8498528256
    33197376           32       15638.113   2124632064  16997056512
    36517056            1         577.927     73034112    584272896
    36517056            2        1107.216    146068224   1168545792
    36517056            4        2146.006    292136448   2337091584
    36517056            8        4292.965    584272896   4674183168
    36517056           16        8595.943   1168545792   9348366336
    40168704            1         631.809     80337408    642699264
    40168704            2        1214.981    160674816   1285398528
    40168704            4        2361.059    321349632   2570797056
    40168704            8        4727.125    642699264   5141594112
    40168704           16        9437.084   1285398528  10283188224
    44185536            1         724.792     88371072    706968576
    44185536            2        1316.071    176742144   1413937152
    44185536            4        2604.008    353484288   2827874304
    44185536            8        5203.962    706968576   5655748608
    44185536           16       10386.944   1413937152  11311497216
    48604032            1         766.993     97208064    777664512
    48604032            2        1464.844    194416128   1555329024
    48604032            4        2871.037    388832256   3110658048
    48604032            8        5728.006    777664512   6221316096
    48604032           16       11446.953   1555329024  12442632192
    53464320            1         859.976    106928640    855429120
    53464320            2        1600.027    213857280   1710858240
    53464320            4        3185.034    427714560   3421716480
    53464320            8        6330.013    855429120   6843432960
    53464320           16       12668.848   1710858240  13686865920
    58810752            1         941.038    117621504    940972032
    58810752            2        1764.059    235243008   1881944064
    58810752            4        3530.025    470486016   3763888128
    58810752            8        7029.057    940972032   7527776256
    58810752           16       14178.038   1881944064  15055552512
    64691712            1        1043.081    129383424   1035067392
    64691712            2        2007.961    258766848   2070134784
    64691712            4        3928.900    517533696   4140269568
    64691712            8        7880.926   1035067392   8280539136
    64691712           16       15853.882   2070134784  16561078272
    71160768            1        1141.071    142321536   1138572288
    71160768            2        2208.948    284643072   2277144576
    71160768            4        4396.915    569286144   4554289152
    71160768            8        8822.918   1138572288   9108578304
    78276672            1        1270.056    156553344   1252426752
    78276672            2        2433.062    313106688   2504853504
    78276672            4        4875.898    626213376   5009707008
    78276672            8        9668.112   1252426752  10019414016
    86104320            1        1428.843    172208640   1377669120
    86104320            2        2710.104    344417280   2755338240
    86104320            4        5427.122    688834560   5510676480
    86104320            8       10720.968   1377669120  11021352960
    94714752            1        1529.932    189429504   1515436032
    94714752            2        2995.968    378859008   3030872064
    94714752            4        6767.988    757718016   6061744128
    94714752            8       11912.823   1515436032  12123488256
   104186112            1        1708.031    208372224   1666977792
   104186112            2        3306.866    416744448   3333955584
   104186112            4        6529.093    833488896   6667911168
   104186112            8       13141.870   1666977792  13335822336
   114604608            1        1883.030    229209216   1833673728
   114604608            2        3658.056    458418432   3667347456
   114604608            4        7289.886    916836864   7334694912
   114604608            8       14384.031   1833673728  14669389824
   126064896            1        2060.175    252129792   2017038336
   126064896            2        4021.883    504259584   4034076672
   126064896            4        7973.909   1008519168   8068153344
   126064896            8       15937.090   2017038336  16136306688
   138671232            1        2233.028    277342464   2218739712
   138671232            2        4462.004    554684928   4437479424
   138671232            4        8805.037   1109369856   8874958848
   152538240            1        2454.042    305076480   2440611840
   152538240            2        4896.164    610152960   4881223680
   152538240            4        9718.895   1220305920   9762447360
   167792064            1        2752.066    335584128   2684673024
   167792064            2        5439.997    671168256   5369346048
   167792064            4       10754.824   1342336512  10738692096
   184571136            1        3056.049    369142272   2953138176
   184571136            2        5943.060    738284544   5906276352
   184571136            4       11791.945   1476569088  11812552704
   203028096            1        3324.032    406056192   3248449536
   203028096            2        6592.989    812112384   6496899072
   203028096            4       12989.044   1624224768  12993798144
   223330752            1        3682.137    446661504   3573292032
   223330752            2        7277.012    893323008   7146584064
   223330752            4       14419.079   1786646016  14293168128
   245663808            1        3973.961    491327616   3930620928
   245663808            2        8018.017    982655232   7861241856
   245663808            4       15851.021   1965310464  15722483712
   270230016            1        4462.957    540460032   4323680256
   270230016            2        8777.142   1080920064   8647360512
   297252864            1        4804.850    594505728   4756045824
   297252864            2        9599.924   1189011456   9512091648
   326978112            1        5414.963    653956224   5231649792
   326978112            2       10700.226   1307912448  10463299584
   359675904            1        5925.894    719351808   5754814464
   359675904            2       11584.997   1438703616  11509628928
   395643456            1        6407.022    791286912   6330295296
   395643456            2       12851.000   1582573824  12660590592
   435207744            1        7157.087    870415488   6963323904
   435207744            2       14226.913   1740830976  13926647808
   478728384            1        7848.978    957456768   7659654144
   478728384            2       15388.012   1914913536  15319308288
   526601088            1        8539.200   1053202176   8425617408
   526601088            2       17081.976   2106404352  16851234816
   579261120            1        9374.142   1158522240   9268177920
   637187136            1       10401.011   1274374272  10194994176
   700905792            1       11364.937   1401811584  11214492672
   770996352            1       12630.939   1541992704  12335941632
   848095872            1       13815.880   1696191744  13569533952
   932905344            1       15069.008   1865810688  14926485504
  1026195840            1       16623.020   2052391680  16419133440

META_DATA
FLOPS          128
MPI_PROCS      1
OPENMP_THREADS 24
ERT_VERSION  1.1.0
HOSTNAME  ('deepv.deep', [], ['10.2.8.6'])
UNAME  uname_result(system='Linux', node='deepv', release='4.18.0-372.32.1.el8_6.x86_64', version='#1 SMP Thu Oct 27 15:18:36 UTC 2022', machine='x86_64')
TIMESTAMP_DATA  1673470485.988928
CONFIG  {'ERT_RESULTS': ['Results.cn.deep.fz-juelich.de.01'], 'ERT_DRIVER': ['driver1'], 'ERT_KERNEL': ['kernel1'], 'ERT_MPI': ['True'], 'ERT_MPI_CFLAGS': ['-I', '/p/deep/software/skylake/Stages/2022/software/psmpi/5.5.0-1-intel-compilers-2021.4.0/include'], 'ERT_MPI_LDFLAGS': ['-L', '/p/deep/software/skylake/Stages/2022/software/psmpi/5.5.0-1-intel-compilers-2021.4.0/lib', '-lmpi'], 'ERT_OPENMP': ['True'], 'ERT_OPENMP_CFLAGS': ['-qopenmp'], 'ERT_OPENMP_LDFLAGS': ['-qopenmp'], 'ERT_FLOPS': ['1,2,4,8,16,64,128'], 'ERT_ALIGN': ['64'], 'ERT_CC': ['icpc'], 'ERT_CFLAGS': ['-O3', '-fno-alias', '-fno-fnalias', '-xCore-AVX512', '-qopt-zmm-usage=high', '-DERT_INTEL'], 'ERT_LD': ['icpc'], 'ERT_LDFLAGS': [], 'ERT_LDLIBS': [], 'ERT_PRECISION': ['FP64'], 'ERT_RUN': ['export', 'OMP_NUM_THREADS=ERT_OPENMP_THREADS;', 'export', 'OMP_PLACES="cores";', 'srun', '-p', 'dp-cn', '-n', 'ERT_MPI_PROCS', '-c', '48', '--ntasks-per-node', '1', 'ERT_CODE'], 'ERT_PROCS_THREADS': ['24'], 'ERT_MPI_PROCS': ['1'], 'ERT_OPENMP_THREADS': ['24'], 'ERT_NUM_EXPERIMENTS': ['5'], 'ERT_MEMORY_MAX': ['1073741824'], 'ERT_WORKING_SET_MIN': ['128'], 'ERT_TRIALS_MIN': ['1'], 'ERT_GNUPLOT': ['gnuplot'], 'ERT_GPU': [False], 'ERT_HIP': [False], 'ERT_OCL': [False], 'ERT_SYCL': [False], 'ERT_WSS_MULT': [1.1]}
