fp64
       24576            1         146.866        49152       393216
       24576            2           3.099        98304       786432
       24576            4           2.861       196608      1572864
       24576            8           5.007       393216      3145728
       24576           16           7.868       786432      6291456
       24576           32          17.881      1572864     12582912
       24576           64          30.994      3145728     25165824
       24576          128          56.982      6291456     50331648
       24576          256         106.096     12582912    100663296
       24576          512         189.066     25165824    201326592
       24576         1024         380.993     50331648    402653184
       24576         2048         720.024    100663296    805306368
       24576         4096        1464.844    201326592   1610612736
       24576         8192        2907.991    402653184   3221225472
       24576        16384        5816.936    805306368   6442450944
       24576        32768       11597.872   1610612736  12884901888
       26880            1           3.099        53760       430080
       26880            2           3.099       107520       860160
       26880            4          14.782       215040      1720320
       26880            8          15.020       430080      3440640
       26880           16          13.113       860160      6881280
       26880           32          20.981      1720320     13762560
       26880           64          38.147      3440640     27525120
       26880          128          72.956      6881280     55050240
       26880          256         118.971     13762560    110100480
       26880          512         232.935     27525120    220200960
       26880         1024         472.069     55050240    440401920
       26880         2048         921.965    110100480    880803840
       26880         4096        1823.902    220200960   1761607680
       26880         8192        3663.063    440401920   3523215360
       26880        16384        7306.099    880803840   7046430720
       26880        32768       14616.013   1761607680  14092861440
       29568            1           2.861        59136       473088
       29568            2           3.099       118272       946176
       29568            4           5.007       236544      1892352
       29568            8          15.974       473088      3784704
       29568           16          13.113       946176      7569408
       29568           32          24.796      1892352     15138816
       29568           64          45.061      3784704     30277632
       29568          128          77.009      7569408     60555264
       29568          256         161.886     15138816    121110528
       29568          512         274.897     30277632    242221056
       29568         1024         540.972     60555264    484442112
       29568         2048        1102.924    121110528    968884224
       29568         4096        2175.808    242221056   1937768448
       29568         8192        4364.014    484442112   3875536896
       29568        16384        8718.967    968884224   7751073792
       29568        32768       17391.205   1937768448  15502147584
       32448            1           4.053        64896       519168
       32448            2           2.861       129792      1038336
       32448            4           5.007       259584      2076672
       32448            8           9.060       519168      4153344
       32448           16          15.974      1038336      8306688
       32448           32          30.041      2076672     16613376
       32448           64          54.121      4153344     33226752
       32448          128          82.970      8306688     66453504
       32448          256         162.125     16613376    132907008
       32448          512         314.951     33226752    265814016
       32448         1024         640.869     66453504    531628032
       32448         2048        1858.950    132907008   1063256064
       32448         4096        2511.978    265814016   2126512128
       32448         8192        5029.202    531628032   4253024256
       32448        16384       10062.933   1063256064   8506048512
       32448        32768       20107.031   2126512128  17012097024
       35520            1           4.053        71040       568320
       35520            2           2.861       142080      1136640
       35520            4           5.960       284160      2273280
       35520            8          15.974       568320      4546560
       35520           16          15.974      1136640      9093120
       35520           32          34.094      2273280     18186240
       35520           64          58.174      4546560     36372480
       35520          128          93.937      9093120     72744960
       35520          256         184.059     18186240    145489920
       35520          512         376.940     36372480    290979840
       35520         1024         706.911     72744960    581959680
       35520         2048        1436.949    145489920   1163919360
       35520         4096        2847.910    290979840   2327838720
       35520         8192        5681.992    581959680   4655677440
       35520        16384       11385.918   1163919360   9311354880
       38976            1           4.053        77952       623616
       38976            2           2.861       155904      1247232
       38976            4           5.960       311808      2494464
       38976            8          16.928       623616      4988928
       38976           16          15.974      1247232      9977856
       38976           32          28.133      2494464     19955712
       38976           64          54.836      4988928     39911424
       38976          128          85.115      9977856     79822848
       38976          256         164.032     19955712    159645696
       38976          512         353.813     39911424    319291392
       38976         1024         642.776     79822848    638582784
       38976         2048        1293.182    159645696   1277165568
       38976         4096        2554.893    319291392   2554331136
       38976         8192        5107.164    638582784   5108662272
       38976        16384       10222.912   1277165568  10217324544
       42816            1           4.053        85632       685056
       42816            2          15.020       171264      1370112
       42816            4          15.020       342528      2740224
       42816            8          10.014       685056      5480448
       42816           16          17.166      1370112     10960896
       42816           32          32.902      2740224     21921792
       42816           64          61.989      5480448     43843584
       42816          128          94.891     10960896     87687168
       42816          256         185.013     21921792    175374336
       42816          512         383.139     43843584    350748672
       42816         1024         735.998     87687168    701497344
       42816         2048        1450.062    175374336   1402994688
       42816         4096        2901.077    350748672   2805989376
       42816         8192        5810.976    701497344   5611978752
       42816        16384       11579.037   1402994688  11223957504
       47040            1           3.099        94080       752640
       47040            2          14.067       188160      1505280
       47040            4           5.007       376320      3010560
       47040            8          10.014       752640      6021120
       47040           16          20.027      1505280     12042240
       47040           32          37.909      3010560     24084480
       47040           64          68.188      6021120     48168960
       47040          128         110.865     12042240     96337920
       47040          256         219.107     24084480    192675840
       47040          512         441.790     48168960    385351680
       47040         1024         846.863     96337920    770703360
       47040         2048        1711.130    192675840   1541406720
       47040         4096        3416.061    385351680   3082813440
       47040         8192        6798.029    770703360   6165626880
       47040        16384       13619.900   1541406720  12331253760
       51648            1           1.907       103296       826368
       51648            2          13.828       206592      1652736
       51648            4          15.974       413184      3305472
       51648            8          10.967       826368      6610944
       51648           16          17.881      1652736     13221888
       51648           32          36.001      3305472     26443776
       51648           64          65.088      6610944     52887552
       51648          128         126.839     13221888    105775104
       51648          256         209.808     26443776    211550208
       51648          512         410.080     52887552    423100416
       51648         1024         827.074    105775104    846200832
       51648         2048        1651.049    211550208   1692401664
       51648         4096        3277.063    423100416   3384803328
       51648         8192        6574.869    846200832   6769606656
       51648        16384       13114.214   1692401664  13539213312
       56640            1           4.053       113280       906240
       56640            2          17.166       226560      1812480
       56640            4          15.974       453120      3624960
       56640            8          13.113       906240      7249920
       56640           16          20.981      1812480     14499840
       56640           32          39.101      3624960     28999680
       56640           64          69.857      7249920     57999360
       56640          128         123.024     14499840    115998720
       56640          256         258.923     28999680    231997440
       56640          512         473.976     57999360    463994880
       56640         1024         954.866    115998720    927989760
       56640         2048        1902.103    231997440   1855979520
       56640         4096        3798.008    463994880   3711959040
       56640         8192        7582.188    927989760   7423918080
       56640        16384       15176.058   1855979520  14847836160
       62208            1           3.815       124416       995328
       62208            2           3.815       248832      1990656
       62208            4          15.974       497664      3981312
       62208            8          13.113       995328      7962624
       62208           16          20.981      1990656     15925248
       62208           32          39.816      3981312     31850496
       62208           64          69.141      7962624     63700992
       62208          128         125.170     15925248    127401984
       62208          256         244.856     31850496    254803968
       62208          512         499.010     63700992    509607936
       62208         1024         971.079    127401984   1019215872
       62208         2048        1937.151    254803968   2038431744
       62208         4096        3865.957    509607936   4076863488
       62208         8192        7715.940   1019215872   8153726976
       62208        16384       15455.008   2038431744  16307453952
       68352            1           5.007       136704      1093632
       68352            2          15.974       273408      2187264
       68352            4           7.868       546816      4374528
       68352            8          14.067      1093632      8749056
       68352           16          23.842      2187264     17498112
       68352           32          46.015      4374528     34996224
       68352           64          77.963      8749056     69992448
       68352          128         145.197     17498112    139984896
       68352          256         303.984     34996224    279969792
       68352          512         561.953     69992448    559939584
       68352         1024        1137.018    139984896   1119879168
       68352         2048        2274.036    279969792   2239758336
       68352         4096        4517.078    559939584   4479516672
       68352         8192        9043.932   1119879168   8959033344
       75072            1           5.007       150144      1201152
       75072            2          25.034       300288      2402304
       75072            4           7.153       600576      4804608
       75072            8          14.067      1201152      9609216
       75072           16          24.080      2402304     19218432
       75072           32          46.015      4804608     38436864
       75072           64          77.963      9609216     76873728
       75072          128         146.866     19218432    153747456
       75072          256         293.016     38436864    307494912
       75072          512         586.987     76873728    614989824
       75072         1024        1148.939    153747456   1229979648
       75072         2048        2292.156    307494912   2459959296
       75072         4096        4596.949    614989824   4919918592
       75072         8192        9169.102   1229979648   9839837184
       82560            1           5.007       165120      1320960
       82560            2          15.974       330240      2641920
       82560            4          16.928       660480      5283840
       82560            8          16.928      1320960     10567680
       82560           16          46.968      2641920     21135360
       82560           32          55.075      5283840     42270720
       82560           64          89.884     10567680     84541440
       82560          128         174.999     21135360    169082880
       82560          256         350.952     42270720    338165760
       82560          512         685.930     84541440    676331520
       82560         1024        1353.025    169082880   1352663040
       82560         2048        2717.018    338165760   2705326080
       82560         4096        5422.831    676331520   5410652160
       82560         8192       10837.078   1352663040  10821304320
       90816            1           5.007       181632      1453056
       90816            2          20.981       363264      2906112
       90816            4          10.014       726528      5812224
       90816            8          16.928      1453056     11624448
       90816           16          34.094      2906112     23248896
       90816           32          58.889      5812224     46497792
       90816           64          96.083     11624448     92995584
       90816          128         185.013     23248896    185991168
       90816          256         362.873     46497792    371982336
       90816          512         737.190     92995584    743964672
       90816         1024        1461.983    185991168   1487929344
       90816         2048        2888.918    371982336   2975858688
       90816         4096        5817.890    743964672   5951717376
       90816         8192       11610.031   1487929344  11903434752
       99840            1           4.053       199680      1597440
       99840            2          19.073       399360      3194880
       99840            4          16.928       798720      6389760
       99840            8          17.166      1597440     12779520
       99840           16          35.048      3194880     25559040
       99840           32          59.843      6389760     51118080
       99840           64          99.182     12779520    102236160
       99840          128         219.822     25559040    204472320
       99840          256         382.185     51118080    408944640
       99840          512         763.893    102236160    817889280
       99840         1024        1510.143    204472320   1635778560
       99840         2048        3017.902    408944640   3271557120
       99840         4096        6038.189    817889280   6543114240
       99840         8192       12122.869   1635778560  13086228480
      109824            1           5.007       219648      1757184
      109824            2          16.928       439296      3514368
      109824            4          20.027       878592      7028736
      109824            8          18.835      1757184     14057472
      109824           16          38.147      3514368     28114944
      109824           32          67.949      7028736     56229888
      109824           64         128.984     14057472    112459776
      109824          128         227.928     28114944    224919552
      109824          256         468.969     56229888    449839104
      109824          512         908.852    112459776    899678208
      109824         1024        1806.974    224919552   1799356416
      109824         2048        3595.114    449839104   3598712832
      109824         4096        7194.042    899678208   7197425664
      109824         8192       14415.979   1799356416  14394851328
      120768            1           5.960       241536      1932288
      120768            2          17.881       483072      3864576
      120768            4          17.881       966144      7729152
      120768            8          20.027      1932288     15458304
      120768           16          41.008      3864576     30916608
      120768           32          72.956      7729152     61833216
      120768           64         124.931     15458304    123666432
      120768          128         265.121     30916608    247332864
      120768          256         485.182     61833216    494665728
      120768          512         977.039    123666432    989331456
      120768         1024        1945.019    247332864   1978662912
      120768         2048        3882.885    494665728   3957325824
      120768         4096        7768.154    989331456   7914651648
      120768         8192       15507.936   1978662912  15829303296
      132672            1           5.007       265344      2122752
      132672            2          19.073       530688      4245504
      132672            4          20.981      1061376      8491008
      132672            8          21.935      2122752     16982016
      132672           16          41.962      4245504     33964032
      132672           32          80.109      8491008     67928064
      132672           64         137.806     16982016    135856128
      132672          128         267.982     33964032    271712256
      132672          256         543.118     67928064    543424512
      132672          512        1065.969    135856128   1086849024
      132672         1024        2120.972    271712256   2173698048
      132672         2048        4235.983    543424512   4347396096
      132672         4096        8482.933   1086849024   8694792192
      145920            1           5.960       291840      2334720
      145920            2          19.073       583680      4669440
      145920            4          15.020      1167360      9338880
      145920            8          25.034      2334720     18677760
      145920           16          46.015      4669440     37355520
      145920           32          78.917      9338880     74711040
      145920           64         148.058     18677760    149422080
      145920          128         307.798     37355520    298844160
      145920          256         573.874     74711040    597688320
      145920          512        1155.138    149422080   1195376640
      145920         1024        2318.859    298844160   2390753280
      145920         2048        4596.949    597688320   4781506560
      145920         4096        9208.918   1195376640   9563013120
      160512            1           5.007       321024      2568192
      160512            2           9.060       642048      5136384
      160512            4          13.828      1284096     10272768
      160512            8          25.034      2568192     20545536
      160512           16          48.161      5136384     41091072
      160512           32          82.970     10272768     82182144
      160512           64         154.972     20545536    164364288
      160512          128         303.984     41091072    328728576
      160512          256         617.981     82182144    657457152
      160512          512        1212.120    164364288   1314914304
      160512         1024        2428.055    328728576   2629828608
      160512         2048        4843.950    657457152   5259657216
      160512         4096        9678.841   1314914304  10519314432
      176448            1           5.960       352896      2823168
      176448            2          23.127       705792      5646336
      176448            4          15.974      1411584     11292672
      176448            8          28.133      2823168     22585344
      176448           16          55.075      5646336     45170688
      176448           32          88.930     11292672     90341376
      176448           64         170.946     22585344    180682752
      176448          128         334.978     45170688    361365504
      176448          256         715.017     90341376    722731008
      176448          512        1343.966    180682752   1445462016
      176448         1024        2685.070    361365504   2890924032
      176448         2048        5357.027    722731008   5781848064
      176448         4096       10715.008   1445462016  11563696128
      193920            1           6.914       387840      3102720
      193920            2          19.073       775680      6205440
      193920            4          17.881      1551360     12410880
      193920            8          47.207      3102720     24821760
      193920           16          61.989      6205440     49643520
      193920           32          98.944     12410880     99287040
      193920           64         191.927     24821760    198574080
      193920          128         379.086     49643520    397148160
      193920          256         766.039     99287040    794296320
      193920          512        1525.164    198574080   1588592640
      193920         1024        3031.969    397148160   3177185280
      193920         2048        6051.064    794296320   6354370560
      193920         4096       12103.081   1588592640  12708741120
      213312            1           6.914       426624      3412992
      213312            2          20.027       853248      6825984
      213312            4          17.881      1706496     13651968
      213312            8          34.094      3412992     27303936
      213312           16          63.896      6825984     54607872
      213312           32         108.957     13651968    109215744
      213312           64         225.067     27303936    218431488
      213312          128         404.119     54607872    436862976
      213312          256         813.007    109215744    873725952
      213312          512        1606.941    218431488   1747451904
      213312         1024        3238.916    436862976   3494903808
      213312         2048        7030.010    873725952   6989807616
      213312         4096       17981.052   1747451904  13979615232
      234624            1           6.914       469248      3753984
      234624            2          20.981       938496      7507968
      234624            4          20.981      1876992     15015936
      234624            8          36.955      3753984     30031872
      234624           16          65.088      7507968     60063744
      234624           32         130.892     15015936    120127488
      234624           64         222.921     30031872    240254976
      234624          128         437.021     60063744    480509952
      234624          256         884.056    120127488    961019904
      234624          512        1770.020    240254976   1922039808
      234624         1024        3502.131    480509952   3844079616
      234624         2048        7009.983    961019904   7688159232
      234624         4096       14024.973   1922039808  15376318464
      258048            1           7.153       516096      4128768
      258048            2          33.140      1032192      8257536
      258048            4          20.981      2064384     16515072
      258048            8          40.054      4128768     33030144
      258048           16          69.141      8257536     66060288
      258048           32         123.024     16515072    132120576
      258048           64         241.041     33030144    264241152
      258048          128         492.096     66060288    528482304
      258048          256         957.966    132120576   1056964608
      258048          512        1909.971    264241152   2113929216
      258048         1024        3806.114    528482304   4227858432
      258048         2048        7626.057   1056964608   8455716864
      258048         4096       15226.126   2113929216  16911433728
      283776            1           8.106       567552      4540416
      283776            2          22.173      1135104      9080832
      283776            4          22.888      2270208     18161664
      283776            8          44.107      4540416     36323328
      283776           16          76.771      9080832     72646656
      283776           32         136.137     18161664    145293312
      283776           64         267.029     36323328    290586624
      283776          128         540.972     72646656    581173248
      283776          256        1063.108    145293312   1162346496
      283776          512        2118.111    290586624   2324692992
      283776         1024        4231.930    581173248   4649385984
      283776         2048        8468.151   1162346496   9298771968
      312000            1           9.060       624000      4992000
      312000            2          23.842      1248000      9984000
      312000            4          25.034      2496000     19968000
      312000            8          46.968      4992000     39936000
      312000           16          84.162      9984000     79872000
      312000           32         150.919     19968000    159744000
      312000           64         319.958     39936000    319488000
      312000          128         586.987     79872000    638976000
      312000          256        1183.033    159744000   1277952000
      312000          512        2368.927    319488000   2555904000
      312000         1024        4703.045    638976000   5111808000
      312000         2048       10600.090   1277952000  10223616000
      343104            1           9.060       686208      5489664
      343104            2          23.842      1372416     10979328
      343104            4          26.941      2744832     21958656
      343104            8          72.002      5489664     43917312
      343104           16          87.976     10979328     87834624
      343104           32         169.039     21958656    175669248
      343104           64         340.939     43917312    351338496
      343104          128         668.049     87834624    702676992
      343104          256        1313.925    175669248   1405353984
      343104          512        2633.095    351338496   2810707968
      343104         1024        5244.970    702676992   5621415936
      343104         2048       10496.855   1405353984  11242831872
      377280            1           9.060       754560      6036480
      377280            2          25.988      1509120     12072960
      377280            4          27.895      3018240     24145920
      377280            8          56.982      6036480     48291840
      377280           16          94.891     12072960     96583680
      377280           32         187.159     24145920    193167360
      377280           64         379.801     48291840    386334720
      377280          128         710.011     96583680    772669440
      377280          256        1438.856    193167360   1545338880
      377280          512        2860.069    386334720   3090677760
      377280         1024        5697.966    772669440   6181355520
      377280         2048       11439.085   1545338880  12362711040
      414912            1          10.967       829824      6638592
      414912            2          28.133      1659648     13277184
      414912            4          30.994      3319296     26554368
      414912            8          63.181      6638592     53108736
      414912           16         102.997     13277184    106217472
      414912           32         229.836     26554368    212434944
      414912           64         397.205     53108736    424869888
      414912          128         795.841    106217472    849739776
      414912          256        1580.954    212434944   1699479552
      414912          512        3162.861    424869888   3398959104
      414912         1024        6288.052    849739776   6797918208
      414912         2048       12573.004   1699479552  13595836416
      456384            1          10.967       912768      7302144
      456384            2          25.988      1825536     14604288
      456384            4          35.048      3651072     29208576
      456384            8          64.850      7302144     58417152
      456384           16         111.103     14604288    116834304
      456384           32         232.935     29208576    233668608
      456384           64         442.028     58417152    467337216
      456384          128         844.002    116834304    934674432
      456384          256        1708.984    233668608   1869348864
      456384          512        3413.200    467337216   3738697728
      456384         1024        6789.923    934674432   7477395456
      456384         2048       13628.006   1869348864  14954790912
      501888            1          11.921      1003776      8030208
      501888            2          30.994      2007552     16060416
      501888            4          37.909      4015104     32120832
      501888            8          72.002      8030208     64241664
      501888           16         143.051     16060416    128483328
      501888           32         247.955     32120832    256966656
      501888           64         477.076     64241664    513933312
      501888          128         955.105    128483328   1027866624
      501888          256        1896.143    256966656   2055733248
      501888          512        3788.948    513933312   4111466496
      501888         1024        7568.836   1027866624   8222932992
      501888         2048       15115.976   2055733248  16445865984
      552000            1          13.828      1104000      8832000
      552000            2          33.140      2208000     17664000
      552000            4          43.154      4416000     35328000
      552000            8          75.817      8832000     70656000
      552000           16         135.183     17664000    141312000
      552000           32         269.890     35328000    282624000
      552000           64         542.164     70656000    565248000
      552000          128        1048.088    141312000   1130496000
      552000          256        2089.024    282624000   2260992000
      552000          512        4165.888    565248000   4521984000
      552000         1024        8339.882   1130496000   9043968000
      607104            1          13.828      1214208      9713664
      607104            2          35.048      2428416     19427328
      607104            4          45.061      4856832     38854656
      607104            8          82.970      9713664     77709312
      607104           16         145.912     19427328    155418624
      607104           32         303.984     38854656    310837248
      607104           64         564.814     77709312    621674496
      607104          128        1137.018    155418624   1243348992
      607104          256        2293.110    310837248   2486697984
      607104          512        4542.112    621674496   4973395968
      607104         1024        9073.019   1243348992   9946791936
      667776            1          15.974      1335552     10684416
      667776            2          25.988      2671104     21368832
      667776            4          48.876      5342208     42737664
      667776            8          88.930     10684416     85475328
      667776           16         159.025     21368832    170950656
      667776           32         323.057     42737664    341901312
      667776           64         636.101     85475328    683802624
      667776          128        1245.975    170950656   1367605248
      667776          256        2517.939    341901312   2735210496
      667776          512        4976.034    683802624   5470420992
      667776         1024        9934.187   1367605248  10940841984
      734400            1          16.928      1468800     11750400
      734400            2          33.140      2937600     23500800
      734400            4          51.975      5875200     47001600
      734400            8          92.983     11750400     94003200
      734400           16         175.953     23500800    188006400
      734400           32         375.032     47001600    376012800
      734400           64         685.930     94003200    752025600
      734400          128        1393.080    188006400   1504051200
      734400          256        2746.105    376012800   3008102400
      734400          512        5516.052    752025600   6016204800
      734400         1024       11006.117   1504051200  12032409600
      807744            1          18.120      1615488     12923904
      807744            2          30.994      3230976     25847808
      807744            4          55.075      6461952     51695616
      807744            8         102.997     12923904    103391232
      807744           16         212.908     25847808    206782464
      807744           32         377.178     51695616    413564928
      807744           64         763.893    103391232    827129856
      807744          128        1509.905    206782464   1654259712
      807744          256        3027.916    413564928   3308519424
      807744          512        6052.017    827129856   6617038848
      807744         1024       12063.980   1654259712  13234077696
      888384            1          19.073      1776768     14214144
      888384            2          44.107      3553536     28428288
      888384            4          59.843      7107072     56856576
      888384            8         111.103     14214144    113713152
      888384           16         216.007     28428288    227426304
      888384           32         433.922     56856576    454852608
      888384           64         823.975    113713152    909705216
      888384          128        1666.069    227426304   1819410432
      888384          256        3312.111    454852608   3638820864
      888384          512        6623.983    909705216   7277641728
      888384         1024       13226.986   1819410432  14555283456
      977088            1          31.948      1954176     15633408
      977088            2          46.015      3908352     31266816
      977088            4          66.042      7816704     62533632
      977088            8         118.971     15633408    125067264
      977088           16         231.028     31266816    250134528
      977088           32         483.990     62533632    500269056
      977088           64         922.918    125067264   1000538112
      977088          128        1820.087    250134528   2001076224
      977088          256        3659.964    500269056   4002152448
      977088          512        7297.993   1000538112   8004304896
      977088         1024       14601.946   2001076224  16008609792
     1074624            1          36.001      2149248     17193984
     1074624            2          37.909      4298496     34387968
     1074624            4          75.102      8596992     68775936
     1074624            8         128.984     17193984    137551872
     1074624           16         277.042     34387968    275103744
     1074624           32         501.156     68775936    550207488
     1074624           64        1004.934    137551872   1100414976
     1074624          128        2006.054    275103744   2200829952
     1074624          256        4009.008    550207488   4401659904
     1074624          512        8012.056   1100414976   8803319808
     1181952            1          36.955      2363904     18911232
     1181952            2          42.915      4727808     37822464
     1181952            4          80.109      9455616     75644928
     1181952            8         142.097     18911232    151289856
     1181952           16         286.102     37822464    302579712
     1181952           32         561.953     75644928    605159424
     1181952           64        1104.116    151289856   1210318848
     1181952          128        2197.981    302579712   2420637696
     1181952          256        4399.061    605159424   4841275392
     1181952          512        8767.128   1210318848   9682550784
     1300032            1          38.862      2600064     20800512
     1300032            2          46.015      5200128     41601024
     1300032            4          87.976     10400256     83202048
     1300032            8         155.926     20800512    166404096
     1300032           16         313.997     41601024    332808192
     1300032           32         624.895     83202048    665616384
     1300032           64        1216.888    166404096   1331232768
     1300032          128        2438.068    332808192   2662465536
     1300032          256        4842.043    665616384   5324931072
     1300032          512        9732.962   1331232768  10649862144
     1430016            1          41.008      2860032     22880256
     1430016            2          48.876      5720064     45760512
     1430016            4         115.156     11440128     91521024
     1430016            8         169.992     22880256    183042048
     1430016           16         333.071     45760512    366084096
     1430016           32         674.009     91521024    732168192
     1430016           64        1325.846    183042048   1464336384
     1430016          128        2660.990    366084096   2928672768
     1430016          256        5305.052    732168192   5857345536
     1430016          512       10627.985   1464336384  11714691072
     1572864            1          45.061      3145728     25165824
     1572864            2          53.883      6291456     50331648
     1572864            4         102.043     12582912    100663296
     1572864            8         185.966     25165824    201326592
     1572864           16         387.192     50331648    402653184
     1572864           32         723.839    100663296    805306368
     1572864           64        1471.996    201326592   1610612736
     1572864          128        2915.859    402653184   3221225472
     1572864          256        5824.804    805306368   6442450944
     1572864          512       11654.854   1610612736  12884901888
     1730112            1          52.929      3460224     27681792
     1730112            2          57.936      6920448     55363584
     1730112            4         110.865     13840896    110727168
     1730112            8         203.848     27681792    221454336
     1730112           16         415.087     55363584    442908672
     1730112           32         802.040    110727168    885817344
     1730112           64        1621.962    221454336   1771634688
     1730112          128        3236.055    442908672   3543269376
     1730112          256        6464.005    885817344   7086538752
     1730112          512       12885.094   1771634688  14173077504
     1903104            1          51.975      3806208     30449664
     1903104            2          64.135      7612416     60899328
     1903104            4         119.925     15224832    121798656
     1903104            8         224.113     30449664    243597312
     1903104           16         461.817     60899328    487194624
     1903104           32         890.970    121798656    974389248
     1903104           64        1775.980    243597312   1948778496
     1903104          128        3557.920    487194624   3897556992
     1903104          256        7149.935    974389248   7795113984
     1903104          512       14158.964   1948778496  15590227968
     2093376            1          53.883      4186752     33494016
     2093376            2          68.903      8373504     66988032
     2093376            4         128.984     16747008    133976064
     2093376            8         252.008     33494016    267952128
     2093376           16         501.871     66988032    535904256
     2093376           32         976.086    133976064   1071808512
     2093376           64        1948.118    267952128   2143617024
     2093376          128        3871.918    535904256   4287234048
     2093376          256        7767.200   1071808512   8574468096
     2093376          512       15522.957   2143617024  17148936192
     2302656            1          58.889      4605312     36842496
     2302656            2          76.056      9210624     73684992
     2302656            4         140.190     18421248    147369984
     2302656            8         269.890     36842496    294739968
     2302656           16         543.118     73684992    589479936
     2302656           32        1073.837    147369984   1178959872
     2302656           64        2139.807    294739968   2357919744
     2302656          128        4287.004    589479936   4715839488
     2302656          256        8537.054   1178959872   9431678976
     2532864            1          61.989      5065728     40525824
     2532864            2         100.851     10131456     81051648
     2532864            4         152.826     20262912    162103296
     2532864            8         295.162     40525824    324206592
     2532864           16         597.954     81051648    648413184
     2532864           32        1176.119    162103296   1296826368
     2532864           64        2382.994    324206592   2593652736
     2532864          128        4743.099    648413184   5187305472
     2532864          256        9382.010   1296826368  10374610944
     2786112            1          65.088      5572224     44577792
     2786112            2          90.122     11144448     89155584
     2786112            4         166.893     22288896    178311168
     2786112            8         339.031     44577792    356622336
     2786112           16         661.135     89155584    713244672
     2786112           32        1297.951    178311168   1426489344
     2786112           64        2594.948    356622336   2852978688
     2786112          128        5172.014    713244672   5705957376
     2786112          256       10333.776   1426489344  11411914752
     3064704            1          72.002      6129408     49035264
     3064704            2          97.990     12258816     98070528
     3064704            4         181.913     24517632    196141056
     3064704            8         363.111     49035264    392282112
     3064704           16         725.985     98070528    784564224
     3064704           32        1422.167    196141056   1569128448
     3064704           64        2850.056    392282112   3138256896
     3064704          128        5687.952    784564224   6276513792
     3064704          256       11358.976   1569128448  12553027584
     3371136            1          76.056      6742272     53938176
     3371136            2         106.812     13484544    107876352
     3371136            4         199.080     26969088    215752704
     3371136            8         391.006     53938176    431505408
     3371136           16         788.927    107876352    863010816
     3371136           32        1570.940    215752704   1726021632
     3371136           64        3124.952    431505408   3452043264
     3371136          128        6254.196    863010816   6904086528
     3371136          256       12521.982   1726021632  13808173056
     3708096            1          84.877      7416192     59329536
     3708096            2         114.918     14832384    118659072
     3708096            4         217.915     29664768    237318144
     3708096            8         463.963     59329536    474636288
     3708096           16         868.082    118659072    949272576
     3708096           32        1713.037    237318144   1898545152
     3708096           64        3452.063    474636288   3797090304
     3708096          128        6881.952    949272576   7594180608
     3708096          256       13762.951   1898545152  15188361216
     4078848            1          87.023      8157696     65261568
     4078848            2         126.123     16315392    130523136
     4078848            4         238.895     32630784    261046272
     4078848            8         509.024     65261568    522092544
     4078848           16         957.012    130523136   1044185088
     4078848           32        1938.105    261046272   2088370176
     4078848           64        3777.027    522092544   4176740352
     4078848          128        7577.181   1044185088   8353480704
     4078848          256       15127.897   2088370176  16706961408
     4486656            1         122.070      8973312     71786496
     4486656            2         138.044     17946624    143572992
     4486656            4         262.022     35893248    287145984
     4486656            8         543.118     71786496    574291968
     4486656           16        1044.035    143572992   1148583936
     4486656           32        2081.156    287145984   2297167872
     4486656           64        4173.040    574291968   4594335744
     4486656          128        8303.881   1148583936   9188671488
     4935168            1         108.004      9870336     78962688
     4935168            2         169.992     19740672    157925376
     4935168            4         295.877     39481344    315850752
     4935168            8         585.079     78962688    631701504
     4935168           16        1147.032    157925376   1263403008
     4935168           32        2289.057    315850752   2526806016
     4935168           64        4583.120    631701504   5053612032
     4935168          128        9143.114   1263403008  10107224064
     5428608            1         120.163     10857216     86857728
     5428608            2         164.986     21714432    173715456
     5428608            4         334.024     43428864    347430912
     5428608            8         638.008     86857728    694861824
     5428608           16        1262.903    173715456   1389723648
     5428608           32        2525.091    347430912   2779447296
     5428608           64        5036.116    694861824   5558894592
     5428608          128       10056.973   1389723648  11117789184
     5971392            1         123.024     11942784     95542272
     5971392            2         178.814     23885568    191084544
     5971392            4         347.853     47771136    382169088
     5971392            8         713.110     95542272    764338176
     5971392           16        1384.974    191084544   1528676352
     5971392           32        2773.046    382169088   3057352704
     5971392           64        5532.026    764338176   6114705408
     5971392          128       11077.881   1528676352  12229410816
     6568512            1         128.984     13137024    105096192
     6568512            2         196.934     26274048    210192384
     6568512            4         390.053     52548096    420384768
     6568512            8         776.052    105096192    840769536
     6568512           16        1559.019    210192384   1681539072
     6568512           32        3047.943    420384768   3363078144
     6568512           64        6087.065    840769536   6726156288
     6568512          128       12164.116   1681539072  13452312576
     7225344            1         142.097     14450688    115605504
     7225344            2         235.081     28901376    231211008
     7225344            4         416.994     57802752    462422016
     7225344            8         858.068    115605504    924844032
     7225344           16        1677.990    231211008   1849688064
     7225344           32        3338.099    462422016   3699376128
     7225344           64        6687.880    924844032   7398752256
     7225344          128       13367.891   1849688064  14797504512
     7947840            1         150.919     15895680    127165440
     7947840            2         257.015     31791360    254330880
     7947840            4         460.148     63582720    508661760
     7947840            8         926.018    127165440   1017323520
     7947840           16        1859.903    254330880   2034647040
     7947840           32        3689.051    508661760   4069294080
     7947840           64        7367.134   1017323520   8138588160
     7947840          128       14724.970   2034647040  16277176320
     8742528            1         162.840     17485056    139880448
     8742528            2         258.923     34970112    279760896
     8742528            4         535.011     69940224    559521792
     8742528            8        1019.955    139880448   1119043584
     8742528           16        2027.035    279760896   2238087168
     8742528           32        4045.963    559521792   4476174336
     8742528           64        8092.165   1119043584   8952348672
     9616704            1         176.907     19233408    153867264
     9616704            2         303.030     38466816    307734528
     9616704            4         563.860     76933632    615469056
     9616704            8        1120.806    153867264   1230938112
     9616704           16        2241.135    307734528   2461876224
     9616704           32        4446.983    615469056   4923752448
     9616704           64        8902.073   1230938112   9847504896
    10578240            1         194.073     21156480    169251840
    10578240            2         330.925     42312960    338503680
    10578240            4         609.875     84625920    677007360
    10578240            8        1240.969    169251840   1354014720
    10578240           16        2444.983    338503680   2708029440
    10578240           32        4909.039    677007360   5416058880
    10578240           64        9794.950   1354014720  10832117760
    11635968            1         209.093     23271936    186175488
    11635968            2         340.939     46543872    372350976
    11635968            4         701.189     93087744    744701952
    11635968            8        1363.993    186175488   1489403904
    11635968           16        2692.938    372350976   2978807808
    11635968           32        5398.989    744701952   5957615616
    11635968           64       10760.784   1489403904  11915231232
    12799488            1         257.015     25598976    204791808
    12799488            2         373.840     51197952    409583616
    12799488            4         758.171    102395904    819167232
    12799488            8        1478.910    204791808   1638334464
    12799488           16        2965.927    409583616   3276668928
    12799488           32        5926.132    819167232   6553337856
    12799488           64       11846.066   1638334464  13106675712
    14079360            1         272.989     28158720    225269760
    14079360            2         411.034     56317440    450539520
    14079360            4         823.021    112634880    901079040
    14079360            8        1635.075    225269760   1802158080
    14079360           16        3272.057    450539520   3604316160
    14079360           32        6510.973    901079040   7208632320
    14079360           64       13029.099   1802158080  14417264640
    15487296            1         298.977     30974592    247796736
    15487296            2         455.856     61949184    495593472
    15487296            4         904.083    123898368    991186944
    15487296            8        1801.014    247796736   1982373888
    15487296           16        3580.093    495593472   3964747776
    15487296           32        7177.114    991186944   7929495552
    15487296           64       14319.897   1982373888  15858991104
    17035968            1         298.023     34071936    272575488
    17035968            2         514.984     68143872    545150976
    17035968            4         992.060    136287744   1090301952
    17035968            8        1976.013    272575488   2180603904
    17035968           16        3943.920    545150976   4361207808
    17035968           32        7896.185   1090301952   8722415616
    18739392            1         325.918     37478784    299830272
    18739392            2         565.052     74957568    599660544
    18739392            4        1089.811    149915136   1199321088
    18739392            8        2171.993    299830272   2398642176
    18739392           16        4351.139    599660544   4797284352
    18739392           32        8675.098   1199321088   9594568704
    20613312            1         375.986     41226624    329812992
    20613312            2         617.981     82453248    659625984
    20613312            4        1209.021    164906496   1319251968
    20613312            8        2413.034    329812992   2638503936
    20613312           16        4803.181    659625984   5277007872
    20613312           32        9541.988   1319251968  10554015744
    22674624            1         409.126     45349248    362793984
    22674624            2         664.949     90698496    725587968
    22674624            4        1343.012    181396992   1451175936
    22674624            8        2625.942    362793984   2902351872
    22674624           16        5275.011    725587968   5804703744
    22674624           32       10506.153   1451175936  11609407488
    24941952            1         434.160     49883904    399071232
    24941952            2         733.137     99767808    798142464
    24941952            4        1457.930    199535616   1596284928
    24941952            8        2928.019    399071232   3192569856
    24941952           16        5820.990    798142464   6385139712
    24941952           32       11615.992   1596284928  12770279424
    27436032            1         442.982     54872064    438976512
    27436032            2         824.928    109744128    877953024
    27436032            4        1601.934    219488256   1755906048
    27436032            8        3247.976    438976512   3511812096
    27436032           16        6433.010    877953024   7023624192
    27436032           32       12869.120   1755906048  14047248384
    30179520            1         514.030     60359040    482872320
    30179520            2         910.044    120718080    965744640
    30179520            4        1762.867    241436160   1931489280
    30179520            8        3559.828    482872320   3862978560
    30179520           16        7089.138    965744640   7725957120
    30179520           32       14167.070   1931489280  15451914240
    33197376            1         555.038     66394752    531158016
    33197376            2         988.960    132789504   1062316032
    33197376            4        1963.139    265579008   2124632064
    33197376            8        3899.097    531158016   4249264128
    33197376           16        7811.069   1062316032   8498528256
    33197376           32       15586.138   2124632064  16997056512
    36517056            1         602.007     73034112    584272896
    36517056            2        1096.964    146068224   1168545792
    36517056            4        2148.867    292136448   2337091584
    36517056            8        4314.899    584272896   4674183168
    36517056           16        8567.095   1168545792   9348366336
    40168704            1         658.989     80337408    642699264
    40168704            2        1200.914    160674816   1285398528
    40168704            4        2376.080    321349632   2570797056
    40168704            8        4714.966    642699264   5141594112
    40168704           16        9456.873   1285398528  10283188224
    44185536            1         723.839     88371072    706968576
    44185536            2        1336.098    176742144   1413937152
    44185536            4        2621.174    353484288   2827874304
    44185536            8        5202.055    706968576   5655748608
    44185536           16       10418.892   1413937152  11311497216
    48604032            1         798.941     97208064    777664512
    48604032            2        1485.825    194416128   1555329024
    48604032            4        2902.031    388832256   3110658048
    48604032            8        5747.080    777664512   6221316096
    48604032           16       11516.809   1555329024  12442632192
    53464320            1         866.890    106928640    855429120
    53464320            2        1641.035    213857280   1710858240
    53464320            4        3191.948    427714560   3421716480
    53464320            8        6358.862    855429120   6843432960
    53464320           16       12803.078   1710858240  13686865920
    58810752            1         963.926    117621504    940972032
    58810752            2        1802.206    235243008   1881944064
    58810752            4        3536.940    470486016   3763888128
    58810752            8        7093.906    940972032   7527776256
    58810752           16       14186.144   1881944064  15055552512
    64691712            1        1055.956    129383424   1035067392
    64691712            2        1977.921    258766848   2070134784
    64691712            4        3946.066    517533696   4140269568
    64691712            8        7842.064   1035067392   8280539136
    64691712           16       15660.048   2070134784  16561078272
    71160768            1        1173.973    142321536   1138572288
    71160768            2        2197.981    284643072   2277144576
    71160768            4        4364.014    569286144   4554289152
    71160768            8        8725.882   1138572288   9108578304
    78276672            1        1263.857    156553344   1252426752
    78276672            2        2454.042    313106688   2504853504
    78276672            4        4855.156    626213376   5009707008
    78276672            8        9659.052   1252426752  10019414016
    86104320            1        1449.108    172208640   1377669120
    86104320            2        2712.011    344417280   2755338240
    86104320            4        5384.922    688834560   5510676480
    86104320            8       10656.834   1377669120  11021352960
    94714752            1        1519.918    189429504   1515436032
    94714752            2        3000.975    378859008   3030872064
    94714752            4        6747.007    757718016   6061744128
    94714752            8       11865.854   1515436032  12123488256
   104186112            1        1707.077    208372224   1666977792
   104186112            2        3292.084    416744448   3333955584
   104186112            4        6598.949    833488896   6667911168
   104186112            8       13100.863   1666977792  13335822336
   114604608            1        1882.076    229209216   1833673728
   114604608            2        3640.175    458418432   3667347456
   114604608            4        7291.079    916836864   7334694912
   114604608            8       14418.125   1833673728  14669389824
   126064896            1        2071.857    252129792   2017038336
   126064896            2        3995.895    504259584   4034076672
   126064896            4        8021.116   1008519168   8068153344
   126064896            8       15892.029   2017038336  16136306688
   138671232            1        2264.023    277342464   2218739712
   138671232            2        4356.861    554684928   4437479424
   138671232            4        8858.919   1109369856   8874958848
   152538240            1        2496.004    305076480   2440611840
   152538240            2        4924.059    610152960   4881223680
   152538240            4        9658.098   1220305920   9762447360
   167792064            1        2745.152    335584128   2684673024
   167792064            2        5372.047    671168256   5369346048
   167792064            4       10649.920   1342336512  10738692096
   184571136            1        2995.968    369142272   2953138176
   184571136            2        5907.059    738284544   5906276352
   184571136            4       11812.925   1476569088  11812552704
   203028096            1        3317.118    406056192   3248449536
   203028096            2        6530.046    812112384   6496899072
   203028096            4       12996.912   1624224768  12993798144
   223330752            1        3602.982    446661504   3573292032
   223330752            2        7269.859    893323008   7146584064
   223330752            4       14394.045   1786646016  14293168128
   245663808            1        3997.087    491327616   3930620928
   245663808            2        7855.892    982655232   7861241856
   245663808            4       15880.108   1965310464  15722483712
   270230016            1        4416.943    540460032   4323680256
   270230016            2        8721.828   1080920064   8647360512
   297252864            1        4856.110    594505728   4756045824
   297252864            2        9629.965   1189011456   9512091648
   326978112            1        5398.989    653956224   5231649792
   326978112            2       10569.096   1307912448  10463299584
   359675904            1        5880.117    719351808   5754814464
   359675904            2       11646.032   1438703616  11509628928
   395643456            1        6530.046    791286912   6330295296
   395643456            2       12831.926   1582573824  12660590592
   435207744            1        7083.893    870415488   6963323904
   435207744            2       14141.083   1740830976  13926647808
   478728384            1        7829.905    957456768   7659654144
   478728384            2       15496.969   1914913536  15319308288
   526601088            1        8583.069   1053202176   8425617408
   526601088            2       17087.936   2106404352  16851234816
   579261120            1        9464.979   1158522240   9268177920
   637187136            1       10424.852   1274374272  10194994176
   700905792            1       11534.929   1401811584  11214492672
   770996352            1       12573.004   1541992704  12335941632
   848095872            1       13931.990   1696191744  13569533952
   932905344            1       15260.220   1865810688  14926485504
  1026195840            1       16866.922   2052391680  16419133440

META_DATA
FLOPS          128
MPI_PROCS      1
OPENMP_THREADS 24
ERT_VERSION  1.1.0
HOSTNAME  ('deepv.deep', [], ['10.2.8.6'])
UNAME  uname_result(system='Linux', node='deepv', release='4.18.0-372.32.1.el8_6.x86_64', version='#1 SMP Thu Oct 27 15:18:36 UTC 2022', machine='x86_64')
TIMESTAMP_DATA  1673470411.9259367
CONFIG  {'ERT_RESULTS': ['Results.cn.deep.fz-juelich.de.01'], 'ERT_DRIVER': ['driver1'], 'ERT_KERNEL': ['kernel1'], 'ERT_MPI': ['True'], 'ERT_MPI_CFLAGS': ['-I', '/p/deep/software/skylake/Stages/2022/software/psmpi/5.5.0-1-intel-compilers-2021.4.0/include'], 'ERT_MPI_LDFLAGS': ['-L', '/p/deep/software/skylake/Stages/2022/software/psmpi/5.5.0-1-intel-compilers-2021.4.0/lib', '-lmpi'], 'ERT_OPENMP': ['True'], 'ERT_OPENMP_CFLAGS': ['-qopenmp'], 'ERT_OPENMP_LDFLAGS': ['-qopenmp'], 'ERT_FLOPS': ['1,2,4,8,16,64,128'], 'ERT_ALIGN': ['64'], 'ERT_CC': ['icpc'], 'ERT_CFLAGS': ['-O3', '-fno-alias', '-fno-fnalias', '-xCore-AVX512', '-qopt-zmm-usage=high', '-DERT_INTEL'], 'ERT_LD': ['icpc'], 'ERT_LDFLAGS': [], 'ERT_LDLIBS': [], 'ERT_PRECISION': ['FP64'], 'ERT_RUN': ['export', 'OMP_NUM_THREADS=ERT_OPENMP_THREADS;', 'export', 'OMP_PLACES="cores";', 'srun', '-p', 'dp-cn', '-n', 'ERT_MPI_PROCS', '-c', '48', '--ntasks-per-node', '1', 'ERT_CODE'], 'ERT_PROCS_THREADS': ['24'], 'ERT_MPI_PROCS': ['1'], 'ERT_OPENMP_THREADS': ['24'], 'ERT_NUM_EXPERIMENTS': ['5'], 'ERT_MEMORY_MAX': ['1073741824'], 'ERT_WORKING_SET_MIN': ['128'], 'ERT_TRIALS_MIN': ['1'], 'ERT_GNUPLOT': ['gnuplot'], 'ERT_GPU': [False], 'ERT_HIP': [False], 'ERT_OCL': [False], 'ERT_SYCL': [False], 'ERT_WSS_MULT': [1.1]}
