fp64
       24576            1           5.833        49152       393216
       24576            2           8.898        98304       786432
       24576            4          13.046       196608      1572864
       24576            8          25.067       393216      3145728
       24576           16          60.120       786432      6291456
       24576           32          97.910      1572864     12582912
       24576           64         191.030      3145728     25165824
       24576          128         397.485      6291456     50331648
       24576          256         642.701     12582912    100663296
       24576          512        1319.667     25165824    201326592
       24576         1024        2577.298     50331648    402653184
       24576         2048        5146.680    100663296    805306368
       24576         4096       10258.399    201326592   1610612736
       24576         8192       20589.292    402653184   3221225472
       24576        16384       40988.924    805306368   6442450944
       24576        32768       81986.244   1610612736  12884901888
       26880            1           5.343        53760       430080
       26880            2           7.534       107520       860160
       26880            4          13.990       215040      1720320
       26880            8          27.109       430080      3440640
       26880           16          51.455       860160      6881280
       26880           32          94.537      1720320     13762560
       26880           64         177.832      3440640     27525120
       26880          128         365.721      6881280     55050240
       26880          256         708.378     13762560    110100480
       26880          512        1409.344     27525120    220200960
       26880         1024        2795.486     55050240    440401920
       26880         2048        5704.216    110100480    880803840
       26880         4096       11208.287    220200960   1761607680
       26880         8192       22420.728    440401920   3523215360
       26880        16384       44836.481    880803840   7046430720
       26880        32768       89681.034   1761607680  14092861440
       29568            1           5.367        59136       473088
       29568            2           9.379       118272       946176
       29568            4          16.249       236544      1892352
       29568            8          28.876       473088      3784704
       29568           16          60.236       946176      7569408
       29568           32         102.914      1892352     15138816
       29568           64         196.835      3784704     30277632
       29568          128         411.649      7569408     60555264
       29568          256         789.307     15138816    121110528
       29568          512        1567.788     30277632    242221056
       29568         1024        3121.759     60555264    484442112
       29568         2048        6245.180    121110528    968884224
       29568         4096       12573.215    242221056   1937768448
       29568         8192       24990.153    484442112   3875536896
       29568        16384       49958.037    968884224   7751073792
       29568        32768       99937.562   1937768448  15502147584
       32448            1           6.155        64896       519168
       32448            2           9.622       129792      1038336
       32448            4          16.581       259584      2076672
       32448            8          33.677       519168      4153344
       32448           16          62.861      1038336      8306688
       32448           32         126.539      2076672     16613376
       32448           64         217.438      4153344     33226752
       32448          128         430.295      8306688     66453504
       32448          256         874.850     16613376    132907008
       32448          512        1727.104     33226752    265814016
       32448         1024        3437.016     66453504    531628032
       32448         2048        6882.402    132907008   1063256064
       32448         4096       13762.559    265814016   2126512128
       32448         8192       27510.928    531628032   4253024256
       32448        16384       59762.847   1063256064   8506048512
       32448        32768      110091.239   2126512128  17012097024
       35520            1           6.372        71040       568320
       35520            2          10.890       142080      1136640
       35520            4          18.395       284160      2273280
       35520            8          36.533       568320      4546560
       35520           16          66.313      1136640      9093120
       35520           32         119.851      2273280     18186240
       35520           64         235.991      4546560     36372480
       35520          128         479.775      9093120     72744960
       35520          256         943.312     18186240    145489920
       35520          512        1888.721     36372480    290979840
       35520         1024        3751.828     72744960    581959680
       35520         2048        7524.692    145489920   1163919360
       35520         4096       15041.197    290979840   2327838720
       35520         8192       31397.621    581959680   4655677440
       35520        16384       60144.098   1163919360   9311354880
       38976            1           6.775        77952       623616
       38976            2          12.303       155904      1247232
       38976            4          21.521       311808      2494464
       38976            8          38.355       623616      4988928
       38976           16          70.802      1247232      9977856
       38976           32         134.046      2494464     19955712
       38976           64         261.731      4988928     39911424
       38976          128         530.570      9977856     79822848
       38976          256        1127.870     19955712    159645696
       38976          512        2083.339     39911424    319291392
       38976         1024        4167.298     79822848    638582784
       38976         2048        8332.741    159645696   1277165568
       38976         4096       16641.303    319291392   2554331136
       38976         8192       33287.610    638582784   5108662272
       38976        16384       66543.609   1277165568  10217324544
       42816            1           7.290        85632       685056
       42816            2          12.643       171264      1370112
       42816            4          22.435       342528      2740224
       42816            8          43.191       685056      5480448
       42816           16          89.645      1370112     10960896
       42816           32         170.087      2740224     21921792
       42816           64         337.206      5480448     43843584
       42816          128         599.502     10960896     87687168
       42816          256        1141.011     21921792    175374336
       42816          512        2278.856     43843584    350748672
       42816         1024        5560.141     87687168    701497344
       42816         2048        9119.979    175374336   1402994688
       42816         4096       18228.828    350748672   2805989376
       42816         8192       36454.886    701497344   5611978752
       42816        16384       72938.055   1402994688  11223957504
       47040            1           8.079        94080       752640
       47040            2          13.389       188160      1505280
       47040            4          25.796       376320      3010560
       47040            8          47.364       752640      6021120
       47040           16          86.468      1505280     12042240
       47040           32         156.509      3010560     24084480
       47040           64         326.087      6021120     48168960
       47040          128         616.988     12042240     96337920
       47040          256        1249.067     24084480    192675840
       47040          512        2476.344     48168960    385351680
       47040         1024        4959.297     96337920    770703360
       47040         2048        9919.875    192675840   1541406720
       47040         4096       19834.400    385351680   3082813440
       47040         8192       39654.697    770703360   6165626880
       47040        16384       80347.699   1541406720  12331253760
       51648            1           7.741       103296       826368
       51648            2          13.494       206592      1652736
       51648            4          25.578       413184      3305472
       51648            8          50.429       826368      6610944
       51648           16          89.703      1652736     13221888
       51648           32         187.390      3305472     26443776
       51648           64         342.264      6610944     52887552
       51648          128         687.096     13221888    105775104
       51648          256        1359.097     26443776    211550208
       51648          512        2722.804     52887552    423100416
       51648         1024        5467.498    105775104    846200832
       51648         2048       10880.296    211550208   1692401664
       51648         4096       21749.438    423100416   3384803328
       51648         8192       43563.418    846200832   6769606656
       51648        16384       87976.512   1692401664  13539213312
       56640            1           8.357       113280       906240
       56640            2          15.483       226560      1812480
       56640            4          29.135       453120      3624960
       56640            8          56.179       906240      7249920
       56640           16          97.467      1812480     14499840
       56640           32         189.487      3624960     28999680
       56640           64         395.087      7249920     57999360
       56640          128         746.056     14499840    115998720
       56640          256        1506.781     28999680    231997440
       56640          512        3001.678     57999360    463994880
       56640         1024        5999.545    115998720    927989760
       56640         2048       12047.419    231997440   1855979520
       56640         4096       23992.088    463994880   3711959040
       56640         8192       47994.683    927989760   7423918080
       56640        16384       95923.480   1855979520  14847836160
       62208            1           7.633       124416       995328
       62208            2          17.259       248832      1990656
       62208            4          29.785       497664      3981312
       62208            8          60.879       995328      7962624
       62208           16         103.957      1990656     15925248
       62208           32         205.557      3981312     31850496
       62208           64         415.820      7962624     63700992
       62208          128         817.428     15925248    127401984
       62208          256        1617.950     31850496    254803968
       62208          512        3241.381     63700992    509607936
       62208         1024        6489.245    127401984   1019215872
       62208         2048       12970.669    254803968   2038431744
       62208         4096       25929.773    509607936   4076863488
       62208         8192       51866.429   1019215872   8153726976
       62208        16384      103795.688   2038431744  16307453952
       68352            1           8.933       136704      1093632
       68352            2          18.963       273408      2187264
       68352            4          32.561       546816      4374528
       68352            8          64.817      1093632      8749056
       68352           16         116.400      2187264     17498112
       68352           32         223.559      4374528     34996224
       68352           64         458.501      8749056     69992448
       68352          128         895.005     17498112    139984896
       68352          256        1775.057     34996224    279969792
       68352          512        3567.296     69992448    559939584
       68352         1024        7123.561    139984896   1119879168
       68352         2048       14245.730    279969792   2239758336
       68352         4096       28501.975    559939584   4479516672
       68352         8192       58028.560   1119879168   8959033344
       75072            1          11.046       150144      1201152
       75072            2          20.658       300288      2402304
       75072            4          36.925       600576      4804608
       75072            8          87.598      1201152      9609216
       75072           16         125.901      2402304     19218432
       75072           32         248.732      4804608     38436864
       75072           64         497.487      9609216     76873728
       75072          128         993.264     19218432    153747456
       75072          256        1982.573     38436864    307494912
       75072          512        3964.281     76873728    614989824
       75072         1024        7924.048    153747456   1229979648
       75072         2048       15850.759    307494912   2459959296
       75072         4096       31798.215    614989824   4919918592
       75072         8192       63380.499   1229979648   9839837184
       82560            1          11.271       165120      1320960
       82560            2          20.770       330240      2641920
       82560            4          41.965       660480      5283840
       82560            8          74.810      1320960     10567680
       82560           16         136.983      2641920     21135360
       82560           32         270.617      5283840     42270720
       82560           64         548.746     10567680     84541440
       82560          128        1083.362     21135360    169082880
       82560          256        2160.940     42270720    338165760
       82560          512        4314.722     84541440    676331520
       82560         1024        8641.293    169082880   1352663040
       82560         2048       17266.755    338165760   2705326080
       82560         4096       34539.992    676331520   5410652160
       82560         8192       70087.619   1352663040  10821304320
       90816            1          11.789       181632      1453056
       90816            2          21.893       363264      2906112
       90816            4          59.790       726528      5812224
       90816            8          83.743      1453056     11624448
       90816           16         150.548      2906112     23248896
       90816           32         297.868      5812224     46497792
       90816           64         606.236     11624448     92995584
       90816          128        1189.649     23248896    185991168
       90816          256        2376.853     46497792    371982336
       90816          512        4761.584     92995584    743964672
       90816         1024        9523.082    185991168   1487929344
       90816         2048       19032.204    371982336   2975858688
       90816         4096       38063.481    743964672   5951717376
       90816         8192       76100.128   1487929344  11903434752
       99840            1          13.731       199680      1597440
       99840            2          24.359       399360      3194880
       99840            4          47.830       798720      6389760
       99840            8         102.116      1597440     12779520
       99840           16         209.656      3194880     25559040
       99840           32         391.397      6389760     51118080
       99840           64         670.981     12779520    102236160
       99840          128        1303.355     25559040    204472320
       99840          256        2595.941     51118080    408944640
       99840          512        5212.751    102236160    817889280
       99840         1024       10403.890    204472320   1635778560
       99840         2048       20811.853    408944640   3271557120
       99840         4096       41607.856    817889280   6543114240
       99840         8192       84259.631   1635778560  13086228480
      109824            1          16.288       219648      1757184
      109824            2          26.725       439296      3514368
      109824            4          53.206       878592      7028736
      109824            8          97.272      1757184     14057472
      109824           16         195.785      3514368     28114944
      109824           32         359.191      7028736     56229888
      109824           64         722.471     14057472    112459776
      109824          128        1430.187     28114944    224919552
      109824          256        2863.652     56229888    449839104
      109824          512        5726.044    112459776    899678208
      109824         1024       11438.783    224919552   1799356416
      109824         2048       22880.691    449839104   3598712832
      109824         4096       45756.137    899678208   7197425664
      109824         8192       91514.602   1799356416  14394851328
      120768            1          14.958       241536      1932288
      120768            2          30.573       483072      3864576
      120768            4          57.257       966144      7729152
      120768            8         125.464      1932288     15458304
      120768           16         233.897      3864576     30916608
      120768           32         464.810      7729152     61833216
      120768           64         784.137     15458304    123666432
      120768          128        1587.292     30916608    247332864
      120768          256        3157.518     61833216    494665728
      120768          512        7348.663    123666432    989331456
      120768         1024       12656.207    247332864   1978662912
      120768         2048       25269.995    494665728   3957325824
      120768         4096       50504.281    989331456   7914651648
      120768         8192      101014.200   1978662912  15829303296
      132672            1          15.496       265344      2122752
      132672            2          48.249       530688      4245504
      132672            4          62.298      1061376      8491008
      132672            8         114.347      2122752     16982016
      132672           16         218.866      4245504     33964032
      132672           32         435.822      8491008     67928064
      132672           64         875.729     16982016    135856128
      132672          128        1746.069     33964032    271712256
      132672          256        3475.928     67928064    543424512
      132672          512        6963.561    135856128   1086849024
      132672         1024       13927.625    271712256   2173698048
      132672         2048       27833.087    543424512   4347396096
      132672         4096       55995.428   1086849024   8694792192
      145920            1          18.240       291840      2334720
      145920            2          37.258       583680      4669440
      145920            4          67.290      1167360      9338880
      145920            8         121.959      2334720     18677760
      145920           16         238.439      4669440     37355520
      145920           32         488.746      9338880     74711040
      145920           64         956.385     18677760    149422080
      145920          128        1903.382     37355520    298844160
      145920          256        3793.476     74711040    597688320
      145920          512        7611.709    149422080   1195376640
      145920         1024       15203.718    298844160   2390753280
      145920         2048       30411.892    597688320   4781506560
      145920         4096       60801.845   1195376640   9563013120
      160512            1          19.058       321024      2568192
      160512            2          37.110       642048      5136384
      160512            4          73.529      1284096     10272768
      160512            8         132.736      2568192     20545536
      160512           16         261.548      5136384     41091072
      160512           32         532.373     10272768     82182144
      160512           64        1050.988     20545536    164364288
      160512          128        2093.878     41091072    328728576
      160512          256        4186.549     82182144    657457152
      160512          512        8369.691    164364288   1314914304
      160512         1024       16716.714    328728576   2629828608
      160512         2048       33462.128    657457152   5259657216
      160512         4096       66902.565   1314914304  10519314432
      176448            1          19.928       352896      2823168
      176448            2          40.875       705792      5646336
      176448            4          79.426      1411584     11292672
      176448            8         145.927      2823168     22585344
      176448           16         304.856      5646336     45170688
      176448           32         577.757     11292672     90341376
      176448           64        1157.558     22585344    180682752
      176448          128        2317.506     45170688    361365504
      176448          256        4615.251     90341376    722731008
      176448          512        9247.643    180682752   1445462016
      176448         1024       19481.222    361365504   2890924032
      176448         2048       36956.060    722731008   5781848064
      176448         4096       73913.704   1445462016  11563696128
      193920            1          21.487       387840      3102720
      193920            2          45.130       775680      6205440
      193920            4         100.730      1551360     12410880
      193920            8         160.322      3102720     24821760
      193920           16         318.138      6205440     49643520
      193920           32         640.334     12410880     99287040
      193920           64        1268.210     24821760    198574080
      193920          128        2535.090     49643520    397148160
      193920          256        5055.505     99287040    794296320
      193920          512       10115.797    198574080   1588592640
      193920         1024       20222.982    397148160   3177185280
      193920         2048       40439.547    794296320   6354370560
      193920         4096       80893.643   1588592640  12708741120
      213312            1          24.010       426624      3412992
      213312            2          47.975       853248      6825984
      213312            4          95.710      1706496     13651968
      213312            8         176.781      3412992     27303936
      213312           16         349.455      6825984     54607872
      213312           32         705.015     13651968    109215744
      213312           64        1393.353     27303936    218431488
      213312          128        2792.018     54607872    436862976
      213312          256        5585.304    109215744    873725952
      213312          512       11158.579    218431488   1747451904
      213312         1024       22318.341    436862976   3494903808
      213312         2048       45681.571    873725952   6989807616
      213312         4096       89251.663   1747451904  13979615232
      234624            1          27.691       469248      3753984
      234624            2          54.093       938496      7507968
      234624            4         102.657      1876992     15015936
      234624            8         193.327      3753984     30031872
      234624           16         392.697      7507968     60063744
      234624           32         763.555     15015936    120127488
      234624           64        1537.451     30031872    240254976
      234624          128        3060.360     60063744    480509952
      234624          256        6117.522    120127488    961019904
      234624          512       12226.987    240254976   1922039808
      234624         1024       24459.578    480509952   3844079616
      234624         2048       48908.338    961019904   7688159232
      234624         4096       97807.052   1922039808  15376318464
      258048            1          29.267       516096      4128768
      258048            2          72.694      1032192      8257536
      258048            4         126.765      2064384     16515072
      258048            8         248.559      4128768     33030144
      258048           16         465.104      8257536     66060288
      258048           32         844.836     16515072    132120576
      258048           64        1675.868     33030144    264241152
      258048          128        3368.297     66060288    528482304
      258048          256        6710.291    132120576   1056964608
      258048          512       13448.907    264241152   2113929216
      258048         1024       27945.360    528482304   4227858432
      258048         2048       53764.879   1056964608   8455716864
      258048         4096      107518.147   2113929216  16911433728
      283776            1          46.994       567552      4540416
      283776            2          63.805      1135104      9080832
      283776            4         121.533      2270208     18161664
      283776            8         231.914      4540416     36323328
      283776           16         462.112      9080832     72646656
      283776           32         931.145     18161664    145293312
      283776           64        1855.316     36323328    290586624
      283776          128        3701.763     72646656    581173248
      283776          256        7389.611    145293312   1162346496
      283776          512       14786.841    290586624   2324692992
      283776         1024       29573.845    581173248   4649385984
      283776         2048       59142.220   1162346496   9298771968
      312000            1          33.273       624000      4992000
      312000            2          70.117      1248000      9984000
      312000            4         134.000      2496000     19968000
      312000            8         272.471      4992000     39936000
      312000           16         509.235      9984000     79872000
      312000           32        1019.205     19968000    159744000
      312000           64        2036.081     39936000    319488000
      312000          128        4067.075     79872000    638976000
      312000          256        8136.305    159744000   1277952000
      312000          512       16275.299    319488000   2555904000
      312000         1024       32525.070    638976000   5111808000
      312000         2048       66118.716   1277952000  10223616000
      343104            1          36.409       686208      5489664
      343104            2          75.684      1372416     10979328
      343104            4         143.617      2744832     21958656
      343104            8         280.944      5489664     43917312
      343104           16         569.916     10979328     87834624
      343104           32        1121.144     21958656    175669248
      343104           64        2238.222     43917312    351338496
      343104          128        4483.537     87834624    702676992
      343104          256        8952.859    175669248   1405353984
      343104          512       17909.421    351338496   2810707968
      343104         1024       35820.497    702676992   5621415936
      343104         2048       71615.454   1405353984  11242831872
      377280            1          59.273       754560      6036480
      377280            2          83.876      1509120     12072960
      377280            4         157.763      3018240     24145920
      377280            8         307.387      6036480     48291840
      377280           16         622.369     12072960     96583680
      377280           32        1229.686     24145920    193167360
      377280           64        2455.140     48291840    386334720
      377280          128        4918.519     96583680    772669440
      377280          256        9836.750    193167360   1545338880
      377280          512       19674.170    386334720   3090677760
      377280         1024       40313.632    772669440   6181355520
      377280         2048       79010.966   1545338880  12362711040
      414912            1          44.710       829824      6638592
      414912            2          90.184      1659648     13277184
      414912            4         171.194      3319296     26554368
      414912            8         337.378      6638592     53108736
      414912           16         686.352     13277184    106217472
      414912           32        1350.981     26554368    212434944
      414912           64        2710.105     53108736    424869888
      414912          128        5404.505    106217472    849739776
      414912          256       10911.005    212434944   1699479552
      414912          512       21633.066    424869888   3398959104
      414912         1024       43249.269    849739776   6797918208
      414912         2048       86514.909   1699479552  13595836416
      456384            1          46.792       912768      7302144
      456384            2          99.905      1825536     14604288
      456384            4         189.297      3651072     29208576
      456384            8         387.160      7302144     58417152
      456384           16         749.998     14604288    116834304
      456384           32        1484.289     29208576    233668608
      456384           64        2976.347     58417152    467337216
      456384          128        5947.217    116834304    934674432
      456384          256       11895.718    233668608   1869348864
      456384          512       23788.421    467337216   3738697728
      456384         1024       47567.999    934674432   7477395456
      456384         2048       95127.627   1869348864  14954790912
      501888            1          53.330      1003776      8030208
      501888            2         107.622      2007552     16060416
      501888            4         205.585      4015104     32120832
      501888            8         419.086      8030208     64241664
      501888           16         811.435     16060416    128483328
      501888           32        1642.670     32120832    256966656
      501888           64        3266.413     64241664    513933312
      501888          128        6540.200    128483328   1027866624
      501888          256       13068.406    256966656   2055733248
      501888          512       27210.382    513933312   4111466496
      501888         1024       52273.286   1027866624   8222932992
      501888         2048      104532.928   2055733248  16445865984
      552000            1          59.624      1104000      8832000
      552000            2         131.621      2208000     17664000
      552000            4         226.057      4416000     35328000
      552000            8         448.697      8832000     70656000
      552000           16         904.075     17664000    141312000
      552000           32        1837.717     35328000    282624000
      552000           64        3604.179     70656000    565248000
      552000          128        7189.154    141312000   1130496000
      552000          256       14376.824    282624000   2260992000
      552000          512       28761.882    565248000   4521984000
      552000         1024       57528.545   1130496000   9043968000
      607104            1          63.547      1214208      9713664
      607104            2         128.221      2428416     19427328
      607104            4         248.570      4856832     38854656
      607104            8         506.004      9713664     77709312
      607104           16         992.698     19427328    155418624
      607104           32        1979.752     38854656    310837248
      607104           64        3956.482     77709312    621674496
      607104          128        7910.697    155418624   1243348992
      607104          256       15813.182    310837248   2486697984
      607104          512       31615.519    621674496   4973395968
      607104         1024       63232.304   1243348992   9946791936
      667776            1          69.019      1335552     10684416
      667776            2         140.395      2671104     21368832
      667776            4         272.222      5342208     42737664
      667776            8         554.204     10684416     85475328
      667776           16        1088.137     21368832    170950656
      667776           32        2172.101     42737664    341901312
      667776           64        4344.508     85475328    683802624
      667776          128        8703.577    170950656   1367605248
      667776          256       18387.581    341901312   2735210496
      667776          512       34772.765    683802624   5470420992
      667776         1024       69539.519   1367605248  10940841984
      734400            1          74.739      1468800     11750400
      734400            2         155.366      2937600     23500800
      734400            4         314.830      5875200     47001600
      734400            8         595.410     11750400     94003200
      734400           16        1208.273     23500800    188006400
      734400           32        2388.044     47001600    376012800
      734400           64        4789.562     94003200    752025600
      734400          128        9569.680    188006400   1504051200
      734400          256       19137.076    376012800   3008102400
      734400          512       38266.034    752025600   6016204800
      734400         1024       76499.132   1504051200  12032409600
      807744            1          83.807      1615488     12923904
      807744            2         169.746      3230976     25847808
      807744            4         330.133      6461952     51695616
      807744            8         667.271     12923904    103391232
      807744           16        1318.096     25847808    206782464
      807744           32        2639.021     51695616    413564928
      807744           64        5265.248    103391232    827129856
      807744          128       10539.382    206782464   1654259712
      807744          256       21050.449    413564928   3308519424
      807744          512       42127.552    827129856   6617038848
      807744         1024       84190.531   1654259712  13234077696
      888384            1         109.501      1776768     14214144
      888384            2         184.883      3553536     28428288
      888384            4         364.044      7107072     56856576
      888384            8         730.519     14214144    113713152
      888384           16        1443.969     28428288    227426304
      888384           32        2895.399     56856576    454852608
      888384           64        5789.233    113713152    909705216
      888384          128       11575.083    227426304   1819410432
      888384          256       23131.661    454852608   3638820864
      888384          512       46254.258    909705216   7277641728
      888384         1024       92527.421   1819410432  14555283456
      977088            1         101.090      1954176     15633408
      977088            2         202.544      3908352     31266816
      977088            4         410.667      7816704     62533632
      977088            8         789.575     15633408    125067264
      977088           16        1599.845     31266816    250134528
      977088           32        3180.167     62533632    500269056
      977088           64        6389.136    125067264   1000538112
      977088          128       12714.066    250134528   2001076224
      977088          256       25449.478    500269056   4002152448
      977088          512       50866.016   1000538112   8004304896
      977088         1024      101783.747   2001076224  16008609792
     1074624            1         112.361      2149248     17193984
     1074624            2         223.039      4298496     34387968
     1074624            4         447.828      8596992     68775936
     1074624            8         868.818     17193984    137551872
     1074624           16        1754.444     34387968    275103744
     1074624           32        3506.161     68775936    550207488
     1074624           64        6995.755    137551872   1100414976
     1074624          128       13995.333    275103744   2200829952
     1074624          256       28043.320    550207488   4401659904
     1074624          512       55976.421   1100414976   8803319808
     1181952            1         121.092      2363904     18911232
     1181952            2         244.572      4727808     37822464
     1181952            4         479.164      9455616     75644928
     1181952            8         965.191     18911232    151289856
     1181952           16        1932.194     37822464    302579712
     1181952           32        3858.590     75644928    605159424
     1181952           64        7690.766    151289856   1210318848
     1181952          128       15392.712    302579712   2420637696
     1181952          256       30781.152    605159424   4841275392
     1181952          512       61553.993   1210318848   9682550784
     1300032            1         132.802      2600064     20800512
     1300032            2         319.573      5200128     41601024
     1300032            4         602.458     10400256     83202048
     1300032            8        1060.414     20800512    166404096
     1300032           16        2117.223     41601024    332808192
     1300032           32        4238.174     83202048    665616384
     1300032           64        8470.895    166404096   1331232768
     1300032          128       16915.709    332808192   2662465536
     1300032          256       33845.493    665616384   5324931072
     1300032          512       67697.740   1331232768  10649862144
     1430016            1         165.116      2860032     22880256
     1430016            2         295.442      5720064     45760512
     1430016            4         579.490     11440128     91521024
     1430016            8        1176.669     22880256    183042048
     1430016           16        2420.306     45760512    366084096
     1430016           32        4659.967     91521024    732168192
     1430016           64        9314.971    183042048   1464336384
     1430016          128       18623.600    366084096   2928672768
     1430016          256       37229.455    732168192   5857345536
     1430016          512       74455.936   1464336384  11714691072
     1572864            1         160.802      3145728     25165824
     1572864            2         322.840      6291456     50331648
     1572864            4         648.843     12582912    100663296
     1572864            8        1280.813     25165824    201326592
     1572864           16        2567.859     50331648    402653184
     1572864           32        5125.931    100663296    805306368
     1572864           64       10234.971    201326592   1610612736
     1572864          128       20481.498    402653184   3221225472
     1572864          256       40957.414    805306368   6442450944
     1572864          512       81912.392   1610612736  12884901888
     1730112            1         176.440      3460224     27681792
     1730112            2         354.262      6920448     55363584
     1730112            4         712.937     13840896    110727168
     1730112            8        1406.411     27681792    221454336
     1730112           16        2818.829     55363584    442908672
     1730112           32        5639.029    110727168    885817344
     1730112           64       11275.519    221454336   1771634688
     1730112          128       22522.438    442908672   3543269376
     1730112          256       45044.244    885817344   7086538752
     1730112          512       90066.801   1771634688  14173077504
     1903104            1         195.067      3806208     30449664
     1903104            2         404.691      7612416     60899328
     1903104            4         780.269     15224832    121798656
     1903104            8        1545.416     30449664    243597312
     1903104           16        3097.305     60899328    487194624
     1903104           32        6198.450    121798656    974389248
     1903104           64       12397.859    243597312   1948778496
     1903104          128       24809.534    487194624   3897556992
     1903104          256       49595.785    974389248   7795113984
     1903104          512       99120.044   1948778496  15590227968
     2093376            1         214.219      4186752     33494016
     2093376            2         428.427      8373504     66988032
     2093376            4         859.314     16747008    133976064
     2093376            8        1709.011     33494016    267952128
     2093376           16        3404.639     66988032    535904256
     2093376           32        6825.005    133976064   1071808512
     2093376           64       13631.307    267952128   2143617024
     2093376          128       27240.384    535904256   4287234048
     2093376          256       55465.404   1071808512   8574468096
     2093376          512      108977.415   2143617024  17148936192
     2302656            1         234.776      4605312     36842496
     2302656            2         483.663      9210624     73684992
     2302656            4         941.722     18421248    147369984
     2302656            8        1867.027     36842496    294739968
     2302656           16        3749.347     73684992    589479936
     2302656           32        7499.341    147369984   1178959872
     2302656           64       14986.751    294739968   2357919744
     2302656          128       29965.454    589479936   4715839488
     2302656          256       59923.005   1178959872   9431678976
     2532864            1         258.182      5065728     40525824
     2532864            2         530.060     10131456     81051648
     2532864            4        1033.285     20262912    162103296
     2532864            8        2064.396     40525824    324206592
     2532864           16        4123.201     81051648    648413184
     2532864           32        8240.350    162103296   1296826368
     2532864           64       16494.850    324206592   2593652736
     2532864          128       32976.301    648413184   5187305472
     2532864          256       65956.080   1296826368  10374610944
     2786112            1         282.714      5572224     44577792
     2786112            2         581.198     11144448     89155584
     2786112            4        1135.626     22288896    178311168
     2786112            8        2265.759     44577792    356622336
     2786112           16        4542.902     89155584    713244672
     2786112           32        9068.368    178311168   1426489344
     2786112           64       18135.572    356622336   2852978688
     2786112          128       36352.808    713244672   5705957376
     2786112          256       72575.548   1426489344  11411914752
     3064704            1         328.836      6129408     49035264
     3064704            2         624.215     12258816     98070528
     3064704            4        1258.375     24517632    196141056
     3064704            8        2491.939     49035264    392282112
     3064704           16        4989.832     98070528    784564224
     3064704           32        9971.102    196141056   1569128448
     3064704           64       19952.753    392282112   3138256896
     3064704          128       39884.632    784564224   6276513792
     3064704          256       80089.444   1569128448  12553027584
     3371136            1         361.010      6742272     53938176
     3371136            2         689.601     13484544    107876352
     3371136            4        1383.825     26969088    215752704
     3371136            8        2751.080     53938176    431505408
     3371136           16        5484.854    107876352    863010816
     3371136           32       10978.377    215752704   1726021632
     3371136           64       21932.919    431505408   3452043264
     3371136          128       43909.225    863010816   6904086528
     3371136          256       87782.835   1726021632  13808173056
     3708096            1         373.941      7416192     59329536
     3708096            2         768.222     14832384    118659072
     3708096            4        1518.382     29664768    237318144
     3708096            8        3017.322     59329536    474636288
     3708096           16        6035.699    118659072    949272576
     3708096           32       12068.417    237318144   1898545152
     3708096           64       24137.194    474636288   3797090304
     3708096          128       48267.987    949272576   7594180608
     3708096          256       96534.724   1898545152  15188361216
     4078848            1         432.391      8157696     65261568
     4078848            2         829.512     16315392    130523136
     4078848            4        1667.643     32630784    261046272
     4078848            8        3315.889     65261568    522092544
     4078848           16        6644.877    130523136   1044185088
     4078848           32       13272.990    261046272   2088370176
     4078848           64       28072.107    522092544   4176740352
     4078848          128       58431.447   1044185088   8353480704
     4078848          256      147019.422   2088370176  16706961408
     4486656            1         660.396      8973312     71786496
     4486656            2        1349.467     17946624    143572992
     4486656            4        2638.474     35893248    287145984
     4486656            8        4757.882     71786496    574291968
     4486656           16       10769.350    143572992   1148583936
     4486656           32       21513.871    287145984   2297167872
     4486656           64       42969.595    574291968   4594335744
     4486656          128       80983.087   1148583936   9188671488
     4935168            1         737.410      9870336     78962688
     4935168            2        1491.728     19740672    157925376
     4935168            4        2977.627     39481344    315850752
     4935168            8        5861.483     78962688    631701504
     4935168           16       11966.451    157925376   1263403008
     4935168           32       23684.368    315850752   2526806016
     4935168           64       45734.662    631701504   5053612032
     4935168          128       94722.549   1263403008  10107224064
     5428608            1         790.532     10857216     86857728
     5428608            2        1618.222     21714432    173715456
     5428608            4        3242.287     43428864    347430912
     5428608            8        6498.050     86857728    694861824
     5428608           16       12911.979    173715456   1389723648
     5428608           32       25748.774    347430912   2779447296
     5428608           64       40845.647    694861824   5558894592
     5428608          128       82940.633   1389723648  11117789184
     5971392            1         744.542     11942784     95542272
     5971392            2        1475.912     23885568    191084544
     5971392            4        2755.856     47771136    382169088
     5971392            8        6696.613     95542272    764338176
     5971392           16       14114.744    191084544   1528676352
     5971392           32       25591.434    382169088   3057352704
     5971392           64       44338.829    764338176   6114705408
     5971392          128       84570.816   1528676352  12229410816
     6568512            1         836.662     13137024    105096192
     6568512            2        1544.101     26274048    210192384
     6568512            4        3545.004     52548096    420384768
     6568512            8        7458.180    105096192    840769536
     6568512           16       10993.767    210192384   1681539072
     6568512           32       24269.593    420384768   3363078144
     6568512           64       46584.727    840769536   6726156288
     6568512          128       91243.895   1681539072  13452312576
     7225344            1         847.238     14450688    115605504
     7225344            2        1989.386     28901376    231211008
     7225344            4        3769.545     57802752    462422016
     7225344            8        6646.129    115605504    924844032
     7225344           16       14743.562    231211008   1849688064
     7225344           32       27275.704    462422016   3699376128
     7225344           64       54438.709    924844032   7398752256
     7225344          128      100335.222   1849688064  14797504512
     7947840            1         818.329     15895680    127165440
     7947840            2        1706.244     31791360    254330880
     7947840            4        4388.025     63582720    508661760
     7947840            8        7654.976    127165440   1017323520
     7947840           16       15267.115    254330880   2034647040
     7947840           32       30831.645    508661760   4069294080
     7947840           64       56127.050   1017323520   8138588160
     7947840          128      135654.853   2034647040  16277176320
     8742528            1        1267.836     17485056    139880448
     8742528            2        2179.474     34970112    279760896
     8742528            4        4887.625     69940224    559521792
     8742528            8       10202.239    139880448   1119043584
     8742528           16       19779.523    279760896   2238087168
     8742528           32       33222.024    559521792   4476174336
     8742528           64       63106.227   1119043584   8952348672
     9616704            1        1374.501     19233408    153867264
     9616704            2        2281.537     38466816    307734528
     9616704            4        5599.761     76933632    615469056
     9616704            8       10717.743    153867264   1230938112
     9616704           16       20494.796    307734528   2461876224
     9616704           32       37363.470    615469056   4923752448
     9616704           64       74956.742   1230938112   9847504896
    10578240            1        1608.008     21156480    169251840
    10578240            2        2944.465     42312960    338503680
    10578240            4        5239.488     84625920    677007360
    10578240            8       10693.541    169251840   1354014720
    10578240           16       20718.222    338503680   2708029440
    10578240           32       47524.123    677007360   5416058880
    10578240           64       93420.104   1354014720  10832117760
    11635968            1        1495.992     23271936    186175488
    11635968            2        3284.834     46543872    372350976
    11635968            4        6594.774     93087744    744701952
    11635968            8       12737.633    186175488   1489403904
    11635968           16       25703.965    372350976   2978807808
    11635968           32       43859.882    744701952   5957615616
    11635968           64       75777.268   1489403904  11915231232
    12799488            1        1303.283     25598976    204791808
    12799488            2        2610.331     51197952    409583616
    12799488            4        5207.990    102395904    819167232
    12799488            8       10413.340    204791808   1638334464
    12799488           16       20934.366    409583616   3276668928
    12799488           32       41645.737    819167232   6553337856
    12799488           64       83283.976   1638334464  13106675712
    14079360            1        1448.745     28158720    225269760
    14079360            2        2868.701     56317440    450539520
    14079360            4        5729.335    112634880    901079040
    14079360            8       11439.172    225269760   1802158080
    14079360           16       22929.002    450539520   3604316160
    14079360           32       45863.900    901079040   7208632320
    14079360           64       91544.997   1802158080  14417264640
    15487296            1        1574.243     30974592    247796736
    15487296            2        3155.330     61949184    495593472
    15487296            4        6304.689    123898368    991186944
    15487296            8       12590.919    247796736   1982373888
    15487296           16       25201.386    495593472   3964747776
    15487296           32       50372.647    991186944   7929495552
    15487296           64      100744.526   1982373888  15858991104
    17035968            1        1741.627     34071936    272575488
    17035968            2        3556.506     68143872    545150976
    17035968            4        6927.608    136287744   1090301952
    17035968            8       13855.512    272575488   2180603904
    17035968           16       27734.164    545150976   4361207808
    17035968           32       55439.861   1090301952   8722415616
    18739392            1        1897.681     37478784    299830272
    18739392            2        3809.047     74957568    599660544
    18739392            4        7631.034    149915136   1199321088
    18739392            8       15229.678    299830272   2398642176
    18739392           16       30461.934    599660544   4797284352
    18739392           32       60965.824   1199321088   9594568704
    20613312            1        2103.397     41226624    329812992
    20613312            2        4195.142     82453248    659625984
    20613312            4        8390.131    164906496   1319251968
    20613312            8       16746.101    329812992   2638503936
    20613312           16       33535.355    659625984   5277007872
    20613312           32       67012.118   1319251968  10554015744
    22674624            1        2309.847     45349248    362793984
    22674624            2        4619.645     90698496    725587968
    22674624            4        9236.670    181396992   1451175936
    22674624            8       18440.302    362793984   2902351872
    22674624           16       36871.187    725587968   5804703744
    22674624           32       73745.810   1451175936  11609407488
    24941952            1        2534.870     49883904    399071232
    24941952            2        5080.277     99767808    798142464
    24941952            4       10143.137    199535616   1596284928
    24941952            8       20288.782    399071232   3192569856
    24941952           16       40549.525    798142464   6385139712
    24941952           32       82163.018   1596284928  12770279424
    27436032            1        2796.144     54872064    438976512
    27436032            2        5574.806    109744128    877953024
    27436032            4       11229.574    219488256   1755906048
    27436032            8       22308.823    438976512   3511812096
    27436032           16       49115.463    877953024   7023624192
    27436032           32       89212.368   1755906048  14047248384
    30179520            1        3076.422     60359040    482872320
    30179520            2        6152.013    120718080    965744640
    30179520            4       12268.960    241436160   1931489280
    30179520            8       24533.686    482872320   3862978560
    30179520           16       49100.092    965744640   7725957120
    30179520           32       98125.008   1931489280  15451914240
    33197376            1        3378.821     66394752    531158016
    33197376            2        6754.689    132789504   1062316032
    33197376            4       13502.542    265579008   2124632064
    33197376            8       26991.421    531158016   4249264128
    33197376           16       53978.976   1062316032   8498528256
    33197376           32      108925.965   2124632064  16997056512
    36517056            1        3720.919     73034112    584272896
    36517056            2        7424.433    146068224   1168545792
    36517056            4       14853.271    292136448   2337091584
    36517056            8       29689.502    584272896   4674183168
    36517056           16       59370.968   1168545792   9348366336
    40168704            1        4089.322     80337408    642699264
    40168704            2        8172.980    160674816   1285398528
    40168704            4       16355.991    321349632   2570797056
    40168704            8       32663.900    642699264   5141594112
    40168704           16       65302.627   1285398528  10283188224
    44185536            1        4504.189     88371072    706968576
    44185536            2        8991.138    176742144   1413937152
    44185536            4       18006.542    353484288   2827874304
    44185536            8       36006.322    706968576   5655748608
    44185536           16       71878.748   1413937152  11311497216
    48604032            1        4952.253     97208064    777664512
    48604032            2        9891.476    194416128   1555329024
    48604032            4       19756.598    388832256   3110658048
    48604032            8       39534.489    777664512   6221316096
    48604032           16       79046.297   1555329024  12442632192
    53464320            1        5460.236    106928640    855429120
    53464320            2       10890.019    213857280   1710858240
    53464320            4       21759.253    427714560   3421716480
    53464320            8       43481.448    855429120   6843432960
    53464320           16       86987.223   1710858240  13686865920
    58810752            1        5974.974    117621504    940972032
    58810752            2       11954.892    235243008   1881944064
    58810752            4       24059.508    470486016   3763888128
    58810752            8       47853.900    940972032   7527776256
    58810752           16       95728.462   1881944064  15055552512
    64691712            1        6627.670    129383424   1035067392
    64691712            2       13174.174    258766848   2070134784
    64691712            4       26330.876    517533696   4140269568
    64691712            8       52659.947   1035067392   8280539136
    64691712           16      105332.714   2070134784  16561078272
    71160768            1        7254.059    142321536   1138572288
    71160768            2       15528.375    284643072   2277144576
    71160768            4       29078.219    569286144   4554289152
    71160768            8       57940.078   1138572288   9108578304
    78276672            1        7968.249    156553344   1252426752
    78276672            2       15952.281    313106688   2504853504
    78276672            4       31888.514    626213376   5009707008
    78276672            8       63741.811   1252426752  10019414016
    86104320            1        9399.244    172208640   1377669120
    86104320            2       17854.843    344417280   2755338240
    86104320            4       35057.920    688834560   5510676480
    86104320            8       74285.017   1377669120  11021352960
    94714752            1        9656.006    189429504   1515436032
    94714752            2       19288.571    378859008   3030872064
    94714752            4       38568.383    757718016   6061744128
    94714752            8       77135.301   1515436032  12123488256
   104186112            1       10615.332    208372224   1666977792
   104186112            2       21207.308    416744448   3333955584
   104186112            4       42770.977    833488896   6667911168
   104186112            8       84824.146   1666977792  13335822336
   114604608            1       11676.954    229209216   1833673728
   114604608            2       23325.407    458418432   3667347456
   114604608            4       46668.772    916836864   7334694912
   114604608            8       93335.242   1833673728  14669389824
   126064896            1       12837.943    252129792   2017038336
   126064896            2       25661.049    504259584   4034076672
   126064896            4       51321.397   1008519168   8068153344
   126064896            8      102637.358   2017038336  16136306688
   138671232            1       14153.557    277342464   2218739712
   138671232            2       28240.284    554684928   4437479424
   138671232            4       56485.292   1109369856   8874958848
   152538240            1       15539.621    305076480   2440611840
   152538240            2       31051.340    610152960   4881223680
   152538240            4       62096.589   1220305920   9762447360
   167792064            1       17075.242    335584128   2684673024
   167792064            2       35219.551    671168256   5369346048
   167792064            4       68297.049   1342336512  10738692096
   184571136            1       18795.643    369142272   2953138176
   184571136            2       37569.212    738284544   5906276352
   184571136            4       75132.402   1476569088  11812552704
   203028096            1       20692.912    406056192   3248449536
   203028096            2       41318.210    812112384   6496899072
   203028096            4       82629.595   1624224768  12993798144
   223330752            1       22749.270    446661504   3573292032
   223330752            2       45448.764    893323008   7146584064
   223330752            4       90913.082   1786646016  14293168128
   245663808            1       24999.814    491327616   3930620928
   245663808            2       50005.222    982655232   7861241856
   245663808            4       99984.809   1965310464  15722483712
   270230016            1       27498.472    540460032   4323680256
   270230016            2       56023.473   1080920064   8647360512
   297252864            1       30239.697    594505728   4756045824
   297252864            2       60497.102   1189011456   9512091648
   326978112            1       33265.764    653956224   5231649792
   326978112            2       66547.315   1307912448  10463299584
   359675904            1       36598.221    719351808   5754814464
   359675904            2       73189.817   1438703616  11509628928
   395643456            1       40265.561    791286912   6330295296
   395643456            2       80491.999   1582573824  12660590592
   435207744            1       44282.064    870415488   6963323904
   435207744            2       88540.471   1740830976  13926647808
   478728384            1       48689.322    957456768   7659654144
   478728384            2       98458.842   1914913536  15319308288
   526601088            1       53577.715   1053202176   8425617408
   526601088            2      107151.836   2106404352  16851234816
   579261120            1       58947.610   1158522240   9268177920
   637187136            1       64842.881   1274374272  10194994176
   700905792            1       71272.390   1401811584  11214492672
   770996352            1       78414.940   1541992704  12335941632
   848095872            1       86234.082   1696191744  13569533952
   932905344            1       94874.448   1865810688  14926485504
  1026195840            1      105376.988   2052391680  16419133440

META_DATA
FLOPS          128
MPI_PROCS      1
OPENMP_THREADS 24
ERT_VERSION  1.1.0
HOSTNAME  ('deepv.deep', [], ['10.2.8.6'])
UNAME  uname_result(system='Linux', node='deepv', release='4.18.0-513.11.1.el8_9.0.1.x86_64', version='#1 SMP Sun Feb 11 10:42:18 UTC 2024', machine='x86_64')
TIMESTAMP_DATA  1710502170.8446755
CONFIG  {'ERT_RESULTS': ['Results.cn.deep.fz-juelich.de.01.gcc2023-O3'], 'ERT_DRIVER': ['driver1'], 'ERT_KERNEL': ['kernel1'], 'ERT_MPI': ['True'], 'ERT_MPI_CFLAGS': ['-I', '/p/software/deep/stages/2023/software/psmpi/5.9.2-1-GCC-11.3.0/include'], 'ERT_MPI_LDFLAGS': ['-L', '/p/software/deep/stages/2023/software/psmpi/5.9.2-1-GCC-11.3.0/lib', '-lmpi'], 'ERT_OPENMP': ['True'], 'ERT_OPENMP_CFLAGS': ['-fopenmp'], 'ERT_OPENMP_LDFLAGS': ['-fopenmp'], 'ERT_FLOPS': ['1,2,4,8,16,64,128'], 'ERT_ALIGN': ['64'], 'ERT_CC': ['mpicxx'], 'ERT_CFLAGS': ['-g', '-O3', '-mavx'], 'ERT_LD': ['mpicxx'], 'ERT_LDFLAGS': [], 'ERT_LDLIBS': [], 'ERT_PRECISION': ['FP64'], 'ERT_RUN': ['export', 'OMP_NUM_THREADS=ERT_OPENMP_THREADS;', 'export', 'OMP_PLACES="cores(ERT_OPENMP_THREADS)";', 'srun', '-p', 'dp-cn', '-n', 'ERT_MPI_PROCS', '-c', '48', '--ntasks-per-node', '1', 'ERT_CODE'], 'ERT_PROCS_THREADS': ['24'], 'ERT_MPI_PROCS': ['1'], 'ERT_OPENMP_THREADS': ['24'], 'ERT_NUM_EXPERIMENTS': ['5'], 'ERT_MEMORY_MAX': ['1073741824'], 'ERT_WORKING_SET_MIN': ['128'], 'ERT_TRIALS_MIN': ['1'], 'ERT_GNUPLOT': ['gnuplot'], 'ERT_GPU': [False], 'ERT_HIP': [False], 'ERT_OCL': [False], 'ERT_SYCL': [False], 'ERT_WSS_MULT': [1.1]}
