fp64
       24576            1           6.480        49152       393216
       24576            2           7.271        98304       786432
       24576            4          13.915       196608      1572864
       24576            8          24.637       393216      3145728
       24576           16          46.165       786432      6291456
       24576           32          94.524      1572864     12582912
       24576           64         161.891      3145728     25165824
       24576          128         357.972      6291456     50331648
       24576          256         642.841     12582912    100663296
       24576          512        1296.526     25165824    201326592
       24576         1024        2565.252     50331648    402653184
       24576         2048        5132.221    100663296    805306368
       24576         4096       10245.088    201326592   1610612736
       24576         8192       20478.206    402653184   3221225472
       24576        16384       40981.741    805306368   6442450944
       24576        32768       81967.879   1610612736  12884901888
       26880            1           5.038        53760       430080
       26880            2          10.017       107520       860160
       26880            4          14.665       215040      1720320
       26880            8          26.706       430080      3440640
       26880           16          54.403       860160      6881280
       26880           32          91.321      1720320     13762560
       26880           64         195.604      3440640     27525120
       26880          128         361.942      6881280     55050240
       26880          256         713.168     13762560    110100480
       26880          512        1404.590     27525120    220200960
       26880         1024        2811.468     55050240    440401920
       26880         2048        5613.766    110100480    880803840
       26880         4096       11209.244    220200960   1761607680
       26880         8192       22427.526    440401920   3523215360
       26880        16384       44803.276    880803840   7046430720
       26880        32768       89635.620   1761607680  14092861440
       29568            1           6.001        59136       473088
       29568            2           7.700       118272       946176
       29568            4          17.245       236544      1892352
       29568            8          29.766       473088      3784704
       29568           16          74.425       946176      7569408
       29568           32         100.667      1892352     15138816
       29568           64         213.770      3784704     30277632
       29568          128         396.502      7569408     60555264
       29568          256         794.368     15138816    121110528
       29568          512        1574.344     30277632    242221056
       29568         1024        3128.439     60555264    484442112
       29568         2048        6247.475    121110528    968884224
       29568         4096       12482.059    242221056   1937768448
       29568         8192       24980.200    484442112   3875536896
       29568        16384       49940.727    968884224   7751073792
       29568        32768       99860.343   1937768448  15502147584
       32448            1           6.138        64896       519168
       32448            2           9.552       129792      1038336
       32448            4          19.023       259584      2076672
       32448            8          35.168       519168      4153344
       32448           16          61.386      1038336      8306688
       32448           32         110.063      2076672     16613376
       32448           64         216.031      4153344     33226752
       32448          128         454.626      8306688     66453504
       32448          256         856.651     16613376    132907008
       32448          512        1728.416     33226752    265814016
       32448         1024        3447.295     66453504    531628032
       32448         2048        6880.016    132907008   1063256064
       32448         4096       13746.680    265814016   2126512128
       32448         8192       32042.105    531628032   4253024256
       32448        16384       55036.640   1063256064   8506048512
       32448        32768      109998.434   2126512128  17012097024
       35520            1           5.920        71040       568320
       35520            2          10.268       142080      1136640
       35520            4          20.982       284160      2273280
       35520            8          36.963       568320      4546560
       35520           16          83.174      1136640      9093120
       35520           32         141.248      2273280     18186240
       35520           64         277.944      4546560     36372480
       35520          128         508.443      9093120     72744960
       35520          256         947.920     18186240    145489920
       35520          512        1891.328     36372480    290979840
       35520         1024        3768.559     72744960    581959680
       35520         2048        7516.336    145489920   1163919360
       35520         4096       15056.932    290979840   2327838720
       35520         8192       31412.427    581959680   4655677440
       35520        16384       60109.294   1163919360   9311354880
       38976            1           7.348        77952       623616
       38976            2          11.694       155904      1247232
       38976            4          20.427       311808      2494464
       38976            8          40.231       623616      4988928
       38976           16          73.723      1247232      9977856
       38976           32         132.997      2494464     19955712
       38976           64         288.578      4988928     39911424
       38976          128         526.699      9977856     79822848
       38976          256        1046.426     19955712    159645696
       38976          512        2087.177     39911424    319291392
       38976         1024        4165.006     79822848    638582784
       38976         2048        8332.539    159645696   1277165568
       38976         4096       16688.705    319291392   2554331136
       38976         8192       33272.906    638582784   5108662272
       38976        16384       66536.940   1277165568  10217324544
       42816            1           8.379        85632       685056
       42816            2          11.941       171264      1370112
       42816            4          23.405       342528      2740224
       42816            8          42.802       685056      5480448
       42816           16          82.560      1370112     10960896
       42816           32         144.926      2740224     21921792
       42816           64         301.310      5480448     43843584
       42816          128         583.992     10960896     87687168
       42816          256        1146.804     21921792    175374336
       42816          512        2293.733     43843584    350748672
       42816         1024        4582.140     87687168    701497344
       42816         2048       10143.360    175374336   1402994688
       42816         4096       18234.276    350748672   2805989376
       42816         8192       36535.430    701497344   5611978752
       42816        16384       72894.153   1402994688  11223957504
       47040            1           8.804        94080       752640
       47040            2          11.510       188160      1505280
       47040            4          25.073       376320      3010560
       47040            8          46.318       752640      6021120
       47040           16          85.659      1505280     12042240
       47040           32         157.178      3010560     24084480
       47040           64         343.180      6021120     48168960
       47040          128         621.855     12042240     96337920
       47040          256        1257.175     24084480    192675840
       47040          512        2480.145     48168960    385351680
       47040         1024        4965.458     96337920    770703360
       47040         2048        9916.681    192675840   1541406720
       47040         4096       19933.416    385351680   3082813440
       47040         8192       39648.123    770703360   6165626880
       47040        16384       80281.626   1541406720  12331253760
       51648            1           8.235       103296       826368
       51648            2          13.215       206592      1652736
       51648            4          25.484       413184      3305472
       51648            8          53.144       826368      6610944
       51648           16         104.208      1652736     13221888
       51648           32         171.838      3305472     26443776
       51648           64         358.771      6610944     52887552
       51648          128         691.412     13221888    105775104
       51648          256        1361.430     26443776    211550208
       51648          512        2728.954     52887552    423100416
       51648         1024        5437.227    105775104    846200832
       51648         2048       10874.784    211550208   1692401664
       51648         4096       21742.424    423100416   3384803328
       51648         8192       44210.949    846200832   6769606656
       51648        16384       87921.634   1692401664  13539213312
       56640            1          10.911       113280       906240
       56640            2          13.557       226560      1812480
       56640            4          54.735       453120      3624960
       56640            8          66.245       906240      7249920
       56640           16         113.722      1812480     14499840
       56640           32         238.271      3624960     28999680
       56640           64         419.171      7249920     57999360
       56640          128         761.503     14499840    115998720
       56640          256        1514.044     28999680    231997440
       56640          512        3005.162     57999360    463994880
       56640         1024        6001.336    115998720    927989760
       56640         2048       11993.761    231997440   1855979520
       56640         4096       23977.475    463994880   3711959040
       56640         8192       47954.743    927989760   7423918080
       56640        16384       95904.101   1855979520  14847836160
       62208            1           7.549       124416       995328
       62208            2          16.924       248832      1990656
       62208            4          30.060       497664      3981312
       62208            8          56.500       995328      7962624
       62208           16         117.237      1990656     15925248
       62208           32         204.604      3981312     31850496
       62208           64         426.348      7962624     63700992
       62208          128         824.660     15925248    127401984
       62208          256        1631.614     31850496    254803968
       62208          512        3243.481     63700992    509607936
       62208         1024        6480.226    127401984   1019215872
       62208         2048       12958.471    254803968   2038431744
       62208         4096       25917.056    509607936   4076863488
       62208         8192       51837.672   1019215872   8153726976
       62208        16384      103734.992   2038431744  16307453952
       68352            1          10.440       136704      1093632
       68352            2          17.055       273408      2187264
       68352            4          32.932       546816      4374528
       68352            8          68.644      1093632      8749056
       68352           16         114.065      2187264     17498112
       68352           32         256.850      4374528     34996224
       68352           64         450.981      8749056     69992448
       68352          128         902.246     17498112    139984896
       68352          256        1791.622     34996224    279969792
       68352          512        3560.407     69992448    559939584
       68352         1024        7133.976    139984896   1119879168
       68352         2048       14236.629    279969792   2239758336
       68352         4096       28523.256    559939584   4479516672
       68352         8192       58023.182   1119879168   8959033344
       75072            1          11.304       150144      1201152
       75072            2          21.399       300288      2402304
       75072            4          37.997       600576      4804608
       75072            8          72.524      1201152      9609216
       75072           16         126.347      2402304     19218432
       75072           32         249.978      4804608     38436864
       75072           64         528.222      9609216     76873728
       75072          128         998.980     19218432    153747456
       75072          256        1987.879     38436864    307494912
       75072          512        3967.964     76873728    614989824
       75072         1024        7940.563    153747456   1229979648
       75072         2048       15840.398    307494912   2459959296
       75072         4096       31672.106    614989824   4919918592
       75072         8192       63352.264   1229979648   9839837184
       82560            1          12.228       165120      1320960
       82560            2          20.455       330240      2641920
       82560            4          42.070       660480      5283840
       82560            8          88.581      1320960     10567680
       82560           16         161.615      2641920     21135360
       82560           32         334.560      5283840     42270720
       82560           64         548.804     10567680     84541440
       82560          128        1087.958     21135360    169082880
       82560          256        2164.587     42270720    338165760
       82560          512        4328.544     84541440    676331520
       82560         1024        8634.547    169082880   1352663040
       82560         2048       17280.984    338165760   2705326080
       82560         4096       34544.371    676331520   5410652160
       82560         8192       70069.100   1352663040  10821304320
       90816            1          11.688       181632      1453056
       90816            2          22.599       363264      2906112
       90816            4          44.227       726528      5812224
       90816            8          84.595      1453056     11624448
       90816           16         151.048      2906112     23248896
       90816           32         313.631      5812224     46497792
       90816           64         609.376     11624448     92995584
       90816          128        1196.847     23248896    185991168
       90816          256        2391.256     46497792    371982336
       90816          512        4751.703     92995584    743964672
       90816         1024        9514.739    185991168   1487929344
       90816         2048       19013.956    371982336   2975858688
       90816         4096       38025.468    743964672   5951717376
       90816         8192       76040.719   1487929344  11903434752
       99840            1          12.625       199680      1597440
       99840            2          25.217       399360      3194880
       99840            4          47.582       798720      6389760
       99840            8          91.181      1597440     12779520
       99840           16         182.659      3194880     25559040
       99840           32         344.531      6389760     51118080
       99840           64         661.652     12779520    102236160
       99840          128        1307.601     25559040    204472320
       99840          256        2611.139     51118080    408944640
       99840          512        5209.383    102236160    817889280
       99840         1024       10399.628    204472320   1635778560
       99840         2048       20804.334    408944640   3271557120
       99840         4096       41582.059    817889280   6543114240
       99840         8192       84206.611   1635778560  13086228480
      109824            1          13.527       219648      1757184
      109824            2          26.826       439296      3514368
      109824            4          51.651       878592      7028736
      109824            8          97.132      1757184     14057472
      109824           16         210.567      3514368     28114944
      109824           32         365.914      7028736     56229888
      109824           64         727.905     14057472    112459776
      109824          128        1433.317     28114944    224919552
      109824          256        2866.695     56229888    449839104
      109824          512        5730.871    112459776    899678208
      109824         1024       11437.773    224919552   1799356416
      109824         2048       22901.034    449839104   3598712832
      109824         4096       45738.252    899678208   7197425664
      109824         8192       91467.111   1799356416  14394851328
      120768            1          14.757       241536      1932288
      120768            2          32.824       483072      3864576
      120768            4          55.081       966144      7729152
      120768            8         105.454      1932288     15458304
      120768           16         199.509      3864576     30916608
      120768           32         412.680      7729152     61833216
      120768           64         801.596     15458304    123666432
      120768          128        1593.875     30916608    247332864
      120768          256        3164.477     61833216    494665728
      120768          512        6385.149    123666432    989331456
      120768         1024       13697.316    247332864   1978662912
      120768         2048       25275.764    494665728   3957325824
      120768         4096       50570.057    989331456   7914651648
      120768         8192      100972.052   1978662912  15829303296
      132672            1          14.752       265344      2122752
      132672            2          32.679       530688      4245504
      132672            4          64.528      1061376      8491008
      132672            8         129.756      2122752     16982016
      132672           16         232.491      4245504     33964032
      132672           32         441.724      8491008     67928064
      132672           64         880.139     16982016    135856128
      132672          128        1749.308     33964032    271712256
      132672          256        3481.433     67928064    543424512
      132672          512        6961.056    135856128   1086849024
      132672         1024       13918.511    271712256   2173698048
      132672         2048       27827.537    543424512   4347396096
      132672         4096       55957.873   1086849024   8694792192
      145920            1          17.548       291840      2334720
      145920            2          34.131       583680      4669440
      145920            4          88.437      1167360      9338880
      145920            8         135.632      2334720     18677760
      145920           16         239.136      4669440     37355520
      145920           32         493.155      9338880     74711040
      145920           64         962.866     18677760    149422080
      145920          128        1905.531     37355520    298844160
      145920          256        3805.245     74711040    597688320
      145920          512        7604.614    149422080   1195376640
      145920         1024       15217.739    298844160   2390753280
      145920         2048       30380.355    597688320   4781506560
      145920         4096       60770.378   1195376640   9563013120
      160512            1          36.750       321024      2568192
      160512            2          38.203       642048      5136384
      160512            4          74.797      1284096     10272768
      160512            8         133.326      2568192     20545536
      160512           16         277.275      5136384     41091072
      160512           32         539.099     10272768     82182144
      160512           64        1055.217     20545536    164364288
      160512          128        2096.533     41091072    328728576
      160512          256        4183.227     82182144    657457152
      160512          512        8455.899    164364288   1314914304
      160512         1024       16715.550    328728576   2629828608
      160512         2048       33423.378    657457152   5259657216
      160512         4096       66839.593   1314914304  10519314432
      176448            1          20.452       352896      2823168
      176448            2          41.294       705792      5646336
      176448            4          85.096      1411584     11292672
      176448            8         146.926      2823168     22585344
      176448           16         302.112      5646336     45170688
      176448           32         596.738     11292672     90341376
      176448           64        1159.355     22585344    180682752
      176448          128        2313.817     45170688    361365504
      176448          256        4626.229     90341376    722731008
      176448          512        9236.960    180682752   1445462016
      176448         1024       19566.488    361365504   2890924032
      176448         2048       36931.024    722731008   5781848064
      176448         4096       73853.993   1445462016  11563696128
      193920            1          23.775       387840      3102720
      193920            2          44.635       775680      6205440
      193920            4          91.736      1551360     12410880
      193920            8         160.517      3102720     24821760
      193920           16         348.041      6205440     49643520
      193920           32         634.814     12410880     99287040
      193920           64        1283.113     24821760    198574080
      193920          128        2529.857     49643520    397148160
      193920          256        5059.586     99287040    794296320
      193920          512       10109.537    198574080   1588592640
      193920         1024       20220.739    397148160   3177185280
      193920         2048       40415.962    794296320   6354370560
      193920         4096       80847.069   1588592640  12708741120
      213312            1          24.486       426624      3412992
      213312            2          48.533       853248      6825984
      213312            4          95.583      1706496     13651968
      213312            8         193.404      3412992     27303936
      213312           16         365.937      6825984     54607872
      213312           32         711.067     13651968    109215744
      213312           64        1397.306     27303936    218431488
      213312          128        2798.538     54607872    436862976
      213312          256        5572.726    109215744    873725952
      213312          512       11163.640    218431488   1747451904
      213312         1024       22356.498    436862976   3494903808
      213312         2048       45602.426    873725952   6989807616
      213312         4096       89252.087   1747451904  13979615232
      234624            1          25.988       469248      3753984
      234624            2          66.221       938496      7507968
      234624            4         123.918      1876992     15015936
      234624            8         258.405      3753984     30031872
      234624           16         425.391      7507968     60063744
      234624           32         778.922     15015936    120127488
      234624           64        1532.312     30031872    240254976
      234624          128        3073.589     60063744    480509952
      234624          256        6122.718    120127488    961019904
      234624          512       12230.278    240254976   1922039808
      234624         1024       24439.698    480509952   3844079616
      234624         2048       48901.130    961019904   7688159232
      234624         4096       97788.848   1922039808  15376318464
      258048            1          28.731       516096      4128768
      258048            2          58.041      1032192      8257536
      258048            4         115.944      2064384     16515072
      258048            8         238.898      4128768     33030144
      258048           16         427.187      8257536     66060288
      258048           32         851.310     16515072    132120576
      258048           64        1691.086     33030144    264241152
      258048          128        3360.748     66060288    528482304
      258048          256        6728.058    132120576   1056964608
      258048          512       13432.315    264241152   2113929216
      258048         1024       26867.675    528482304   4227858432
      258048         2048       54768.292   1056964608   8455716864
      258048         4096      107454.847   2113929216  16911433728
      283776            1          31.768       567552      4540416
      283776            2          63.625      1135104      9080832
      283776            4         125.930      2270208     18161664
      283776            8         232.592      4540416     36323328
      283776           16         493.320      9080832     72646656
      283776           32         934.725     18161664    145293312
      283776           64        1858.056     36323328    290586624
      283776          128        3694.203     72646656    581173248
      283776          256        7401.013    145293312   1162346496
      283776          512       14773.696    290586624   2324692992
      283776         1024       29563.832    581173248   4649385984
      283776         2048       59111.448   1162346496   9298771968
      312000            1          33.821       624000      4992000
      312000            2          69.982      1248000      9984000
      312000            4         152.353      2496000     19968000
      312000            8         259.130      4992000     39936000
      312000           16         505.740      9984000     79872000
      312000           32        1019.749     19968000    159744000
      312000           64        2053.161     39936000    319488000
      312000          128        4082.628     79872000    638976000
      312000          256        8131.056    159744000   1277952000
      312000          512       16258.615    319488000   2555904000
      312000         1024       32515.267    638976000   5111808000
      312000         2048       66099.410   1277952000  10223616000
      343104            1          36.932       686208      5489664
      343104            2          75.982      1372416     10979328
      343104            4         147.418      2744832     21958656
      343104            8         298.183      5489664     43917312
      343104           16         577.085     10979328     87834624
      343104           32        1124.863     21958656    175669248
      343104           64        2242.898     43917312    351338496
      343104          128        4488.153     87834624    702676992
      343104          256        8952.532    175669248   1405353984
      343104          512       17902.306    351338496   2810707968
      343104         1024       35802.038    702676992   5621415936
      343104         2048       71580.728   1405353984  11242831872
      377280            1          39.946       754560      6036480
      377280            2         119.023      1509120     12072960
      377280            4         186.465      3018240     24145920
      377280            8         390.831      6036480     48291840
      377280           16         630.181     12072960     96583680
      377280           32        1234.641     24145920    193167360
      377280           64        2471.629     48291840    386334720
      377280          128        4913.008     96583680    772669440
      377280          256        9833.997    193167360   1545338880
      377280          512       19693.011    386334720   3090677760
      377280         1024       39328.983    772669440   6181355520
      377280         2048       78932.195   1545338880  12362711040
      414912            1          44.596       829824      6638592
      414912            2          89.646      1659648     13277184
      414912            4         170.157      3319296     26554368
      414912            8         352.051      6638592     53108736
      414912           16         691.277     13277184    106217472
      414912           32        1355.031     26554368    212434944
      414912           64        2714.152     53108736    424869888
      414912          128        5405.667    106217472    849739776
      414912          256       10830.970    212434944   1699479552
      414912          512       21630.570    424869888   3398959104
      414912         1024       43225.662    849739776   6797918208
      414912         2048       86473.541   1699479552  13595836416
      456384            1          47.839       912768      7302144
      456384            2         102.242      1825536     14604288
      456384            4         193.362      3651072     29208576
      456384            8         403.259      7302144     58417152
      456384           16         745.405     14604288    116834304
      456384           32        1499.160     29208576    233668608
      456384           64        2981.914     58417152    467337216
      456384          128        5949.208    116834304    934674432
      456384          256       11892.895    233668608   1869348864
      456384          512       23779.166    467337216   3738697728
      456384         1024       47533.323    934674432   7477395456
      456384         2048       95076.142   1869348864  14954790912
      501888            1          51.921      1003776      8030208
      501888            2         113.606      2007552     16060416
      501888            4         249.659      4015104     32120832
      501888            8         508.637      8030208     64241664
      501888           16         823.246     16060416    128483328
      501888           32        1643.491     32120832    256966656
      501888           64        3270.862     64241664    513933312
      501888          128        6541.412    128483328   1027866624
      501888          256       13067.873    256966656   2055733248
      501888          512       27227.593    513933312   4111466496
      501888         1024       52271.075   1027866624   8222932992
      501888         2048      104514.379   2055733248  16445865984
      552000            1          56.644      1104000      8832000
      552000            2         123.214      2208000     17664000
      552000            4         243.552      4416000     35328000
      552000            8         467.841      8832000     70656000
      552000           16         908.875     17664000    141312000
      552000           32        1817.924     35328000    282624000
      552000           64        3604.882     70656000    565248000
      552000          128        7193.102    141312000   1130496000
      552000          256       14379.497    282624000   2260992000
      552000          512       28756.604    565248000   4521984000
      552000         1024       57535.110   1130496000   9043968000
      607104            1          62.720      1214208      9713664
      607104            2         129.021      2428416     19427328
      607104            4         248.855      4856832     38854656
      607104            8         507.957      9713664     77709312
      607104           16         995.642     19427328    155418624
      607104           32        1980.626     38854656    310837248
      607104           64        3956.331     77709312    621674496
      607104          128        7908.199    155418624   1243348992
      607104          256       15806.112    310837248   2486697984
      607104          512       31682.287    621674496   4973395968
      607104         1024       63723.811   1243348992   9946791936
      667776            1          70.124      1335552     10684416
      667776            2         141.529      2671104     21368832
      667776            4         289.705      5342208     42737664
      667776            8         544.321     10684416     85475328
      667776           16        1092.032     21368832    170950656
      667776           32        2174.868     42737664    341901312
      667776           64        4356.226     85475328    683802624
      667776          128        8716.320    170950656   1367605248
      667776          256       17682.582    341901312   2735210496
      667776          512       35819.765    683802624   5470420992
      667776         1024       69561.450   1367605248  10940841984
      734400            1          74.693      1468800     11750400
      734400            2         154.706      2937600     23500800
      734400            4         298.804      5875200     47001600
      734400            8         614.148     11750400     94003200
      734400           16        1201.903     23500800    188006400
      734400           32        2401.893     47001600    376012800
      734400           64        4777.784     94003200    752025600
      734400          128        9570.988    188006400   1504051200
      734400          256       19135.064    376012800   3008102400
      734400          512       38257.478    752025600   6016204800
      734400         1024       76509.529   1504051200  12032409600
      807744            1          84.427      1615488     12923904
      807744            2         186.139      3230976     25847808
      807744            4         332.100      6461952     51695616
      807744            8         669.256     12923904    103391232
      807744           16        1320.917     25847808    206782464
      807744           32        2629.970     51695616    413564928
      807744           64        5289.423    103391232    827129856
      807744          128       10527.449    206782464   1654259712
      807744          256       21047.186    413564928   3308519424
      807744          512       42095.968    827129856   6617038848
      807744         1024       84238.475   1654259712  13234077696
      888384            1          91.705      1776768     14214144
      888384            2         185.455      3553536     28428288
      888384            4         377.727      7107072     56856576
      888384            8         718.659     14214144    113713152
      888384           16        1456.304     28428288    227426304
      888384           32        2897.078     56856576    454852608
      888384           64        5789.314    113713152    909705216
      888384          128       12606.501    227426304   1819410432
      888384          256       23139.574    454852608   3638820864
      888384          512       46270.686    909705216   7277641728
      888384         1024       92487.783   1819410432  14555283456
      977088            1         100.528      1954176     15633408
      977088            2         202.717      3908352     31266816
      977088            4         398.724      7816704     62533632
      977088            8         802.703     15633408    125067264
      977088           16        1600.531     31266816    250134528
      977088           32        3183.294     62533632    500269056
      977088           64        6362.370    125067264   1000538112
      977088          128       12730.901    250134528   2001076224
      977088          256       25583.909    500269056   4002152448
      977088          512       50880.785   1000538112   8004304896
      977088         1024      101884.630   2001076224  16008609792
     1074624            1         109.884      2149248     17193984
     1074624            2         222.692      4298496     34387968
     1074624            4         438.493      8596992     68775936
     1074624            8         883.801     17193984    137551872
     1074624           16        1756.389     34387968    275103744
     1074624           32        3508.443     68775936    550207488
     1074624           64        7000.122    137551872   1100414976
     1074624          128       13991.808    275103744   2200829952
     1074624          256       28015.737    550207488   4401659904
     1074624          512       56969.356   1100414976   8803319808
     1181952            1         120.885      2363904     18911232
     1181952            2         293.964      4727808     37822464
     1181952            4         562.889      9455616     75644928
     1181952            8         966.850     18911232    151289856
     1181952           16        1930.252     37822464    302579712
     1181952           32        3868.954     75644928    605159424
     1181952           64        7692.205    151289856   1210318848
     1181952          128       15399.751    302579712   2420637696
     1181952          256       30828.903    605159424   4841275392
     1181952          512       61576.480   1210318848   9682550784
     1300032            1         150.227      2600064     20800512
     1300032            2         268.553      5200128     41601024
     1300032            4         530.091     10400256     83202048
     1300032            8        1063.010     20800512    166404096
     1300032           16        2131.921     41601024    332808192
     1300032           32        4233.291     83202048    665616384
     1300032           64        8461.072    166404096   1331232768
     1300032          128       16921.577    332808192   2662465536
     1300032          256       33850.984    665616384   5324931072
     1300032          512       67689.086   1331232768  10649862144
     1430016            1         145.695      2860032     22880256
     1430016            2         294.515      5720064     45760512
     1430016            4         596.267     11440128     91521024
     1430016            8        1169.677     22880256    183042048
     1430016           16        2338.517     45760512    366084096
     1430016           32        4654.076     91521024    732168192
     1430016           64        9330.528    183042048   1464336384
     1430016          128       18621.345    366084096   2928672768
     1430016          256       37241.731    732168192   5857345536
     1430016          512       74488.734   1464336384  11714691072
     1572864            1         155.232      3145728     25165824
     1572864            2         383.345      6291456     50331648
     1572864            4         706.917     12582912    100663296
     1572864            8        1283.304     25165824    201326592
     1572864           16        2557.904     50331648    402653184
     1572864           32        5132.218    100663296    805306368
     1572864           64       10239.618    201326592   1610612736
     1572864          128       20468.172    402653184   3221225472
     1572864          256       40948.862    805306368   6442450944
     1572864          512       81898.910   1610612736  12884901888
     1730112            1         197.535      3460224     27681792
     1730112            2         424.566      6920448     55363584
     1730112            4         757.810     13840896    110727168
     1730112            8        1410.138     27681792    221454336
     1730112           16        2820.925     55363584    442908672
     1730112           32        5640.089    110727168    885817344
     1730112           64       11262.101    221454336   1771634688
     1730112          128       22524.726    442908672   3543269376
     1730112          256       45041.548    885817344   7086538752
     1730112          512       90063.067   1771634688  14173077504
     1903104            1         193.578      3806208     30449664
     1903104            2         479.381      7612416     60899328
     1903104            4         810.498     15224832    121798656
     1903104            8        1559.709     30449664    243597312
     1903104           16        3100.234     60899328    487194624
     1903104           32        6195.802    121798656    974389248
     1903104           64       12398.942    243597312   1948778496
     1903104          128       24766.355    487194624   3897556992
     1903104          256       49558.837    974389248   7795113984
     1903104          512       99120.456   1948778496  15590227968
     2093376            1         231.219      4186752     33494016
     2093376            2         429.810      8373504     66988032
     2093376            4        1967.989     16747008    133976064
     2093376            8        1711.395     33494016    267952128
     2093376           16        3407.613     66988032    535904256
     2093376           32        6834.503    133976064   1071808512
     2093376           64       13633.301    267952128   2143617024
     2093376          128       27241.426    535904256   4287234048
     2093376          256       54467.438   1071808512   8574468096
     2093376          512      108948.179   2143617024  17148936192
     2302656            1         235.466      4605312     36842496
     2302656            2         471.666      9210624     73684992
     2302656            4         944.254     18421248    147369984
     2302656            8        1880.147     36842496    294739968
     2302656           16        3754.297     73684992    589479936
     2302656           32        7504.267    147369984   1178959872
     2302656           64       14982.912    294739968   2357919744
     2302656          128       29958.062    589479936   4715839488
     2302656          256       59899.028   1178959872   9431678976
     2532864            1         257.961      5065728     40525824
     2532864            2         517.368     10131456     81051648
     2532864            4        1048.757     20262912    162103296
     2532864            8        2065.071     40525824    324206592
     2532864           16        4124.961     81051648    648413184
     2532864           32        8246.173    162103296   1296826368
     2532864           64       16488.480    324206592   2593652736
     2532864          128       32987.759    648413184   5187305472
     2532864          256       65912.891   1296826368  10374610944
     2786112            1         284.294      5572224     44577792
     2786112            2         582.217     11144448     89155584
     2786112            4        1137.318     22288896    178311168
     2786112            8        2267.849     44577792    356622336
     2786112           16        4543.608     89155584    713244672
     2786112           32        9068.195    178311168   1426489344
     2786112           64       18135.314    356622336   2852978688
     2786112          128       36269.513    713244672   5705957376
     2786112          256       73515.999   1426489344  11411914752
     3064704            1         309.249      6129408     49035264
     3064704            2         637.158     12258816     98070528
     3064704            4        1250.985     24517632    196141056
     3064704            8        2504.939     49035264    392282112
     3064704           16        4992.682     98070528    784564224
     3064704           32        9978.955    196141056   1569128448
     3064704           64       19939.986    392282112   3138256896
     3064704          128       39902.804    784564224   6276513792
     3064704          256       79809.384   1569128448  12553027584
     3371136            1         344.304      6742272     53938176
     3371136            2         698.838     13484544    107876352
     3371136            4        1484.050     26969088    215752704
     3371136            8        2751.511     53938176    431505408
     3371136           16        5486.559    107876352    863010816
     3371136           32       10979.111    215752704   1726021632
     3371136           64       21948.775    431505408   3452043264
     3371136          128       44009.843    863010816   6904086528
     3371136          256       87803.392   1726021632  13808173056
     3708096            1         394.563      7416192     59329536
     3708096            2         879.477     14832384    118659072
     3708096            4        1621.082     29664768    237318144
     3708096            8        3018.106     59329536    474636288
     3708096           16        6035.226    118659072    949272576
     3708096           32       12067.454    237318144   1898545152
     3708096           64       24141.138    474636288   3797090304
     3708096          128       48258.422    949272576   7594180608
     3708096          256       96492.515   1898545152  15188361216
     4078848            1         414.818      8157696     65261568
     4078848            2         840.668     16315392    130523136
     4078848            4        2732.175     32630784    261046272
     4078848            8        3320.369     65261568    522092544
     4078848           16        6648.241    130523136   1044185088
     4078848           32       13271.267    261046272   2088370176
     4078848           64       26548.888    522092544   4176740352
     4078848          128       53118.522   1044185088   8353480704
     4078848          256      106224.192   2088370176  16706961408
     4486656            1         475.456      8973312     71786496
     4486656            2         922.521     17946624    143572992
     4486656            4        1820.532     35893248    287145984
     4486656            8        3657.559     71786496    574291968
     4486656           16        7300.655    143572992   1148583936
     4486656           32       14609.529    287145984   2297167872
     4486656           64       29202.359    574291968   4594335744
     4486656          128       58412.992   1148583936   9188671488
     4935168            1         497.003      9870336     78962688
     4935168            2        1016.041     19740672    157925376
     4935168            4        2129.775     39481344    315850752
     4935168            8        4139.459     78962688    631701504
     4935168           16        8033.679    157925376   1263403008
     4935168           32       16061.687    315850752   2526806016
     4935168           64       32122.749    631701504   5053612032
     4935168          128       64247.993   1263403008  10107224064
     5428608            1         568.573     10857216     86857728
     5428608            2        1112.155     21714432    173715456
     5428608            4        2211.374     43428864    347430912
     5428608            8        4440.872     86857728    694861824
     5428608           16        8840.340    173715456   1389723648
     5428608           32       17661.851    347430912   2779447296
     5428608           64       35341.905    694861824   5558894592
     5428608          128       71720.118   1389723648  11117789184
     5971392            1         603.235     11942784     95542272
     5971392            2        1234.204     23885568    191084544
     5971392            4        2430.083     47771136    382169088
     5971392            8        4864.935     95542272    764338176
     5971392           16        9722.760    191084544   1528676352
     5971392           32       19502.977    382169088   3057352704
     5971392           64       38886.166    764338176   6114705408
     5971392          128       77714.977   1528676352  12229410816
     6568512            1         678.734     13137024    105096192
     6568512            2        1341.477     26274048    210192384
     6568512            4        2683.013     52548096    420384768
     6568512            8        5428.887    105096192    840769536
     6568512           16       10696.088    210192384   1681539072
     6568512           32       21392.877    420384768   3363078144
     6568512           64       42768.337    840769536   6726156288
     6568512          128       85521.739   1681539072  13452312576
     7225344            1         729.597     14450688    115605504
     7225344            2        1486.153     28901376    231211008
     7225344            4        2944.060     57802752    462422016
     7225344            8        5883.908    115605504    924844032
     7225344           16       11761.836    231211008   1849688064
     7225344           32       23510.422    462422016   3699376128
     7225344           64       46997.992    924844032   7398752256
     7225344          128       94031.559   1849688064  14797504512
     7947840            1         821.290     15895680    127165440
     7947840            2        1629.911     31791360    254330880
     7947840            4        3235.900     63582720    508661760
     7947840            8        6479.481    127165440   1017323520
     7947840           16       12936.620    254330880   2034647040
     7947840           32       26199.514    508661760   4069294080
     7947840           64       51742.280   1017323520   8138588160
     7947840          128      103485.634   2034647040  16277176320
     8742528            1         900.939     17485056    139880448
     8742528            2        1786.135     34970112    279760896
     8742528            4        3566.277     69940224    559521792
     8742528            8        7115.849    139880448   1119043584
     8742528           16       14220.135    279760896   2238087168
     8742528           32       28429.405    559521792   4476174336
     8742528           64       56871.327   1119043584   8952348672
     9616704            1         990.945     19233408    153867264
     9616704            2        2078.460     38466816    307734528
     9616704            4        3908.013     76933632    615469056
     9616704            8        7829.572    153867264   1230938112
     9616704           16       15656.090    307734528   2461876224
     9616704           32       31377.619    615469056   4923752448
     9616704           64       62589.810   1230938112   9847504896
    10578240            1        1085.020     21156480    169251840
    10578240            2        2156.437     42312960    338503680
    10578240            4        4414.198     84625920    677007360
    10578240            8        8642.020    169251840   1354014720
    10578240           16       17227.000    338503680   2708029440
    10578240           32       34434.038    677007360   5416058880
    10578240           64       68855.900   1354014720  10832117760
    11635968            1        1193.057     23271936    186175488
    11635968            2        2483.608     46543872    372350976
    11635968            4        4739.498     93087744    744701952
    11635968            8        9459.881    186175488   1489403904
    11635968           16       18950.849    372350976   2978807808
    11635968           32       37864.104    744701952   5957615616
    11635968           64       75680.061   1489403904  11915231232
    12799488            1        1306.099     25598976    204791808
    12799488            2        3702.314     51197952    409583616
    12799488            4        5235.086    102395904    819167232
    12799488            8       10425.953    204791808   1638334464
    12799488           16       20820.669    409583616   3276668928
    12799488           32       41756.753    819167232   6553337856
    12799488           64       83278.014   1638334464  13106675712
    14079360            1        1434.047     28158720    225269760
    14079360            2        2871.720     56317440    450539520
    14079360            4        5736.018    112634880    901079040
    14079360            8       11456.110    225269760   1802158080
    14079360           16       22907.217    450539520   3604316160
    14079360           32       45818.547    901079040   7208632320
    14079360           64       91623.799   1802158080  14417264640
    15487296            1        1579.631     30974592    247796736
    15487296            2        3166.280     61949184    495593472
    15487296            4        6299.516    123898368    991186944
    15487296            8       12593.620    247796736   1982373888
    15487296           16       25199.149    495593472   3964747776
    15487296           32       50494.161    991186944   7929495552
    15487296           64      100753.569   1982373888  15858991104
    17035968            1        1747.960     34071936    272575488
    17035968            2        3465.126     68143872    545150976
    17035968            4        7032.358    136287744   1090301952
    17035968            8       13955.269    272575488   2180603904
    17035968           16       27701.465    545150976   4361207808
    17035968           32       55365.982   1090301952   8722415616
    18739392            1        1902.655     37478784    299830272
    18739392            2        3807.249     74957568    599660544
    18739392            4        7626.829    149915136   1199321088
    18739392            8       15232.530    299830272   2398642176
    18739392           16       30461.159    599660544   4797284352
    18739392           32       61949.547   1199321088   9594568704
    20613312            1        2121.526     41226624    329812992
    20613312            2        4286.793     82453248    659625984
    20613312            4        8388.360    164906496   1319251968
    20613312            8       16770.101    329812992   2638503936
    20613312           16       33508.501    659625984   5277007872
    20613312           32       66976.561   1319251968  10554015744
    22674624            1        2310.356     45349248    362793984
    22674624            2        4621.585     90698496    725587968
    22674624            4        9218.227    181396992   1451175936
    22674624            8       18448.951    362793984   2902351872
    22674624           16       36853.237    725587968   5804703744
    22674624           32       73700.412   1451175936  11609407488
    24941952            1        2551.851     49883904    399071232
    24941952            2        5078.812     99767808    798142464
    24941952            4       10140.233    199535616   1596284928
    24941952            8       20284.234    399071232   3192569856
    24941952           16       40545.268    798142464   6385139712
    24941952           32       81086.062   1596284928  12770279424
    27436032            1        2799.783     54872064    438976512
    27436032            2        5682.176    109744128    877953024
    27436032            4       11156.515    219488256   1755906048
    27436032            8       22304.162    438976512   3511812096
    27436032           16       44611.932    877953024   7023624192
    27436032           32       89210.559   1755906048  14047248384
    30179520            1        3075.001     60359040    482872320
    30179520            2        6148.786    120718080    965744640
    30179520            4       12273.187    241436160   1931489280
    30179520            8       24532.414    482872320   3862978560
    30179520           16       50123.072    965744640   7725957120
    30179520           32       98099.095   1931489280  15451914240
    33197376            1        3455.839     66394752    531158016
    33197376            2        6757.696    132789504   1062316032
    33197376            4       13509.022    265579008   2124632064
    33197376            8       26990.431    531158016   4249264128
    33197376           16       53975.012   1062316032   8498528256
    33197376           32      107934.438   2124632064  16997056512
    36517056            1        3722.190     73034112    584272896
    36517056            2        7429.878    146068224   1168545792
    36517056            4       14852.505    292136448   2337091584
    36517056            8       29694.159    584272896   4674183168
    36517056           16       59362.952   1168545792   9348366336
    40168704            1        4089.454     80337408    642699264
    40168704            2        8174.354    160674816   1285398528
    40168704            4       16341.838    321349632   2570797056
    40168704            8       32654.819    642699264   5141594112
    40168704           16       65331.664   1285398528  10283188224
    44185536            1        4492.454     88371072    706968576
    44185536            2        8992.127    176742144   1413937152
    44185536            4       17975.885    353484288   2827874304
    44185536            8       35925.073    706968576   5655748608
    44185536           16       71844.678   1413937152  11311497216
    48604032            1        4951.358     97208064    777664512
    48604032            2        9893.086    194416128   1555329024
    48604032            4       20818.306    388832256   3110658048
    48604032            8       39525.169    777664512   6221316096
    48604032           16       79017.019   1555329024  12442632192
    53464320            1        5437.587    106928640    855429120
    53464320            2       10878.475    213857280   1710858240
    53464320            4       21749.063    427714560   3421716480
    53464320            8       43458.366    855429120   6843432960
    53464320           16       86949.777   1710858240  13686865920
    58810752            1        5989.611    117621504    940972032
    58810752            2       12026.094    235243008   1881944064
    58810752            4       23960.731    470486016   3763888128
    58810752            8       47839.278    940972032   7527776256
    58810752           16       95686.551   1881944064  15055552512
    64691712            1        6595.245    129383424   1035067392
    64691712            2       13164.818    258766848   2070134784
    64691712            4       26324.709    517533696   4140269568
    64691712            8       52651.079   1035067392   8280539136
    64691712           16      105269.506   2070134784  16561078272
    71160768            1        7257.214    142321536   1138572288
    71160768            2       14481.549    284643072   2277144576
    71160768            4       28965.701    569286144   4554289152
    71160768            8       58251.377   1138572288   9108578304
    78276672            1        7965.392    156553344   1252426752
    78276672            2       15938.900    313106688   2504853504
    78276672            4       31851.250    626213376   5009707008
    78276672            8       64807.136   1252426752  10019414016
    86104320            1       10567.705    172208640   1377669120
    86104320            2       20980.760    344417280   2755338240
    86104320            4       37756.529    688834560   5510676480
    86104320            8       70104.320   1377669120  11021352960
    94714752            1        9648.387    189429504   1515436032
    94714752            2       19278.770    378859008   3030872064
    94714752            4       38562.422    757718016   6061744128
    94714752            8       77120.127   1515436032  12123488256
   104186112            1       10611.909    208372224   1666977792
   104186112            2       21197.107    416744448   3333955584
   104186112            4       42613.535    833488896   6667911168
   104186112            8       84979.773   1666977792  13335822336
   114604608            1       11670.403    229209216   1833673728
   114604608            2       23321.814    458418432   3667347456
   114604608            4       46662.858    916836864   7334694912
   114604608            8       93317.880   1833673728  14669389824
   126064896            1       12832.981    252129792   2017038336
   126064896            2       25665.601    504259584   4034076672
   126064896            4       51326.390   1008519168   8068153344
   126064896            8      103726.524   2017038336  16136306688
   138671232            1       14109.180    277342464   2218739712
   138671232            2       28221.376    554684928   4437479424
   138671232            4       56452.577   1109369856   8874958848
   152538240            1       15531.248    305076480   2440611840
   152538240            2       31039.459    610152960   4881223680
   152538240            4       62078.896   1220305920   9762447360
   167792064            1       17067.796    335584128   2684673024
   167792064            2       34142.537    671168256   5369346048
   167792064            4       68387.040   1342336512  10738692096
   184571136            1       18780.935    369142272   2953138176
   184571136            2       37555.395    738284544   5906276352
   184571136            4       75707.082   1476569088  11812552704
   203028096            1       20665.092    406056192   3248449536
   203028096            2       41377.972    812112384   6496899072
   203028096            4       82636.820   1624224768  12993798144
   223330752            1       22726.115    446661504   3573292032
   223330752            2       45416.119    893323008   7146584064
   223330752            4       90900.616   1786646016  14293168128
   245663808            1       25016.026    491327616   3930620928
   245663808            2       50003.179    982655232   7861241856
   245663808            4      101003.278   1965310464  15722483712
   270230016            1       27482.639    540460032   4323680256
   270230016            2       54981.805   1080920064   8647360512
   297252864            1       30236.996    594505728   4756045824
   297252864            2       60469.577   1189011456   9512091648
   326978112            1       33261.600    653956224   5231649792
   326978112            2       66541.934   1307912448  10463299584
   359675904            1       36588.913    719351808   5754814464
   359675904            2       73168.433   1438703616  11509628928
   395643456            1       40316.850    791286912   6330295296
   395643456            2       80537.197   1582573824  12660590592
   435207744            1       44351.882    870415488   6963323904
   435207744            2       88544.708   1740830976  13926647808
   478728384            1       48693.129    957456768   7659654144
   478728384            2       97430.060   1914913536  15319308288
   526601088            1       53556.433   1053202176   8425617408
   526601088            2      108006.286   2106404352  16851234816
   579261120            1       58906.408   1158522240   9268177920
   637187136            1       64811.315   1274374272  10194994176
   700905792            1       71309.510   1401811584  11214492672
   770996352            1       78418.121   1541992704  12335941632
   848095872            1       86262.198   1696191744  13569533952
   932905344            1       94932.843   1865810688  14926485504
  1026195840            1      104386.102   2052391680  16419133440

META_DATA
FLOPS          128
MPI_PROCS      1
OPENMP_THREADS 24
ERT_VERSION  1.1.0
HOSTNAME  ('deepv.deep', [], ['10.2.8.6'])
UNAME  uname_result(system='Linux', node='deepv', release='4.18.0-513.11.1.el8_9.0.1.x86_64', version='#1 SMP Sun Feb 11 10:42:18 UTC 2024', machine='x86_64')
TIMESTAMP_DATA  1710502254.2460897
CONFIG  {'ERT_RESULTS': ['Results.cn.deep.fz-juelich.de.01.gcc2023-O3'], 'ERT_DRIVER': ['driver1'], 'ERT_KERNEL': ['kernel1'], 'ERT_MPI': ['True'], 'ERT_MPI_CFLAGS': ['-I', '/p/software/deep/stages/2023/software/psmpi/5.9.2-1-GCC-11.3.0/include'], 'ERT_MPI_LDFLAGS': ['-L', '/p/software/deep/stages/2023/software/psmpi/5.9.2-1-GCC-11.3.0/lib', '-lmpi'], 'ERT_OPENMP': ['True'], 'ERT_OPENMP_CFLAGS': ['-fopenmp'], 'ERT_OPENMP_LDFLAGS': ['-fopenmp'], 'ERT_FLOPS': ['1,2,4,8,16,64,128'], 'ERT_ALIGN': ['64'], 'ERT_CC': ['mpicxx'], 'ERT_CFLAGS': ['-g', '-O3', '-mavx'], 'ERT_LD': ['mpicxx'], 'ERT_LDFLAGS': [], 'ERT_LDLIBS': [], 'ERT_PRECISION': ['FP64'], 'ERT_RUN': ['export', 'OMP_NUM_THREADS=ERT_OPENMP_THREADS;', 'export', 'OMP_PLACES="cores(ERT_OPENMP_THREADS)";', 'srun', '-p', 'dp-cn', '-n', 'ERT_MPI_PROCS', '-c', '48', '--ntasks-per-node', '1', 'ERT_CODE'], 'ERT_PROCS_THREADS': ['24'], 'ERT_MPI_PROCS': ['1'], 'ERT_OPENMP_THREADS': ['24'], 'ERT_NUM_EXPERIMENTS': ['5'], 'ERT_MEMORY_MAX': ['1073741824'], 'ERT_WORKING_SET_MIN': ['128'], 'ERT_TRIALS_MIN': ['1'], 'ERT_GNUPLOT': ['gnuplot'], 'ERT_GPU': [False], 'ERT_HIP': [False], 'ERT_OCL': [False], 'ERT_SYCL': [False], 'ERT_WSS_MULT': [1.1]}
