fp64
       24576            1           5.141        49152       393216
       24576            2           8.693        98304       786432
       24576            4          13.808       196608      1572864
       24576            8          24.982       393216      3145728
       24576           16          48.899       786432      6291456
       24576           32          89.720      1572864     12582912
       24576           64         171.113      3145728     25165824
       24576          128         338.670      6291456     50331648
       24576          256         641.026     12582912    100663296
       24576          512        1293.083     25165824    201326592
       24576         1024        2558.359     50331648    402653184
       24576         2048        5131.144    100663296    805306368
       24576         4096       10371.877    201326592   1610612736
       24576         8192       20484.036    402653184   3221225472
       24576        16384       40988.624    805306368   6442450944
       24576        32768       81959.144   1610612736  12884901888
       26880            1           4.719        53760       430080
       26880            2           9.210       107520       860160
       26880            4          18.967       215040      1720320
       26880            8          26.766       430080      3440640
       26880           16          54.130       860160      6881280
       26880           32          92.789      1720320     13762560
       26880           64         177.684      3440640     27525120
       26880          128         359.741      6881280     55050240
       26880          256         712.193     13762560    110100480
       26880          512        1412.307     27525120    220200960
       26880         1024        2795.854     55050240    440401920
       26880         2048        5608.834    110100480    880803840
       26880         4096       11203.706    220200960   1761607680
       26880         8192       22416.493    440401920   3523215360
       26880        16384       44802.572    880803840   7046430720
       26880        32768       89640.770   1761607680  14092861440
       29568            1           7.262        59136       473088
       29568            2          11.803       118272       946176
       29568            4          18.493       236544      1892352
       29568            8          31.329       473088      3784704
       29568           16          75.486       946176      7569408
       29568           32         102.888      1892352     15138816
       29568           64         197.782      3784704     30277632
       29568          128         400.411      7569408     60555264
       29568          256         787.943     15138816    121110528
       29568          512        1568.991     30277632    242221056
       29568         1024        3124.390     60555264    484442112
       29568         2048        6242.788    121110528    968884224
       29568         4096       12479.050    242221056   1937768448
       29568         8192       24971.431    484442112   3875536896
       29568        16384       50050.097    968884224   7751073792
       29568        32768       99907.946   1937768448  15502147584
       32448            1           7.433        64896       519168
       32448            2          12.131       129792      1038336
       32448            4          18.526       259584      2076672
       32448            8          33.789       519168      4153344
       32448           16          65.629      1038336      8306688
       32448           32         110.940      2076672     16613376
       32448           64         217.033      4153344     33226752
       32448          128         446.743      8306688     66453504
       32448          256         865.885     16613376    132907008
       32448          512        1717.828     33226752    265814016
       32448         1024        3447.919     66453504    531628032
       32448         2048        6878.278    132907008   1063256064
       32448         4096       13807.466    265814016   2126512128
       32448         8192       29705.371    531628032   4253024256
       32448        16384       57443.101   1063256064   8506048512
       32448        32768      110034.516   2126512128  17012097024
       35520            1           6.711        71040       568320
       35520            2          11.584       142080      1136640
       35520            4          18.858       284160      2273280
       35520            8          35.819       568320      4546560
       35520           16          65.249      1136640      9093120
       35520           32         119.462      2273280     18186240
       35520           64         252.980      4546560     36372480
       35520          128         472.860      9093120     72744960
       35520          256         945.258     18186240    145489920
       35520          512        1884.324     36372480    290979840
       35520         1024        3761.554     72744960    581959680
       35520         2048        7563.869    145489920   1163919360
       35520         4096       15050.865    290979840   2327838720
       35520         8192       31425.092    581959680   4655677440
       35520        16384       60118.929   1163919360   9311354880
       38976            1           7.657        77952       623616
       38976            2          11.094       155904      1247232
       38976            4          20.194       311808      2494464
       38976            8          39.866       623616      4988928
       38976           16          87.158      1247232      9977856
       38976           32         133.064      2494464     19955712
       38976           64         267.550      4988928     39911424
       38976          128         522.035      9977856     79822848
       38976          256        1054.381     19955712    159645696
       38976          512        2082.728     39911424    319291392
       38976         1024        4159.515     79822848    638582784
       38976         2048        8313.526    159645696   1277165568
       38976         4096       16633.515    319291392   2554331136
       38976         8192       33252.584    638582784   5108662272
       38976        16384       66558.390   1277165568  10217324544
       42816            1           8.187        85632       685056
       42816            2          11.351       171264      1370112
       42816            4          22.470       342528      2740224
       42816            8          42.686       685056      5480448
       42816           16          78.084      1370112     10960896
       42816           32         171.807      2740224     21921792
       42816           64         351.922      5480448     43843584
       42816          128         584.356     10960896     87687168
       42816          256        1143.268     21921792    175374336
       42816          512        2291.286     43843584    350748672
       42816         1024        4557.764     87687168    701497344
       42816         2048       10134.767    175374336   1402994688
       42816         4096       18248.898    350748672   2805989376
       42816         8192       36449.352    701497344   5611978752
       42816        16384       72900.135   1402994688  11223957504
       47040            1           9.430        94080       752640
       47040            2          13.460       188160      1505280
       47040            4          23.287       376320      3010560
       47040            8          56.926       752640      6021120
       47040           16         111.482      1505280     12042240
       47040           32         185.163      3010560     24084480
       47040           64         369.639      6021120     48168960
       47040          128         627.425     12042240     96337920
       47040          256        1242.206     24084480    192675840
       47040          512        2487.841     48168960    385351680
       47040         1024        4948.178     96337920    770703360
       47040         2048        9911.381    192675840   1541406720
       47040         4096       19821.028    385351680   3082813440
       47040         8192       39645.729    770703360   6165626880
       47040        16384       80248.442   1541406720  12331253760
       51648            1           7.582       103296       826368
       51648            2          13.908       206592      1652736
       51648            4          25.744       413184      3305472
       51648            8          53.084       826368      6610944
       51648           16          89.263      1652736     13221888
       51648           32         171.856      3305472     26443776
       51648           64         349.449      6610944     52887552
       51648          128         689.936     13221888    105775104
       51648          256        1359.036     26443776    211550208
       51648          512        2724.207     52887552    423100416
       51648         1024        5442.933    105775104    846200832
       51648         2048       10860.189    211550208   1692401664
       51648         4096       21737.046    423100416   3384803328
       51648         8192       43475.084    846200832   6769606656
       51648        16384       87951.852   1692401664  13539213312
       56640            1          10.285       113280       906240
       56640            2          14.673       226560      1812480
       56640            4          29.996       453120      3624960
       56640            8          56.261       906240      7249920
       56640           16          96.437      1812480     14499840
       56640           32         195.165      3624960     28999680
       56640           64         395.352      7249920     57999360
       56640          128         757.557     14499840    115998720
       56640          256        1496.962     28999680    231997440
       56640          512        3004.732     57999360    463994880
       56640         1024        5998.330    115998720    927989760
       56640         2048       11996.009    231997440   1855979520
       56640         4096       23978.282    463994880   3711959040
       56640         8192       47953.543    927989760   7423918080
       56640        16384       95966.319   1855979520  14847836160
       62208            1          11.924       124416       995328
       62208            2          16.766       248832      1990656
       62208            4          30.181       497664      3981312
       62208            8          74.315       995328      7962624
       62208           16         105.632      1990656     15925248
       62208           32         204.156      3981312     31850496
       62208           64         413.931      7962624     63700992
       62208          128         818.152     15925248    127401984
       62208          256        1628.085     31850496    254803968
       62208          512        4626.532     63700992    509607936
       62208         1024        6491.198    127401984   1019215872
       62208         2048       12961.320    254803968   2038431744
       62208         4096       25941.314    509607936   4076863488
       62208         8192       51870.964   1019215872   8153726976
       62208        16384      103659.973   2038431744  16307453952
       68352            1           9.786       136704      1093632
       68352            2          17.691       273408      2187264
       68352            4          34.080       546816      4374528
       68352            8          63.229      1093632      8749056
       68352           16         114.797      2187264     17498112
       68352           32         263.334      4374528     34996224
       68352           64         529.642      8749056     69992448
       68352          128         900.436     17498112    139984896
       68352          256        1778.751     34996224    279969792
       68352          512        3568.810     69992448    559939584
       68352         1024        7240.355    139984896   1119879168
       68352         2048       14249.656    279969792   2239758336
       68352         4096       28484.670    559939584   4479516672
       68352         8192       57998.694   1119879168   8959033344
       75072            1          10.144       150144      1201152
       75072            2          19.739       300288      2402304
       75072            4          38.555       600576      4804608
       75072            8          84.370      1201152      9609216
       75072           16         126.792      2402304     19218432
       75072           32         287.764      4804608     38436864
       75072           64         570.991      9609216     76873728
       75072          128         995.516     19218432    153747456
       75072          256        2091.510     38436864    307494912
       75072          512        3969.789     76873728    614989824
       75072         1024        7924.077    153747456   1229979648
       75072         2048       15830.856    307494912   2459959296
       75072         4096       31683.077    614989824   4919918592
       75072         8192       63350.645   1229979648   9839837184
       82560            1          11.454       165120      1320960
       82560            2          21.149       330240      2641920
       82560            4          40.613       660480      5283840
       82560            8          75.929      1320960     10567680
       82560           16         137.458      2641920     21135360
       82560           32         272.746      5283840     42270720
       82560           64         551.708     10567680     84541440
       82560          128        1086.971     21135360    169082880
       82560          256        2162.206     42270720    338165760
       82560          512        4330.436     84541440    676331520
       82560         1024        8630.512    169082880   1352663040
       82560         2048       17262.776    338165760   2705326080
       82560         4096       34526.128    676331520   5410652160
       82560         8192       70065.733   1352663040  10821304320
       90816            1          12.910       181632      1453056
       90816            2          22.938       363264      2906112
       90816            4          59.903       726528      5812224
       90816            8          81.038      1453056     11624448
       90816           16         152.386      2906112     23248896
       90816           32         303.419      5812224     46497792
       90816           64         605.103     11624448     92995584
       90816          128        1189.679     23248896    185991168
       90816          256        2379.434     46497792    371982336
       90816          512        4760.058     92995584    743964672
       90816         1024        9514.304    185991168   1487929344
       90816         2048       19014.604    371982336   2975858688
       90816         4096       38032.528    743964672   5951717376
       90816         8192       76052.010   1487929344  11903434752
       99840            1          13.957       199680      1597440
       99840            2          24.841       399360      3194880
       99840            4          47.665       798720      6389760
       99840            8          87.109      1597440     12779520
       99840           16         164.186      3194880     25559040
       99840           32         342.776      6389760     51118080
       99840           64         657.148     12779520    102236160
       99840          128        1410.729     25559040    204472320
       99840          256        2598.323     51118080    408944640
       99840          512        5211.244    102236160    817889280
       99840         1024       10396.234    204472320   1635778560
       99840         2048       20798.643    408944640   3271557120
       99840         4096       41585.491    817889280   6543114240
       99840         8192       84211.863   1635778560  13086228480
      109824            1          15.045       219648      1757184
      109824            2          26.860       439296      3514368
      109824            4          51.449       878592      7028736
      109824            8          95.296      1757184     14057472
      109824           16         179.935      3514368     28114944
      109824           32         387.464      7028736     56229888
      109824           64         733.087     14057472    112459776
      109824          128        1429.002     28114944    224919552
      109824          256        2864.841     56229888    449839104
      109824          512        5724.781    112459776    899678208
      109824         1024       11469.651    224919552   1799356416
      109824         2048       22876.621    449839104   3598712832
      109824         4096       45753.391    899678208   7197425664
      109824         8192       91483.419   1799356416  14394851328
      120768            1          14.166       241536      1932288
      120768            2          30.629       483072      3864576
      120768            4          56.797       966144      7729152
      120768            8         102.274      1932288     15458304
      120768           16         199.201      3864576     30916608
      120768           32         399.329      7729152     61833216
      120768           64         795.679     15458304    123666432
      120768          128        1608.891     30916608    247332864
      120768          256        3255.489     61833216    494665728
      120768          512        6316.151    123666432    989331456
      120768         1024       13643.952    247332864   1978662912
      120768         2048       25352.110    494665728   3957325824
      120768         4096       50561.184    989331456   7914651648
      120768         8192      101014.220   1978662912  15829303296
      132672            1          19.200       265344      2122752
      132672            2          34.336       530688      4245504
      132672            4          80.535      1061376      8491008
      132672            8         111.350      2122752     16982016
      132672           16         218.245      4245504     33964032
      132672           32         446.042      8491008     67928064
      132672           64         875.165     16982016    135856128
      132672          128        1756.310     33964032    271712256
      132672          256        3478.081     67928064    543424512
      132672          512        6959.665    135856128   1086849024
      132672         1024       13925.367    271712256   2173698048
      132672         2048       27838.530    543424512   4347396096
      132672         4096       55977.492   1086849024   8694792192
      145920            1          16.719       291840      2334720
      145920            2          35.988       583680      4669440
      145920            4          66.481      1167360      9338880
      145920            8         122.098      2334720     18677760
      145920           16         238.251      4669440     37355520
      145920           32         486.146      9338880     74711040
      145920           64         954.960     18677760    149422080
      145920          128        1892.638     37355520    298844160
      145920          256        3810.569     74711040    597688320
      145920          512        7603.867    149422080   1195376640
      145920         1024       15194.276    298844160   2390753280
      145920         2048       30382.587    597688320   4781506560
      145920         4096       60778.202   1195376640   9563013120
      160512            1          18.511       321024      2568192
      160512            2          38.606       642048      5136384
      160512            4          72.822      1284096     10272768
      160512            8         133.361      2568192     20545536
      160512           16         263.613      5136384     41091072
      160512           32         546.936     10272768     82182144
      160512           64        1048.414     20545536    164364288
      160512          128        2094.390     41091072    328728576
      160512          256        4179.620     82182144    657457152
      160512          512        8355.761    164364288   1314914304
      160512         1024       16719.596    328728576   2629828608
      160512         2048       33435.508    657457152   5259657216
      160512         4096       66846.960   1314914304  10519314432
      176448            1          22.250       352896      2823168
      176448            2          41.663       705792      5646336
      176448            4          80.427      1411584     11292672
      176448            8         146.254      2823168     22585344
      176448           16         335.481      5646336     45170688
      176448           32         640.106     11292672     90341376
      176448           64        1155.501     22585344    180682752
      176448          128        2322.721     45170688    361365504
      176448          256        4615.019     90341376    722731008
      176448          512        9233.550    180682752   1445462016
      176448         1024       18476.428    361365504   2890924032
      176448         2048       37972.813    722731008   5781848064
      176448         4096       73874.264   1445462016  11563696128
      193920            1          23.106       387840      3102720
      193920            2          45.117       775680      6205440
      193920            4          87.046      1551360     12410880
      193920            8         160.983      3102720     24821760
      193920           16         332.188      6205440     49643520
      193920           32         630.532     12410880     99287040
      193920           64        1274.366     24821760    198574080
      193920          128        2524.274     49643520    397148160
      193920          256        5055.216     99287040    794296320
      193920          512       10109.024    198574080   1588592640
      193920         1024       20221.259    397148160   3177185280
      193920         2048       40474.837    794296320   6354370560
      193920         4096       80841.506   1588592640  12708741120
      213312            1          25.422       426624      3412992
      213312            2          48.016       853248      6825984
      213312            4         108.668      1706496     13651968
      213312            8         177.640      3412992     27303936
      213312           16         350.199      6825984     54607872
      213312           32         703.196     13651968    109215744
      213312           64        1393.481     27303936    218431488
      213312          128        2796.200     54607872    436862976
      213312          256        5584.454    109215744    873725952
      213312          512       11150.975    218431488   1747451904
      213312         1024       22299.429    436862976   3494903808
      213312         2048       45563.765    873725952   6989807616
      213312         4096       89671.051   1747451904  13979615232
      234624            1          26.237       469248      3753984
      234624            2          55.231       938496      7507968
      234624            4         101.092      1876992     15015936
      234624            8         193.772      3753984     30031872
      234624           16         385.065      7507968     60063744
      234624           32         772.163     15015936    120127488
      234624           64        1540.086     30031872    240254976
      234624          128        3059.155     60063744    480509952
      234624          256        6114.503    120127488    961019904
      234624          512       12238.019    240254976   1922039808
      234624         1024       24454.236    480509952   3844079616
      234624         2048       48921.160    961019904   7688159232
      234624         4096       97777.101   1922039808  15376318464
      258048            1          27.805       516096      4128768
      258048            2          67.802      1032192      8257536
      258048            4         127.399      2064384     16515072
      258048            8         248.944      4128768     33030144
      258048           16         481.598      8257536     66060288
      258048           32         845.351     16515072    132120576
      258048           64        1675.072     33030144    264241152
      258048          128        3371.301     66060288    528482304
      258048          256        6728.625    132120576   1056964608
      258048          512       13444.382    264241152   2113929216
      258048         1024       26872.503    528482304   4227858432
      258048         2048       53729.982   1056964608   8455716864
      258048         4096      107492.130   2113929216  16911433728
      283776            1          30.922       567552      4540416
      283776            2          63.037      1135104      9080832
      283776            4         120.507      2270208     18161664
      283776            8         231.947      4540416     36323328
      283776           16         477.697      9080832     72646656
      283776           32         928.766     18161664    145293312
      283776           64        1853.023     36323328    290586624
      283776          128        3703.086     72646656    581173248
      283776          256        7398.336    145293312   1162346496
      283776          512       14782.899    290586624   2324692992
      283776         1024       29554.078    581173248   4649385984
      283776         2048       59134.926   1162346496   9298771968
      312000            1          35.437       624000      4992000
      312000            2          68.268      1248000      9984000
      312000            4         132.477      2496000     19968000
      312000            8         255.397      4992000     39936000
      312000           16         532.273      9984000     79872000
      312000           32        1020.228     19968000    159744000
      312000           64        2036.491     39936000    319488000
      312000          128        4067.069     79872000    638976000
      312000          256        8128.296    159744000   1277952000
      312000          512       16260.334    319488000   2555904000
      312000         1024       32524.772    638976000   5111808000
      312000         2048       65036.758   1277952000  10223616000
      343104            1          35.959       686208      5489664
      343104            2          78.481      1372416     10979328
      343104            4         159.240      2744832     21958656
      343104            8         280.508      5489664     43917312
      343104           16         571.112     10979328     87834624
      343104           32        1122.477     21958656    175669248
      343104           64        2237.738     43917312    351338496
      343104          128        4475.180     87834624    702676992
      343104          256        9003.801    175669248   1405353984
      343104          512       17917.674    351338496   2810707968
      343104         1024       35802.901    702676992   5621415936
      343104         2048       71604.998   1405353984  11242831872
      377280            1          40.005       754560      6036480
      377280            2          81.756      1509120     12072960
      377280            4         155.215      3018240     24145920
      377280            8         324.424      6036480     48291840
      377280           16         611.607     12072960     96583680
      377280           32        1229.962     24145920    193167360
      377280           64        2465.620     48291840    386334720
      377280          128        4916.536     96583680    772669440
      377280          256        9833.431    193167360   1545338880
      377280          512       19651.603    386334720   3090677760
      377280         1024       39436.520    772669440   6181355520
      377280         2048       78761.781   1545338880  12362711040
      414912            1          43.228       829824      6638592
      414912            2          91.636      1659648     13277184
      414912            4         172.095      3319296     26554368
      414912            8         354.439      6638592     53108736
      414912           16         673.863     13277184    106217472
      414912           32        1363.537     26554368    212434944
      414912           64        2698.878     53108736    424869888
      414912          128        5415.542    106217472    849739776
      414912          256       10814.684    212434944   1699479552
      414912          512       21617.691    424869888   3398959104
      414912         1024       43240.839    849739776   6797918208
      414912         2048       86487.725   1699479552  13595836416
      456384            1          47.532       912768      7302144
      456384            2         114.407      1825536     14604288
      456384            4         188.786      3651072     29208576
      456384            8         373.018      7302144     58417152
      456384           16         749.737     14604288    116834304
      456384           32        1485.394     29208576    233668608
      456384           64        2978.556     58417152    467337216
      456384          128        5949.035    116834304    934674432
      456384          256       11892.780    233668608   1869348864
      456384          512       23781.747    467337216   3738697728
      456384         1024       47554.584    934674432   7477395456
      456384         2048       95099.252   1869348864  14954790912
      501888            1          54.130      1003776      8030208
      501888            2         107.303      2007552     16060416
      501888            4         206.030      4015104     32120832
      501888            8         423.405      8030208     64241664
      501888           16         821.911     16060416    128483328
      501888           32        1630.496     32120832    256966656
      501888           64        3277.164     64241664    513933312
      501888          128        6532.455    128483328   1027866624
      501888          256       13069.559    256966656   2055733248
      501888          512       26129.428    513933312   4111466496
      501888         1024       52275.540   1027866624   8222932992
      501888         2048      105473.158   2055733248  16445865984
      552000            1          56.687      1104000      8832000
      552000            2         132.997      2208000     17664000
      552000            4         228.987      4416000     35328000
      552000            8         448.693      8832000     70656000
      552000           16         903.774     17664000    141312000
      552000           32        1804.056     35328000    282624000
      552000           64        3603.420     70656000    565248000
      552000          128        7191.293    141312000   1130496000
      552000          256       14378.641    282624000   2260992000
      552000          512       28772.802    565248000   4521984000
      552000         1024       57513.595   1130496000   9043968000
      607104            1          63.335      1214208      9713664
      607104            2         128.235      2428416     19427328
      607104            4         289.679      4856832     38854656
      607104            8         569.960      9713664     77709312
      607104           16         992.037     19427328    155418624
      607104           32        1978.870     38854656    310837248
      607104           64        3957.085     77709312    621674496
      607104          128        7908.919    155418624   1243348992
      607104          256       15819.893    310837248   2486697984
      607104          512       31615.801    621674496   4973395968
      607104         1024       63212.186   1243348992   9946791936
      667776            1          69.230      1335552     10684416
      667776            2         161.846      2671104     21368832
      667776            4         321.124      5342208     42737664
      667776            8         582.907     10684416     85475328
      667776           16        1174.909     21368832    170950656
      667776           32        2174.761     42737664    341901312
      667776           64        4358.926     85475328    683802624
      667776          128        8687.903    170950656   1367605248
      667776          256       17492.514    341901312   2735210496
      667776          512       34810.058    683802624   5470420992
      667776         1024       69576.192   1367605248  10940841984
      734400            1          76.036      1468800     11750400
      734400            2         154.286      2937600     23500800
      734400            4         300.786      5875200     47001600
      734400            8         635.675     11750400     94003200
      734400           16        1625.040     23500800    188006400
      734400           32        2909.217     47001600    376012800
      734400           64        4787.909     94003200    752025600
      734400          128        9571.632    188006400   1504051200
      734400          256       19221.491    376012800   3008102400
      734400          512       38243.917    752025600   6016204800
      734400         1024       76503.743   1504051200  12032409600
      807744            1          83.212      1615488     12923904
      807744            2         168.312      3230976     25847808
      807744            4         347.220      6461952     51695616
      807744            8         654.377     12923904    103391232
      807744           16        1327.602     25847808    206782464
      807744           32        2628.006     51695616    413564928
      807744           64        5276.157    103391232    827129856
      807744          128       10538.596    206782464   1654259712
      807744          256       21060.757    413564928   3308519424
      807744          512       42115.262    827129856   6617038848
      807744         1024       84234.190   1654259712  13234077696
      888384            1          90.789      1776768     14214144
      888384            2         185.816      3553536     28428288
      888384            4         364.238      7107072     56856576
      888384            8         738.463     14214144    113713152
      888384           16        1455.098     28428288    227426304
      888384           32        2897.152     56856576    454852608
      888384           64        5787.541    113713152    909705216
      888384          128       11570.641    227426304   1819410432
      888384          256       23124.221    454852608   3638820864
      888384          512       46241.766    909705216   7277641728
      888384         1024       92498.905   1819410432  14555283456
      977088            1         102.094      1954176     15633408
      977088            2         202.848      3908352     31266816
      977088            4         413.382      7816704     62533632
      977088            8         802.480     15633408    125067264
      977088           16        1701.028     31266816    250134528
      977088           32        3190.981     62533632    500269056
      977088           64        6358.015    125067264   1000538112
      977088          128       12720.993    250134528   2001076224
      977088          256       25427.609    500269056   4002152448
      977088          512       50878.722   1000538112   8004304896
      977088         1024      101734.337   2001076224  16008609792
     1074624            1         109.551      2149248     17193984
     1074624            2         261.939      4298496     34387968
     1074624            4         526.606      8596992     68775936
     1074624            8         878.329     17193984    137551872
     1074624           16        1754.749     34387968    275103744
     1074624           32        3495.412     68775936    550207488
     1074624           64        6996.016    137551872   1100414976
     1074624          128       13986.245    275103744   2200829952
     1074624          256       27974.350    550207488   4401659904
     1074624          512       55940.206   1100414976   8803319808
     1181952            1         119.963      2363904     18911232
     1181952            2         263.208      4727808     37822464
     1181952            4         480.655      9455616     75644928
     1181952            8         978.194     18911232    151289856
     1181952           16        1928.263     37822464    302579712
     1181952           32        3852.466     75644928    605159424
     1181952           64        7700.105    151289856   1210318848
     1181952          128       15383.529    302579712   2420637696
     1181952          256       30796.575    605159424   4841275392
     1181952          512       61555.064   1210318848   9682550784
     1300032            1         132.269      2600064     20800512
     1300032            2         268.200      5200128     41601024
     1300032            4         542.788     10400256     83202048
     1300032            8        1064.557     20800512    166404096
     1300032           16        2118.939     41601024    332808192
     1300032           32        4229.664     83202048    665616384
     1300032           64        8456.134    166404096   1331232768
     1300032          128       16920.502    332808192   2662465536
     1300032          256       33839.131    665616384   5324931072
     1300032          512       67688.066   1331232768  10649862144
     1430016            1         144.849      2860032     22880256
     1430016            2         310.797      5720064     45760512
     1430016            4         581.365     11440128     91521024
     1430016            8        1164.353     22880256    183042048
     1430016           16        2336.041     45760512    366084096
     1430016           32        4649.564     91521024    732168192
     1430016           64        9315.366    183042048   1464336384
     1430016          128       18605.698    366084096   2928672768
     1430016          256       37282.807    732168192   5857345536
     1430016          512       75398.756   1464336384  11714691072
     1572864            1         177.381      3145728     25165824
     1572864            2         322.795      6291456     50331648
     1572864            4         648.713     12582912    100663296
     1572864            8        1280.352     25165824    201326592
     1572864           16        2556.280     50331648    402653184
     1572864           32        5130.240    100663296    805306368
     1572864           64       10235.036    201326592   1610612736
     1572864          128       20467.550    402653184   3221225472
     1572864          256       40946.280    805306368   6442450944
     1572864          512       81891.712   1610612736  12884901888
     1730112            1         194.343      3460224     27681792
     1730112            2         354.610      6920448     55363584
     1730112            4         713.838     13840896    110727168
     1730112            8        1405.934     27681792    221454336
     1730112           16        2820.188     55363584    442908672
     1730112           32        5636.460    110727168    885817344
     1730112           64       11255.796    221454336   1771634688
     1730112          128       22510.671    442908672   3543269376
     1730112          256       45029.141    885817344   7086538752
     1730112          512       90021.832   1771634688  14173077504
     1903104            1         193.853      3806208     30449664
     1903104            2         389.583      7612416     60899328
     1903104            4         783.800     15224832    121798656
     1903104            8        1557.750     30449664    243597312
     1903104           16        3098.295     60899328    487194624
     1903104           32        6194.302    121798656    974389248
     1903104           64       12402.078    243597312   1948778496
     1903104          128       24775.072    487194624   3897556992
     1903104          256       49551.603    974389248   7795113984
     1903104          512       99115.831   1948778496  15590227968
     2093376            1         213.084      4186752     33494016
     2093376            2         444.888      8373504     66988032
     2093376            4         857.778     16747008    133976064
     2093376            8        1698.984     33494016    267952128
     2093376           16        3414.240     66988032    535904256
     2093376           32        6814.347    133976064   1071808512
     2093376           64       13614.757    267952128   2143617024
     2093376          128       27257.987    535904256   4287234048
     2093376          256       54467.329   1071808512   8574468096
     2093376          512      108930.401   2143617024  17148936192
     2302656            1         252.081      4605312     36842496
     2302656            2         485.411      9210624     73684992
     2302656            4         942.585     18421248    147369984
     2302656            8        1878.479     36842496    294739968
     2302656           16        3751.299     73684992    589479936
     2302656           32        7496.644    147369984   1178959872
     2302656           64       14979.022    294739968   2357919744
     2302656          128       29954.318    589479936   4715839488
     2302656          256       59971.194   1178959872   9431678976
     2532864            1         260.103      5065728     40525824
     2532864            2         514.955     10131456     81051648
     2532864            4        1033.248     20262912    162103296
     2532864            8        2061.847     40525824    324206592
     2532864           16        4133.019     81051648    648413184
     2532864           32        8243.949    162103296   1296826368
     2532864           64       16480.738    324206592   2593652736
     2532864          128       32975.538    648413184   5187305472
     2532864          256       65935.341   1296826368  10374610944
     2786112            1         284.671      5572224     44577792
     2786112            2         565.555     11144448     89155584
     2786112            4        1147.318     22288896    178311168
     2786112            8        2279.366     44577792    356622336
     2786112           16        4532.688     89155584    713244672
     2786112           32        9069.167    178311168   1426489344
     2786112           64       18147.637    356622336   2852978688
     2786112          128       36268.369    713244672   5705957376
     2786112          256       72545.125   1426489344  11411914752
     3064704            1         313.246      6129408     49035264
     3064704            2         637.349     12258816     98070528
     3064704            4        1249.155     24517632    196141056
     3064704            8        2491.715     49035264    392282112
     3064704           16        4989.857     98070528    784564224
     3064704           32        9972.941    196141056   1569128448
     3064704           64       19954.575    392282112   3138256896
     3064704          128       39890.812    784564224   6276513792
     3064704          256       79864.242   1569128448  12553027584
     3371136            1         361.024      6742272     53938176
     3371136            2         695.388     13484544    107876352
     3371136            4        1370.858     26969088    215752704
     3371136            8        2748.709     53938176    431505408
     3371136           16        5479.797    107876352    863010816
     3371136           32       10971.144    215752704   1726021632
     3371136           64       21939.778    431505408   3452043264
     3371136          128       43875.587    863010816   6904086528
     3371136          256       87819.734   1726021632  13808173056
     3708096            1         374.384      7416192     59329536
     3708096            2         769.304     14832384    118659072
     3708096            4        1517.798     29664768    237318144
     3708096            8        3019.383     59329536    474636288
     3708096           16        6031.099    118659072    949272576
     3708096           32       12061.769    237318144   1898545152
     3708096           64       24416.054    474636288   3797090304
     3708096          128       48285.714    949272576   7594180608
     3708096          256       96428.761   1898545152  15188361216
     4078848            1         429.167      8157696     65261568
     4078848            2         838.078     16315392    130523136
     4078848            4        1656.944     32630784    261046272
     4078848            8        3332.719     65261568    522092544
     4078848           16        6643.599    130523136   1044185088
     4078848           32       13283.536    261046272   2088370176
     4078848           64       26653.166    522092544   4176740352
     4078848          128       53082.731   1044185088   8353480704
     4078848          256      106165.595   2088370176  16706961408
     4486656            1         455.713      8973312     71786496
     4486656            2         921.922     17946624    143572992
     4486656            4        1832.370     35893248    287145984
     4486656            8        3656.606     71786496    574291968
     4486656           16        7298.905    143572992   1148583936
     4486656           32       14617.072    287145984   2297167872
     4486656           64       29199.688    574291968   4594335744
     4486656          128       58385.219   1148583936   9188671488
     4935168            1         500.479      9870336     78962688
     4935168            2        1116.789     19740672    157925376
     4935168            4        2010.462     39481344    315850752
     4935168            8        4015.698     78962688    631701504
     4935168           16        8029.747    157925376   1263403008
     4935168           32       16055.343    315850752   2526806016
     4935168           64       32113.313    631701504   5053612032
     4935168          128       64237.058   1263403008  10107224064
     5428608            1         549.558     10857216     86857728
     5428608            2        1217.870     21714432    173715456
     5428608            4        2209.415     43428864    347430912
     5428608            8        4412.870     86857728    694861824
     5428608           16        8834.864    173715456   1389723648
     5428608           32       17666.923    347430912   2779447296
     5428608           64       35317.316    694861824   5558894592
     5428608          128       70646.571   1389723648  11117789184
     5971392            1         619.825     11942784     95542272
     5971392            2        1218.334     23885568    191084544
     5971392            4        2426.927     47771136    382169088
     5971392            8        4857.987     95542272    764338176
     5971392           16        9715.474    191084544   1528676352
     5971392           32       19414.050    382169088   3057352704
     5971392           64       38832.557    764338176   6114705408
     5971392          128       77749.047   1528676352  12229410816
     6568512            1         681.231     13137024    105096192
     6568512            2        1339.685     26274048    210192384
     6568512            4        2680.680     52548096    420384768
     6568512            8        5344.084    105096192    840769536
     6568512           16       10692.711    210192384   1681539072
     6568512           32       21371.634    420384768   3363078144
     6568512           64       42769.284    840769536   6726156288
     6568512          128       85477.488   1681539072  13452312576
     7225344            1         746.924     14450688    115605504
     7225344            2        1471.445     28901376    231211008
     7225344            4        2941.306     57802752    462422016
     7225344            8        5878.855    115605504    924844032
     7225344           16       11773.678    231211008   1849688064
     7225344           32       23503.933    462422016   3699376128
     7225344           64       47019.275    924844032   7398752256
     7225344          128       94090.513   1849688064  14797504512
     7947840            1         805.331     15895680    127165440
     7947840            2        1625.600     31791360    254330880
     7947840            4        3236.688     63582720    508661760
     7947840            8        6472.405    127165440   1017323520
     7947840           16       12930.326    254330880   2034647040
     7947840           32       25871.516    508661760   4069294080
     7947840           64       51885.347   1017323520   8138588160
     7947840          128      103422.870   2034647040  16277176320
     8742528            1         901.163     17485056    139880448
     8742528            2        1786.295     34970112    279760896
     8742528            4        3552.661     69940224    559521792
     8742528            8        7119.993    139880448   1119043584
     8742528           16       14218.651    279760896   2238087168
     8742528           32       28434.096    559521792   4476174336
     8742528           64       56877.465   1119043584   8952348672
     9616704            1         988.999     19233408    153867264
     9616704            2        1962.824     38466816    307734528
     9616704            4        3913.060     76933632    615469056
     9616704            8        7827.102    153867264   1230938112
     9616704           16       15649.479    307734528   2461876224
     9616704           32       31278.346    615469056   4923752448
     9616704           64       62579.156   1230938112   9847504896
    10578240            1        1083.186     21156480    169251840
    10578240            2        2156.046     42312960    338503680
    10578240            4        4300.349     84625920    677007360
    10578240            8        8612.595    169251840   1354014720
    10578240           16       17207.353    338503680   2708029440
    10578240           32       35473.632    677007360   5416058880
    10578240           64       68992.955   1354014720  10832117760
    11635968            1        1316.850     23271936    186175488
    11635968            2        2381.855     46543872    372350976
    11635968            4        4726.300     93087744    744701952
    11635968            8        9476.588    186175488   1489403904
    11635968           16       18982.841    372350976   2978807808
    11635968           32       37859.536    744701952   5957615616
    11635968           64       75695.516   1489403904  11915231232
    12799488            1        1305.276     25598976    204791808
    12799488            2        2612.027     51197952    409583616
    12799488            4        5206.429    102395904    819167232
    12799488            8       10405.447    204791808   1638334464
    12799488           16       20821.758    409583616   3276668928
    12799488           32       41653.554    819167232   6553337856
    12799488           64       83262.268   1638334464  13106675712
    14079360            1        1448.005     28158720    225269760
    14079360            2        2870.274     56317440    450539520
    14079360            4        5730.375    112634880    901079040
    14079360            8       11458.542    225269760   1802158080
    14079360           16       22906.330    450539520   3604316160
    14079360           32       46814.913    901079040   7208632320
    14079360           64       91593.930   1802158080  14417264640
    15487296            1        1573.796     30974592    247796736
    15487296            2        3151.960     61949184    495593472
    15487296            4        6307.472    123898368    991186944
    15487296            8       12587.145    247796736   1982373888
    15487296           16       25181.211    495593472   3964747776
    15487296           32       50382.872    991186944   7929495552
    15487296           64      100740.736   1982373888  15858991104
    17035968            1        1729.048     34071936    272575488
    17035968            2        3473.815     68143872    545150976
    17035968            4        6927.440    136287744   1090301952
    17035968            8       13846.598    272575488   2180603904
    17035968           16       27691.805    545150976   4361207808
    17035968           32       55363.651   1090301952   8722415616
    18739392            1        1919.097     37478784    299830272
    18739392            2        4837.997     74957568    599660544
    18739392            4        7618.697    149915136   1199321088
    18739392            8       15237.247    299830272   2398642176
    18739392           16       30443.455    599660544   4797284352
    18739392           32       61011.426   1199321088   9594568704
    20613312            1        2106.757     41226624    329812992
    20613312            2        4208.553     82453248    659625984
    20613312            4        8416.689    164906496   1319251968
    20613312            8       16762.275    329812992   2638503936
    20613312           16       33487.772    659625984   5277007872
    20613312           32       66979.964   1319251968  10554015744
    22674624            1        2307.588     45349248    362793984
    22674624            2        4608.972     90698496    725587968
    22674624            4        9221.168    181396992   1451175936
    22674624            8       18420.853    362793984   2902351872
    22674624           16       36856.253    725587968   5804703744
    22674624           32       73684.250   1451175936  11609407488
    24941952            1        2548.751     49883904    399071232
    24941952            2        5071.988     99767808    798142464
    24941952            4       10137.240    199535616   1596284928
    24941952            8       20266.791    399071232   3192569856
    24941952           16       41557.084    798142464   6385139712
    24941952           32       81054.909   1596284928  12770279424
    27436032            1        2796.735     54872064    438976512
    27436032            2        5575.741    109744128    877953024
    27436032            4       11152.035    219488256   1755906048
    27436032            8       22303.400    438976512   3511812096
    27436032           16       44589.985    877953024   7023624192
    27436032           32       89173.331   1755906048  14047248384
    30179520            1        3071.860     60359040    482872320
    30179520            2        6134.085    120718080    965744640
    30179520            4       12264.810    241436160   1931489280
    30179520            8       24531.550    482872320   3862978560
    30179520           16       49031.448    965744640   7725957120
    30179520           32       98398.236   1931489280  15451914240
    33197376            1        3390.559     66394752    531158016
    33197376            2        6753.784    132789504   1062316032
    33197376            4       13485.751    265579008   2124632064
    33197376            8       26977.962    531158016   4249264128
    33197376           16       54014.372   1062316032   8498528256
    33197376           32      108006.471   2124632064  16997056512
    36517056            1        3723.115     73034112    584272896
    36517056            2        7425.569    146068224   1168545792
    36517056            4       14844.170    292136448   2337091584
    36517056            8       29681.966    584272896   4674183168
    36517056           16       59353.845   1168545792   9348366336
    40168704            1        4086.024     80337408    642699264
    40168704            2        8175.287    160674816   1285398528
    40168704            4       16321.866    321349632   2570797056
    40168704            8       32658.874    642699264   5141594112
    40168704           16       65277.071   1285398528  10283188224
    44185536            1        4504.980     88371072    706968576
    44185536            2        8982.816    176742144   1413937152
    44185536            4       17960.088    353484288   2827874304
    44185536            8       36963.366    706968576   5655748608
    44185536           16       71833.007   1413937152  11311497216
    48604032            1        4945.517     97208064    777664512
    48604032            2        9887.718    194416128   1555329024
    48604032            4       19755.930    388832256   3110658048
    48604032            8       39520.365    777664512   6221316096
    48604032           16       79017.198   1555329024  12442632192
    53464320            1        5451.979    106928640    855429120
    53464320            2       10877.507    213857280   1710858240
    53464320            4       21734.981    427714560   3421716480
    53464320            8       43483.634    855429120   6843432960
    53464320           16       86950.033   1710858240  13686865920
    58810752            1        5990.554    117621504    940972032
    58810752            2       11967.121    235243008   1881944064
    58810752            4       23920.330    470486016   3763888128
    58810752            8       48441.592    940972032   7527776256
    58810752           16       96720.336   1881944064  15055552512
    64691712            1        6610.432    129383424   1035067392
    64691712            2       13168.090    258766848   2070134784
    64691712            4       26325.929    517533696   4140269568
    64691712            8       52635.438   1035067392   8280539136
    64691712           16      105264.951   2070134784  16561078272
    71160768            1        7237.227    142321536   1138572288
    71160768            2       14481.185    284643072   2277144576
    71160768            4       28955.774    569286144   4554289152
    71160768            8       57914.457   1138572288   9108578304
    78276672            1        7970.500    156553344   1252426752
    78276672            2       15934.531    313106688   2504853504
    78276672            4       31957.709    626213376   5009707008
    78276672            8       63705.090   1252426752  10019414016
    86104320            1        8770.612    172208640   1377669120
    86104320            2       17519.096    344417280   2755338240
    86104320            4       35036.492    688834560   5510676480
    86104320            8       71097.736   1377669120  11021352960
    94714752            1        9634.107    189429504   1515436032
    94714752            2       19305.065    378859008   3030872064
    94714752            4       38533.609    757718016   6061744128
    94714752            8       77103.636   1515436032  12123488256
   104186112            1       10595.427    208372224   1666977792
   104186112            2       21530.381    416744448   3333955584
   104186112            4       42418.867    833488896   6667911168
   104186112            8       84862.576   1666977792  13335822336
   114604608            1       11653.234    229209216   1833673728
   114604608            2       23322.217    458418432   3667347456
   114604608            4       46619.591    916836864   7334694912
   114604608            8       93261.884   1833673728  14669389824
   126064896            1       12828.490    252129792   2017038336
   126064896            2       25656.976    504259584   4034076672
   126064896            4       52288.078   1008519168   8068153344
   126064896            8      102566.203   2017038336  16136306688
   138671232            1       14102.210    277342464   2218739712
   138671232            2       28203.969    554684928   4437479424
   138671232            4       56427.920   1109369856   8874958848
   152538240            1       15509.881    305076480   2440611840
   152538240            2       31037.498    610152960   4881223680
   152538240            4       62047.003   1220305920   9762447360
   167792064            1       17063.849    335584128   2684673024
   167792064            2       34154.121    671168256   5369346048
   167792064            4       68254.534   1342336512  10738692096
   184571136            1       18786.202    369142272   2953138176
   184571136            2       37565.521    738284544   5906276352
   184571136            4       75396.906   1476569088  11812552704
   203028096            1       20639.807    406056192   3248449536
   203028096            2       41310.891    812112384   6496899072
   203028096            4       82704.950   1624224768  12993798144
   223330752            1       22705.282    446661504   3573292032
   223330752            2       46314.625    893323008   7146584064
   223330752            4       90849.965   1786646016  14293168128
   245663808            1       24993.428    491327616   3930620928
   245663808            2       49965.416    982655232   7861241856
   245663808            4       99918.355   1965310464  15722483712
   270230016            1       27497.439    540460032   4323680256
   270230016            2       54954.466   1080920064   8647360512
   297252864            1       30237.922    594505728   4756045824
   297252864            2       60477.125   1189011456   9512091648
   326978112            1       34279.481    653956224   5231649792
   326978112            2       66606.173   1307912448  10463299584
   359675904            1       36588.513    719351808   5754814464
   359675904            2       73155.087   1438703616  11509628928
   395643456            1       40234.788    791286912   6330295296
   395643456            2       80469.140   1582573824  12660590592
   435207744            1       44374.234    870415488   6963323904
   435207744            2       88541.418   1740830976  13926647808
   478728384            1       48681.031    957456768   7659654144
   478728384            2       97430.438   1914913536  15319308288
   526601088            1       53571.430   1053202176   8425617408
   526601088            2      108110.772   2106404352  16851234816
   579261120            1       58887.891   1158522240   9268177920
   637187136            1       64804.130   1274374272  10194994176
   700905792            1       71282.827   1401811584  11214492672
   770996352            1       78395.168   1541992704  12335941632
   848095872            1       86238.949   1696191744  13569533952
   932905344            1       96933.746   1865810688  14926485504
  1026195840            1      125235.470   2052391680  16419133440

META_DATA
FLOPS          128
MPI_PROCS      1
OPENMP_THREADS 24
ERT_VERSION  1.1.0
HOSTNAME  ('deepv.deep', [], ['10.2.8.6'])
UNAME  uname_result(system='Linux', node='deepv', release='4.18.0-513.11.1.el8_9.0.1.x86_64', version='#1 SMP Sun Feb 11 10:42:18 UTC 2024', machine='x86_64')
TIMESTAMP_DATA  1710502209.7930796
CONFIG  {'ERT_RESULTS': ['Results.cn.deep.fz-juelich.de.01.gcc2023-O3'], 'ERT_DRIVER': ['driver1'], 'ERT_KERNEL': ['kernel1'], 'ERT_MPI': ['True'], 'ERT_MPI_CFLAGS': ['-I', '/p/software/deep/stages/2023/software/psmpi/5.9.2-1-GCC-11.3.0/include'], 'ERT_MPI_LDFLAGS': ['-L', '/p/software/deep/stages/2023/software/psmpi/5.9.2-1-GCC-11.3.0/lib', '-lmpi'], 'ERT_OPENMP': ['True'], 'ERT_OPENMP_CFLAGS': ['-fopenmp'], 'ERT_OPENMP_LDFLAGS': ['-fopenmp'], 'ERT_FLOPS': ['1,2,4,8,16,64,128'], 'ERT_ALIGN': ['64'], 'ERT_CC': ['mpicxx'], 'ERT_CFLAGS': ['-g', '-O3', '-mavx'], 'ERT_LD': ['mpicxx'], 'ERT_LDFLAGS': [], 'ERT_LDLIBS': [], 'ERT_PRECISION': ['FP64'], 'ERT_RUN': ['export', 'OMP_NUM_THREADS=ERT_OPENMP_THREADS;', 'export', 'OMP_PLACES="cores(ERT_OPENMP_THREADS)";', 'srun', '-p', 'dp-cn', '-n', 'ERT_MPI_PROCS', '-c', '48', '--ntasks-per-node', '1', 'ERT_CODE'], 'ERT_PROCS_THREADS': ['24'], 'ERT_MPI_PROCS': ['1'], 'ERT_OPENMP_THREADS': ['24'], 'ERT_NUM_EXPERIMENTS': ['5'], 'ERT_MEMORY_MAX': ['1073741824'], 'ERT_WORKING_SET_MIN': ['128'], 'ERT_TRIALS_MIN': ['1'], 'ERT_GNUPLOT': ['gnuplot'], 'ERT_GPU': [False], 'ERT_HIP': [False], 'ERT_OCL': [False], 'ERT_SYCL': [False], 'ERT_WSS_MULT': [1.1]}
