fp64
       24576            1           6.411        49152       393216
       24576            2           8.279        98304       786432
       24576            4          12.978       196608      1572864
       24576            8          25.472       393216      3145728
       24576           16          50.002       786432      6291456
       24576           32          92.538      1572864     12582912
       24576           64         161.983      3145728     25165824
       24576          128         340.579      6291456     50331648
       24576          256         638.545     12582912    100663296
       24576          512        1292.436     25165824    201326592
       24576         1024        2566.389     50331648    402653184
       24576         2048        5132.399    100663296    805306368
       24576         4096       10250.656    201326592   1610612736
       24576         8192       20491.357    402653184   3221225472
       24576        16384       40970.384    805306368   6442450944
       24576        32768       84869.990   1610612736  12884901888
       26880            1           5.678        53760       430080
       26880            2          16.418       107520       860160
       26880            4          19.898       215040      1720320
       26880            8          38.333       430080      3440640
       26880           16          73.749       860160      6881280
       26880           32         127.453      1720320     13762560
       26880           64         254.822      3440640     27525120
       26880          128         573.999      6881280     55050240
       26880          256        1028.565     13762560    110100480
       26880          512        1998.891     27525120    220200960
       26880         1024        3883.087     55050240    440401920
       26880         2048        6802.327    110100480    880803840
       26880         4096       12379.223    220200960   1761607680
       26880         8192       24098.353    440401920   3523215360
       26880        16384       44838.659    880803840   7046430720
       26880        32768       89621.504   1761607680  14092861440
       29568            1           6.862        59136       473088
       29568            2          10.320       118272       946176
       29568            4          16.949       236544      1892352
       29568            8          30.952       473088      3784704
       29568           16          56.101       946176      7569408
       29568           32         101.856      1892352     15138816
       29568           64         196.600      3784704     30277632
       29568          128         404.653      7569408     60555264
       29568          256         787.258     15138816    121110528
       29568          512        1573.598     30277632    242221056
       29568         1024        3269.494     60555264    484442112
       29568         2048        6252.708    121110528    968884224
       29568         4096       12482.250    242221056   1937768448
       29568         8192       24971.733    484442112   3875536896
       29568        16384       49943.983    968884224   7751073792
       29568        32768       99870.431   1937768448  15502147584
       32448            1           6.930        64896       519168
       32448            2          10.082       129792      1038336
       32448            4          17.555       259584      2076672
       32448            8          33.188       519168      4153344
       32448           16          61.020      1038336      8306688
       32448           32         110.209      2076672     16613376
       32448           64         234.263      4153344     33226752
       32448          128         429.086      8306688     66453504
       32448          256         873.680     16613376    132907008
       32448          512        1730.548     33226752    265814016
       32448         1024        3437.684     66453504    531628032
       32448         2048        6880.724    132907008   1063256064
       32448         4096       13755.886    265814016   2126512128
       32448         8192       27524.607    531628032   4253024256
       32448        16384       59718.103   1063256064   8506048512
       32448        32768      110014.241   2126512128  17012097024
       35520            1           6.902        71040       568320
       35520            2          14.322       142080      1136640
       35520            4          21.959       284160      2273280
       35520            8          52.438       568320      4546560
       35520           16          67.317      1136640      9093120
       35520           32         120.358      2273280     18186240
       35520           64         236.861      4546560     36372480
       35520          128         487.593      9093120     72744960
       35520          256         945.729     18186240    145489920
       35520          512        1887.637     36372480    290979840
       35520         1024        3762.982     72744960    581959680
       35520         2048        7592.259    145489920   1163919360
       35520         4096       15087.945    290979840   2327838720
       35520         8192       31363.551    581959680   4655677440
       35520        16384       60236.758   1163919360   9311354880
       38976            1           6.186        77952       623616
       38976            2          10.967       155904      1247232
       38976            4          21.075       311808      2494464
       38976            8          38.512       623616      4988928
       38976           16          71.104      1247232      9977856
       38976           32         133.028      2494464     19955712
       38976           64         261.008      4988928     39911424
       38976          128         553.522      9977856     79822848
       38976          256        1052.570     19955712    159645696
       38976          512        2083.837     39911424    319291392
       38976         1024        4162.113     79822848    638582784
       38976         2048        8316.169    159645696   1277165568
       38976         4096       16644.435    319291392   2554331136
       38976         8192       33269.270    638582784   5108662272
       38976        16384       66534.064   1277165568  10217324544
       42816            1           6.740        85632       685056
       42816            2          12.481       171264      1370112
       42816            4          23.113       342528      2740224
       42816            8          43.938       685056      5480448
       42816           16          74.813      1370112     10960896
       42816           32        1159.497      2740224     21921792
       42816           64         288.986      5480448     43843584
       42816          128         578.758     10960896     87687168
       42816          256        1143.342     21921792    175374336
       42816          512        2280.221     43843584    350748672
       42816         1024        4562.897     87687168    701497344
       42816         2048        9162.571    175374336   1402994688
       42816         4096       18230.993    350748672   2805989376
       42816         8192       36458.385    701497344   5611978752
       42816        16384       72905.424   1402994688  11223957504
       47040            1           5.773        94080       752640
       47040            2          12.595       188160      1505280
       47040            4          24.974       376320      3010560
       47040            8          50.044       752640      6021120
       47040           16          80.795      1505280     12042240
       47040           32         156.671      3010560     24084480
       47040           64         322.161      6021120     48168960
       47040          128         635.300     12042240     96337920
       47040          256        1243.121     24084480    192675840
       47040          512        2488.758     48168960    385351680
       47040         1024        4960.025     96337920    770703360
       47040         2048        9913.741    192675840   1541406720
       47040         4096       19815.724    385351680   3082813440
       47040         8192       40625.196    770703360   6165626880
       47040        16384       79271.414   1541406720  12331253760
       51648            1           8.821       103296       826368
       51648            2          16.342       206592      1652736
       51648            4          26.034       413184      3305472
       51648            8          52.105       826368      6610944
       51648           16          88.265      1652736     13221888
       51648           32         171.486      3305472     26443776
       51648           64         352.682      6610944     52887552
       51648          128         692.489     13221888    105775104
       51648          256        1361.933     26443776    211550208
       51648          512        2724.586     52887552    423100416
       51648         1024        5470.249    105775104    846200832
       51648         2048       10876.085    211550208   1692401664
       51648         4096       21734.595    423100416   3384803328
       51648         8192       43488.266    846200832   6769606656
       51648        16384       87847.351   1692401664  13539213312
       56640            1           9.398       113280       906240
       56640            2          15.542       226560      1812480
       56640            4          28.960       453120      3624960
       56640            8          56.259       906240      7249920
       56640           16          96.785      1812480     14499840
       56640           32         188.735      3624960     28999680
       56640           64         401.637      7249920     57999360
       56640          128         763.585     14499840    115998720
       56640          256        1501.791     28999680    231997440
       56640          512        3009.153     57999360    463994880
       56640         1024        5997.303    115998720    927989760
       56640         2048       12022.741    231997440   1855979520
       56640         4096       23991.080    463994880   3711959040
       56640         8192       47956.671    927989760   7423918080
       56640        16384       97356.688   1855979520  14847836160
       62208            1           9.007       124416       995328
       62208            2          15.776       248832      1990656
       62208            4          29.456       497664      3981312
       62208            8          60.496       995328      7962624
       62208           16         104.115      1990656     15925248
       62208           32         204.714      3981312     31850496
       62208           64         430.153      7962624     63700992
       62208          128         813.049     15925248    127401984
       62208          256        1628.547     31850496    254803968
       62208          512        3242.751     63700992    509607936
       62208         1024        6490.826    127401984   1019215872
       62208         2048       12962.535    254803968   2038431744
       62208         4096       25960.081    509607936   4076863488
       62208         8192       51892.784   1019215872   8153726976
       62208        16384      104662.914   2038431744  16307453952
       68352            1           8.645       136704      1093632
       68352            2          17.278       273408      2187264
       68352            4          33.869       546816      4374528
       68352            8          63.492      1093632      8749056
       68352           16         113.303      2187264     17498112
       68352           32         223.753      4374528     34996224
       68352           64         473.995      8749056     69992448
       68352          128         895.818     17498112    139984896
       68352          256        1777.722     34996224    279969792
       68352          512        3570.189     69992448    559939584
       68352         1024        7120.334    139984896   1119879168
       68352         2048       14239.823    279969792   2239758336
       68352         4096       28481.869    559939584   4479516672
       68352         8192       56980.110   1119879168   8959033344
       75072            1          11.162       150144      1201152
       75072            2          20.130       300288      2402304
       75072            4          37.449       600576      4804608
       75072            8          67.653      1201152      9609216
       75072           16         125.882      2402304     19218432
       75072           32         269.267      4804608     38436864
       75072           64         498.400      9609216     76873728
       75072          128         995.544     19218432    153747456
       75072          256        1987.461     38436864    307494912
       75072          512        3964.691     76873728    614989824
       75072         1024        8014.484    153747456   1229979648
       75072         2048       15842.513    307494912   2459959296
       75072         4096       31681.568    614989824   4919918592
       75072         8192       63346.250   1229979648   9839837184
       82560            1          11.984       165120      1320960
       82560            2          20.115       330240      2641920
       82560            4          41.453       660480      5283840
       82560            8          73.419      1320960     10567680
       82560           16         154.920      2641920     21135360
       82560           32         284.537      5283840     42270720
       82560           64         620.107     10567680     84541440
       82560          128        1097.715     21135360    169082880
       82560          256        2161.161     42270720    338165760
       82560          512        4315.909     84541440    676331520
       82560         1024        8639.779    169082880   1352663040
       82560         2048       17283.560    338165760   2705326080
       82560         4096       34538.917    676331520   5410652160
       82560         8192       69045.850   1352663040  10821304320
       90816            1          10.912       181632      1453056
       90816            2          23.248       363264      2906112
       90816            4          44.091       726528      5812224
       90816            8          81.076      1453056     11624448
       90816           16         151.251      2906112     23248896
       90816           32         298.892      5812224     46497792
       90816           64         618.273     11624448     92995584
       90816          128        1190.329     23248896    185991168
       90816          256        2387.416     46497792    371982336
       90816          512        4748.929     92995584    743964672
       90816         1024        9535.176    185991168   1487929344
       90816         2048       19015.924    371982336   2975858688
       90816         4096       38026.878    743964672   5951717376
       90816         8192       76086.319   1487929344  11903434752
       99840            1          12.847       199680      1597440
       99840            2          25.611       399360      3194880
       99840            4          65.080       798720      6389760
       99840            8          87.412      1597440     12779520
       99840           16         166.683      3194880     25559040
       99840           32         327.116      6389760     51118080
       99840           64         658.840     12779520    102236160
       99840          128        1401.255     25559040    204472320
       99840          256        2607.938     51118080    408944640
       99840          512        5199.143    102236160    817889280
       99840         1024       10395.646    204472320   1635778560
       99840         2048       20806.296    408944640   3271557120
       99840         4096       41622.974    817889280   6543114240
       99840         8192       83159.304   1635778560  13086228480
      109824            1          13.705       219648      1757184
      109824            2          26.831       439296      3514368
      109824            4          51.643       878592      7028736
      109824            8         113.303      1757184     14057472
      109824           16         180.454      3514368     28114944
      109824           32         375.683      7028736     56229888
      109824           64         726.400     14057472    112459776
      109824          128        1432.242     28114944    224919552
      109824          256        2864.647     56229888    449839104
      109824          512        5728.966    112459776    899678208
      109824         1024       11455.681    224919552   1799356416
      109824         2048       22873.036    449839104   3598712832
      109824         4096       45747.872    899678208   7197425664
      109824         8192       91482.792   1799356416  14394851328
      120768            1          13.777       241536      1932288
      120768            2          30.453       483072      3864576
      120768            4          55.998       966144      7729152
      120768            8         102.032      1932288     15458304
      120768           16         201.100      3864576     30916608
      120768           32         407.011      7729152     61833216
      120768           64         790.068     15458304    123666432
      120768          128        1587.414     30916608    247332864
      120768          256        3159.081     61833216    494665728
      120768          512        6312.029    123666432    989331456
      120768         1024       12633.360    247332864   1978662912
      120768         2048       25245.181    494665728   3957325824
      120768         4096       51506.405    989331456   7914651648
      120768         8192      100990.636   1978662912  15829303296
      132672            1          15.864       265344      2122752
      132672            2          31.821       530688      4245504
      132672            4          61.858      1061376      8491008
      132672            8         111.089      2122752     16982016
      132672           16         235.662      4245504     33964032
      132672           32         454.480      8491008     67928064
      132672           64         877.053     16982016    135856128
      132672          128        1746.693     33964032    271712256
      132672          256        3476.553     67928064    543424512
      132672          512        6964.410    135856128   1086849024
      132672         1024       13919.009    271712256   2173698048
      132672         2048       27827.796    543424512   4347396096
      132672         4096       55659.893   1086849024   8694792192
      145920            1          16.816       291840      2334720
      145920            2          36.814       583680      4669440
      145920            4          67.060      1167360      9338880
      145920            8         120.877      2334720     18677760
      145920           16         240.245      4669440     37355520
      145920           32         501.214      9338880     74711040
      145920           64         956.375     18677760    149422080
      145920          128        1905.469     37355520    298844160
      145920          256        3808.462     74711040    597688320
      145920          512        7593.024    149422080   1195376640
      145920         1024       16147.937    298844160   2390753280
      145920         2048       30396.000    597688320   4781506560
      145920         4096       60763.597   1195376640   9563013120
      160512            1          17.594       321024      2568192
      160512            2          38.936       642048      5136384
      160512            4          73.083      1284096     10272768
      160512            8         134.149      2568192     20545536
      160512           16         262.656      5136384     41091072
      160512           32         542.706     10272768     82182144
      160512           64        1048.256     20545536    164364288
      160512          128        2092.260     41091072    328728576
      160512          256        4180.003     82182144    657457152
      160512          512        8363.743    164364288   1314914304
      160512         1024       16706.022    328728576   2629828608
      160512         2048       33545.949    657457152   5259657216
      160512         4096       66881.927   1314914304  10519314432
      176448            1          19.994       352896      2823168
      176448            2          41.157       705792      5646336
      176448            4          81.023      1411584     11292672
      176448            8         147.200      2823168     22585344
      176448           16         305.994      5646336     45170688
      176448           32         581.176     11292672     90341376
      176448           64        1160.162     22585344    180682752
      176448          128        2318.565     45170688    361365504
      176448          256        4613.708     90341376    722731008
      176448          512        9276.835    180682752   1445462016
      176448         1024       18470.126    361365504   2890924032
      176448         2048       36944.961    722731008   5781848064
      176448         4096       73898.582   1445462016  11563696128
      193920            1          21.483       387840      3102720
      193920            2          44.651       775680      6205440
      193920            4          88.542      1551360     12410880
      193920            8         176.312      3102720     24821760
      193920           16         317.051      6205440     49643520
      193920           32         656.306     12410880     99287040
      193920           64        1286.053     24821760    198574080
      193920          128        2586.419     49643520    397148160
      193920          256        5067.109     99287040    794296320
      193920          512       10113.576    198574080   1588592640
      193920         1024       20221.374    397148160   3177185280
      193920         2048       40437.997    794296320   6354370560
      193920         4096       80883.532   1588592640  12708741120
      213312            1          21.708       426624      3412992
      213312            2          49.504       853248      6825984
      213312            4          94.539      1706496     13651968
      213312            8         178.714      3412992     27303936
      213312           16         361.808      6825984     54607872
      213312           32         708.072     13651968    109215744
      213312           64        1394.753     27303936    218431488
      213312          128        2793.696     54607872    436862976
      213312          256        5584.979    109215744    873725952
      213312          512       11163.941    218431488   1747451904
      213312         1024       22312.172    436862976   3494903808
      213312         2048       44631.626    873725952   6989807616
      213312         4096       89249.338   1747451904  13979615232
      234624            1          26.421       469248      3753984
      234624            2          71.503       938496      7507968
      234624            4         103.551      1876992     15015936
      234624            8         194.046      3753984     30031872
      234624           16         398.289      7507968     60063744
      234624           32         775.108     15015936    120127488
      234624           64        1539.021     30031872    240254976
      234624          128        3058.799     60063744    480509952
      234624          256        6119.275    120127488    961019904
      234624          512       12229.042    240254976   1922039808
      234624         1024       24453.967    480509952   3844079616
      234624         2048       48919.770    961019904   7688159232
      234624         4096       97794.078   1922039808  15376318464
      258048            1          29.700       516096      4128768
      258048            2          75.293      1032192      8257536
      258048            4         112.980      2064384     16515072
      258048            8         212.850      4128768     33030144
      258048           16         436.107      8257536     66060288
      258048           32         847.067     16515072    132120576
      258048           64        1686.980     33030144    264241152
      258048          128        3359.144     66060288    528482304
      258048          256        6724.174    132120576   1056964608
      258048          512       13433.612    264241152   2113929216
      258048         1024       26879.958    528482304   4227858432
      258048         2048       53755.196   1056964608   8455716864
      258048         4096      107503.429   2113929216  16911433728
      283776            1          29.679       567552      4540416
      283776            2          63.477      1135104      9080832
      283776            4         124.008      2270208     18161664
      283776            8         244.062      4540416     36323328
      283776           16         477.239      9080832     72646656
      283776           32         928.870     18161664    145293312
      283776           64        1854.979     36323328    290586624
      283776          128        3696.518     72646656    581173248
      283776          256        7401.192    145293312   1162346496
      283776          512       14779.246    290586624   2324692992
      283776         1024       29569.621    581173248   4649385984
      283776         2048       60078.077   1162346496   9298771968
      312000            1          33.120       624000      4992000
      312000            2          68.815      1248000      9984000
      312000            4         150.419      2496000     19968000
      312000            8         257.995      4992000     39936000
      312000           16         524.318      9984000     79872000
      312000           32        1023.257     19968000    159744000
      312000           64        2035.378     39936000    319488000
      312000          128        4077.787     79872000    638976000
      312000          256        8132.652    159744000   1277952000
      312000          512       16289.588    319488000   2555904000
      312000         1024       32522.068    638976000   5111808000
      312000         2048       65073.560   1277952000  10223616000
      343104            1          35.891       686208      5489664
      343104            2          75.716      1372416     10979328
      343104            4         144.896      2744832     21958656
      343104            8         283.425      5489664     43917312
      343104           16         591.742     10979328     87834624
      343104           32        1123.254     21958656    175669248
      343104           64        2239.856     43917312    351338496
      343104          128        4486.918     87834624    702676992
      343104          256        8952.156    175669248   1405353984
      343104          512       17904.862    351338496   2810707968
      343104         1024       35813.329    702676992   5621415936
      343104         2048       71629.960   1405353984  11242831872
      377280            1          58.897       754560      6036480
      377280            2          82.754      1509120     12072960
      377280            4         157.046      3018240     24145920
      377280            8         321.890      6036480     48291840
      377280           16         625.818     12072960     96583680
      377280           32        1230.681     24145920    193167360
      377280           64        2455.933     48291840    386334720
      377280          128        4919.462     96583680    772669440
      377280          256        9840.934    193167360   1545338880
      377280          512       19749.486    386334720   3090677760
      377280         1024       39322.644    772669440   6181355520
      377280         2048       78654.566   1545338880  12362711040
      414912            1          43.200       829824      6638592
      414912            2          89.645      1659648     13277184
      414912            4         189.806      3319296     26554368
      414912            8         338.446      6638592     53108736
      414912           16         697.947     13277184    106217472
      414912           32        1375.470     26554368    212434944
      414912           64        2708.794     53108736    424869888
      414912          128        5402.102    106217472    849739776
      414912          256       10813.603    212434944   1699479552
      414912          512       21623.713    424869888   3398959104
      414912         1024       43246.869    849739776   6797918208
      414912         2048       86449.300   1699479552  13595836416
      456384            1          47.425       912768      7302144
      456384            2          98.717      1825536     14604288
      456384            4         189.809      3651072     29208576
      456384            8         388.589      7302144     58417152
      456384           16         752.593     14604288    116834304
      456384           32        1499.194     29208576    233668608
      456384           64        2977.682     58417152    467337216
      456384          128        5936.896    116834304    934674432
      456384          256       11893.285    233668608   1869348864
      456384          512       23782.643    467337216   3738697728
      456384         1024       47569.485    934674432   7477395456
      456384         2048       95136.979   1869348864  14954790912
      501888            1          51.663      1003776      8030208
      501888            2         108.040      2007552     16060416
      501888            4         224.851      4015104     32120832
      501888            8         420.766      8030208     64241664
      501888           16         833.815     16060416    128483328
      501888           32        1631.995     32120832    256966656
      501888           64        3268.700     64241664    513933312
      501888          128        6529.061    128483328   1027866624
      501888          256       13069.186    256966656   2055733248
      501888          512       26143.827    513933312   4111466496
      501888         1024       52311.099   1027866624   8222932992
      501888         2048      104531.505   2055733248  16445865984
      552000            1          58.180      1104000      8832000
      552000            2         117.798      2208000     17664000
      552000            4         225.942      4416000     35328000
      552000            8         476.460      8832000     70656000
      552000           16         895.981     17664000    141312000
      552000           32        1803.628     35328000    282624000
      552000           64        3632.254     70656000    565248000
      552000          128        7191.583    141312000   1130496000
      552000          256       14382.162    282624000   2260992000
      552000          512       28801.850    565248000   4521984000
      552000         1024       57537.224   1130496000   9043968000
      607104            1          61.264      1214208      9713664
      607104            2         129.760      2428416     19427328
      607104            4         249.099      4856832     38854656
      607104            8         509.273      9713664     77709312
      607104           16         993.290     19427328    155418624
      607104           32        1981.755     38854656    310837248
      607104           64        3956.096     77709312    621674496
      607104          128        7905.678    155418624   1243348992
      607104          256       15811.999    310837248   2486697984
      607104          512       31609.308    621674496   4973395968
      607104         1024       67790.166   1243348992   9946791936
      667776            1          71.007      1335552     10684416
      667776            2         158.747      2671104     21368832
      667776            4         273.542      5342208     42737664
      667776            8         560.543     10684416     85475328
      667776           16        1100.409     21368832    170950656
      667776           32        2177.418     42737664    341901312
      667776           64        4352.808     85475328    683802624
      667776          128        8701.184    170950656   1367605248
      667776          256       17381.061    341901312   2735210496
      667776          512       34773.806    683802624   5470420992
      667776         1024       69541.611   1367605248  10940841984
      734400            1          76.456      1468800     11750400
      734400            2         154.723      2937600     23500800
      734400            4         300.024      5875200     47001600
      734400            8         621.029     11750400     94003200
      734400           16        1196.171     23500800    188006400
      734400           32        2402.287     47001600    376012800
      734400           64        4775.524     94003200    752025600
      734400          128        9570.799    188006400   1504051200
      734400          256       19127.561    376012800   3008102400
      734400          512       38262.500    752025600   6016204800
      734400         1024       76533.961   1504051200  12032409600
      807744            1          83.523      1615488     12923904
      807744            2         169.661      3230976     25847808
      807744            4         358.645      6461952     51695616
      807744            8         658.773     12923904    103391232
      807744           16        1328.941     25847808    206782464
      807744           32        2630.703     51695616    413564928
      807744           64        5278.659    103391232    827129856
      807744          128       10528.073    206782464   1654259712
      807744          256       21119.242    413564928   3308519424
      807744          512       42125.235    827129856   6617038848
      807744         1024       84249.160   1654259712  13234077696
      888384            1          91.028      1776768     14214144
      888384            2         185.423      3553536     28428288
      888384            4         380.552      7107072     56856576
      888384            8         724.525     14214144    113713152
      888384           16        1456.238     28428288    227426304
      888384           32        2894.831     56856576    454852608
      888384           64        5787.054    113713152    909705216
      888384          128       11561.155    227426304   1819410432
      888384          256       23139.602    454852608   3638820864
      888384          512       46284.642    909705216   7277641728
      888384         1024       92530.626   1819410432  14555283456
      977088            1         100.051      1954176     15633408
      977088            2         221.497      3908352     31266816
      977088            4         414.791      7816704     62533632
      977088            8         806.870     15633408    125067264
      977088           16        1598.604     31266816    250134528
      977088           32        3183.449     62533632    500269056
      977088           64        6357.852    125067264   1000538112
      977088          128       12725.918    250134528   2001076224
      977088          256       25462.181    500269056   4002152448
      977088          512       50907.249   1000538112   8004304896
      977088         1024      101803.782   2001076224  16008609792
     1074624            1         111.209      2149248     17193984
     1074624            2         240.410      4298496     34387968
     1074624            4         452.092      8596992     68775936
     1074624            8         883.478     17193984    137551872
     1074624           16        1758.333     34387968    275103744
     1074624           32        3493.636     68775936    550207488
     1074624           64        6995.587    137551872   1100414976
     1074624          128       13991.691    275103744   2200829952
     1074624          256       27978.699    550207488   4401659904
     1074624          512       55973.499   1100414976   8803319808
     1181952            1         137.925      2363904     18911232
     1181952            2         274.838      4727808     37822464
     1181952            4         565.296      9455616     75644928
     1181952            8         974.743     18911232    151289856
     1181952           16        1928.677     37822464    302579712
     1181952           32        3851.516     75644928    605159424
     1181952           64        7701.793    151289856   1210318848
     1181952          128       15382.600    302579712   2420637696
     1181952          256       30803.078    605159424   4841275392
     1181952          512       61573.416   1210318848   9682550784
     1300032            1         132.176      2600064     20800512
     1300032            2         268.482      5200128     41601024
     1300032            4         552.181     10400256     83202048
     1300032            8        1066.199     20800512    166404096
     1300032           16        2116.321     41601024    332808192
     1300032           32        4229.255     83202048    665616384
     1300032           64        8489.031    166404096   1331232768
     1300032          128       16920.366    332808192   2662465536
     1300032          256       33836.063    665616384   5324931072
     1300032          512       68623.511   1331232768  10649862144
     1430016            1         147.865      2860032     22880256
     1430016            2         294.437      5720064     45760512
     1430016            4         666.857     11440128     91521024
     1430016            8        1187.439     22880256    183042048
     1430016           16        2338.308     45760512    366084096
     1430016           32        4662.302     91521024    732168192
     1430016           64        9307.261    183042048   1464336384
     1430016          128       18628.226    366084096   2928672768
     1430016          256       37238.879    732168192   5857345536
     1430016          512       74475.968   1464336384  11714691072
     1572864            1         159.860      3145728     25165824
     1572864            2         322.926      6291456     50331648
     1572864            4         661.453     12582912    100663296
     1572864            8        1284.380     25165824    201326592
     1572864           16        2566.144     50331648    402653184
     1572864           32        5120.608    100663296    805306368
     1572864           64       10235.728    201326592   1610612736
     1572864          128       20472.244    402653184   3221225472
     1572864          256       40954.060    805306368   6442450944
     1572864          512       81914.225   1610612736  12884901888
     1730112            1         175.945      3460224     27681792
     1730112            2         354.587      6920448     55363584
     1730112            4         730.040     13840896    110727168
     1730112            8        1409.047     27681792    221454336
     1730112           16        2822.564     55363584    442908672
     1730112           32        5636.357    110727168    885817344
     1730112           64       11257.125    221454336   1771634688
     1730112          128       22528.248    442908672   3543269376
     1730112          256       45027.067    885817344   7086538752
     1730112          512       90054.763   1771634688  14173077504
     1903104            1         217.129      3806208     30449664
     1903104            2         553.013      7612416     60899328
     1903104            4        1756.632     15224832    121798656
     1903104            8        3856.289     30449664    243597312
     1903104           16        3884.959     60899328    487194624
     1903104           32        9128.382    121798656    974389248
     1903104           64       14008.096    243597312   1948778496
     1903104          128       24866.723    487194624   3897556992
     1903104          256       50532.183    974389248   7795113984
     1903104          512       99096.207   1948778496  15590227968
     2093376            1         231.627      4186752     33494016
     2093376            2         428.567      8373504     66988032
     2093376            4         874.081     16747008    133976064
     2093376            8        1710.993     33494016    267952128
     2093376           16        3404.574     66988032    535904256
     2093376           32        6838.731    133976064   1071808512
     2093376           64       13626.536    267952128   2143617024
     2093376          128       27253.898    535904256   4287234048
     2093376          256       54468.826   1071808512   8574468096
     2093376          512      109038.589   2143617024  17148936192
     2302656            1         251.896      4605312     36842496
     2302656            2         470.442      9210624     73684992
     2302656            4         941.964     18421248    147369984
     2302656            8        1875.869     36842496    294739968
     2302656           16        3749.302     73684992    589479936
     2302656           32        7485.118    147369984   1178959872
     2302656           64       14975.316    294739968   2357919744
     2302656          128       29955.034    589479936   4715839488
     2302656          256       59899.435   1178959872   9431678976
     2532864            1         275.320      5065728     40525824
     2532864            2         516.457     10131456     81051648
     2532864            4        1033.245     20262912    162103296
     2532864            8        2064.862     40525824    324206592
     2532864           16        4122.825     81051648    648413184
     2532864           32        8250.933    162103296   1296826368
     2532864           64       16480.051    324206592   2593652736
     2532864          128       32957.473    648413184   5187305472
     2532864          256       65953.324   1296826368  10374610944
     2786112            1         300.015      5572224     44577792
     2786112            2         566.643     11144448     89155584
     2786112            4        1136.482     22288896    178311168
     2786112            8        2275.759     44577792    356622336
     2786112           16        4529.449     89155584    713244672
     2786112           32        9079.276    178311168   1426489344
     2786112           64       18153.615    356622336   2852978688
     2786112          128       36282.773    713244672   5705957376
     2786112          256       72522.637   1426489344  11411914752
     3064704            1         323.755      6129408     49035264
     3064704            2         740.911     12258816     98070528
     3064704            4        1260.303     24517632    196141056
     3064704            8        2492.225     49035264    392282112
     3064704           16        4989.441     98070528    784564224
     3064704           32        9974.189    196141056   1569128448
     3064704           64       19998.599    392282112   3138256896
     3064704          128       39925.599    784564224   6276513792
     3064704          256       79803.460   1569128448  12553027584
     3371136            1         342.249      6742272     53938176
     3371136            2         702.132     13484544    107876352
     3371136            4        1372.482     26969088    215752704
     3371136            8        2747.088     53938176    431505408
     3371136           16        5493.854    107876352    863010816
     3371136           32       10970.337    215752704   1726021632
     3371136           64       21942.791    431505408   3452043264
     3371136          128       43891.997    863010816   6904086528
     3371136          256       87806.657   1726021632  13808173056
     3708096            1         376.139      7416192     59329536
     3708096            2         764.023     14832384    118659072
     3708096            4        1505.859     29664768    237318144
     3708096            8        3023.894     59329536    474636288
     3708096           16        6034.676    118659072    949272576
     3708096           32       13095.036    237318144   1898545152
     3708096           64       24139.869    474636288   3797090304
     3708096          128       48235.319    949272576   7594180608
     3708096          256       96491.303   1898545152  15188361216
     4078848            1         413.515      8157696     65261568
     4078848            2         838.420     16315392    130523136
     4078848            4        1655.527     32630784    261046272
     4078848            8        3327.047     65261568    522092544
     4078848           16        6631.404    130523136   1044185088
     4078848           32       13279.520    261046272   2088370176
     4078848           64       26537.953    522092544   4176740352
     4078848          128       53084.315   1044185088   8353480704
     4078848          256      107221.029   2088370176  16706961408
     4486656            1         452.490      8973312     71786496
     4486656            2        1028.710     17946624    143572992
     4486656            4        1830.967     35893248    287145984
     4486656            8        3656.187     71786496    574291968
     4486656           16        7302.243    143572992   1148583936
     4486656           32       14606.893    287145984   2297167872
     4486656           64       29198.879    574291968   4594335744
     4486656          128       58405.316   1148583936   9188671488
     4935168            1         500.477      9870336     78962688
     4935168            2        1010.048     19740672    157925376
     4935168            4        2011.813     39481344    315850752
     4935168            8        4018.576     78962688    631701504
     4935168           16        8032.493    157925376   1263403008
     4935168           32       16058.078    315850752   2526806016
     4935168           64       32119.799    631701504   5053612032
     4935168          128       64254.595   1263403008  10107224064
     5428608            1         547.443     10857216     86857728
     5428608            2        1124.947     21714432    173715456
     5428608            4        2216.760     43428864    347430912
     5428608            8        4431.388     86857728    694861824
     5428608           16        8836.751    173715456   1389723648
     5428608           32       17671.462    347430912   2779447296
     5428608           64       35322.840    694861824   5558894592
     5428608          128       71043.885   1389723648  11117789184
     5971392            1         620.538     11942784     95542272
     5971392            2        1218.343     23885568    191084544
     5971392            4        2437.132     47771136    382169088
     5971392            8        4846.916     95542272    764338176
     5971392           16        9724.132    191084544   1528676352
     5971392           32       19432.583    382169088   3057352704
     5971392           64       38823.016    764338176   6114705408
     5971392          128       77716.394   1528676352  12229410816
     6568512            1         683.007     13137024    105096192
     6568512            2        1340.814     26274048    210192384
     6568512            4        2679.141     52548096    420384768
     6568512            8        5341.593    105096192    840769536
     6568512           16       10690.772    210192384   1681539072
     6568512           32       21371.316    420384768   3363078144
     6568512           64       42757.393    840769536   6726156288
     6568512          128       85519.195   1681539072  13452312576
     7225344            1         747.849     14450688    115605504
     7225344            2        1470.456     28901376    231211008
     7225344            4        2940.580     57802752    462422016
     7225344            8        5880.287    115605504    924844032
     7225344           16       12824.907    231211008   1849688064
     7225344           32       23505.172    462422016   3699376128
     7225344           64       47023.411    924844032   7398752256
     7225344          128       94065.033   1849688064  14797504512
     7947840            1         814.770     15895680    127165440
     7947840            2        1616.670     31791360    254330880
     7947840            4        3243.692     63582720    508661760
     7947840            8        6462.267    127165440   1017323520
     7947840           16       12932.037    254330880   2034647040
     7947840           32       25867.723    508661760   4069294080
     7947840           64       51733.488   1017323520   8138588160
     7947840          128      103475.404   2034647040  16277176320
     8742528            1         901.592     17485056    139880448
     8742528            2        1786.492     34970112    279760896
     8742528            4        3554.204     69940224    559521792
     8742528            8        7124.401    139880448   1119043584
     8742528           16       14221.063    279760896   2238087168
     8742528           32       28446.335    559521792   4476174336
     8742528           64       57911.536   1119043584   8952348672
     9616704            1         987.810     19233408    153867264
     9616704            2        1961.115     38466816    307734528
     9616704            4        3913.288     76933632    615469056
     9616704            8        7857.608    153867264   1230938112
     9616704           16       15646.828    307734528   2461876224
     9616704           32       31287.412    615469056   4923752448
     9616704           64       62595.681   1230938112   9847504896
    10578240            1        1082.455     21156480    169251840
    10578240            2        2154.660     42312960    338503680
    10578240            4        4300.887     84625920    677007360
    10578240            8        8613.912    169251840   1354014720
    10578240           16       17215.338    338503680   2708029440
    10578240           32       34426.971    677007360   5416058880
    10578240           64       68918.508   1354014720  10832117760
    11635968            1        1186.957     23271936    186175488
    11635968            2        2455.236     46543872    372350976
    11635968            4        4738.496     93087744    744701952
    11635968            8        9469.517    186175488   1489403904
    11635968           16       18925.386    372350976   2978807808
    11635968           32       37849.722    744701952   5957615616
    11635968           64       76644.170   1489403904  11915231232
    12799488            1        1317.425     25598976    204791808
    12799488            2        2600.713     51197952    409583616
    12799488            4        5206.635    102395904    819167232
    12799488            8       10437.058    204791808   1638334464
    12799488           16       20826.229    409583616   3276668928
    12799488           32       41629.993    819167232   6553337856
    12799488           64       83273.100   1638334464  13106675712
    14079360            1        1434.927     28158720    225269760
    14079360            2        2870.236     56317440    450539520
    14079360            4        5731.560    112634880    901079040
    14079360            8       11446.647    225269760   1802158080
    14079360           16       22897.512    450539520   3604316160
    14079360           32       45811.076    901079040   7208632320
    14079360           64       91614.120   1802158080  14417264640
    15487296            1        1573.724     30974592    247796736
    15487296            2        3153.814     61949184    495593472
    15487296            4        6296.918    123898368    991186944
    15487296            8       12587.128    247796736   1982373888
    15487296           16       25194.664    495593472   3964747776
    15487296           32       50383.799    991186944   7929495552
    15487296           64      101213.253   1982373888  15858991104
    17035968            1        1747.595     34071936    272575488
    17035968            2        3479.201     68143872    545150976
    17035968            4        6916.032    136287744   1090301952
    17035968            8       13844.579    272575488   2180603904
    17035968           16       27682.084    545150976   4361207808
    17035968           32       55422.375   1090301952   8722415616
    18739392            1        1899.220     37478784    299830272
    18739392            2        3813.817     74957568    599660544
    18739392            4        7625.172    149915136   1199321088
    18739392            8       15224.150    299830272   2398642176
    18739392           16       30465.449    599660544   4797284352
    18739392           32       60893.520   1199321088   9594568704
    20613312            1        2101.298     41226624    329812992
    20613312            2        4193.565     82453248    659625984
    20613312            4        8378.457    164906496   1319251968
    20613312            8       16764.639    329812992   2638503936
    20613312           16       33512.377    659625984   5277007872
    20613312           32       66991.341   1319251968  10554015744
    22674624            1        2310.098     45349248    362793984
    22674624            2        4621.285     90698496    725587968
    22674624            4        9302.563    181396992   1451175936
    22674624            8       18435.106    362793984   2902351872
    22674624           16       36925.502    725587968   5804703744
    22674624           32       73698.832   1451175936  11609407488
    24941952            1        2552.097     49883904    399071232
    24941952            2        5073.738     99767808    798142464
    24941952            4       10134.736    199535616   1596284928
    24941952            8       20270.408    399071232   3192569856
    24941952           16       40544.724    798142464   6385139712
    24941952           32       81086.602   1596284928  12770279424
    27436032            1        2800.506     54872064    438976512
    27436032            2        5585.403    109744128    877953024
    27436032            4       11152.944    219488256   1755906048
    27436032            8       22303.927    438976512   3511812096
    27436032           16       44609.835    877953024   7023624192
    27436032           32       89220.208   1755906048  14047248384
    30179520            1        3075.386     60359040    482872320
    30179520            2        6136.254    120718080    965744640
    30179520            4       12274.595    241436160   1931489280
    30179520            8       24622.472    482872320   3862978560
    30179520           16       49092.924    965744640   7725957120
    30179520           32       98141.482   1931489280  15451914240
    33197376            1        3374.877     66394752    531158016
    33197376            2        6754.171    132789504   1062316032
    33197376            4       13499.350    265579008   2124632064
    33197376            8       26980.906    531158016   4249264128
    33197376           16       53952.570   1062316032   8498528256
    33197376           32      107946.150   2124632064  16997056512
    36517056            1        3725.419     73034112    584272896
    36517056            2        7436.141    146068224   1168545792
    36517056            4       14924.720    292136448   2337091584
    36517056            8       29760.162    584272896   4674183168
    36517056           16       59362.481   1168545792   9348366336
    40168704            1        4092.510     80337408    642699264
    40168704            2        8172.351    160674816   1285398528
    40168704            4       16338.946    321349632   2570797056
    40168704            8       32662.432    642699264   5141594112
    40168704           16       65301.671   1285398528  10283188224
    44185536            1        5476.906     88371072    706968576
    44185536            2        8988.044    176742144   1413937152
    44185536            4       17967.454    353484288   2827874304
    44185536            8       35927.946    706968576   5655748608
    44185536           16       71869.342   1413937152  11311497216
    48604032            1        4950.479     97208064    777664512
    48604032            2        9889.110    194416128   1555329024
    48604032            4       19768.330    388832256   3110658048
    48604032            8       39534.992    777664512   6221316096
    48604032           16       79053.162   1555329024  12442632192
    53464320            1        5452.979    106928640    855429120
    53464320            2       10883.873    213857280   1710858240
    53464320            4       21769.807    427714560   3421716480
    53464320            8       43510.042    855429120   6843432960
    53464320           16       87020.138   1710858240  13686865920
    58810752            1        5989.249    117621504    940972032
    58810752            2       11970.307    235243008   1881944064
    58810752            4       23946.761    470486016   3763888128
    58810752            8       47877.295    940972032   7527776256
    58810752           16       95757.298   1881944064  15055552512
    64691712            1        6594.104    129383424   1035067392
    64691712            2       13170.549    258766848   2070134784
    64691712            4       26329.420    517533696   4140269568
    64691712            8       52667.988   1035067392   8280539136
    64691712           16      105320.014   2070134784  16561078272
    71160768            1        7243.501    142321536   1138572288
    71160768            2       14493.707    284643072   2277144576
    71160768            4       28965.038    569286144   4554289152
    71160768            8       57933.105   1138572288   9108578304
    78276672            1        7975.589    156553344   1252426752
    78276672            2       15940.349    313106688   2504853504
    78276672            4       31876.592    626213376   5009707008
    78276672            8       63718.609   1252426752  10019414016
    86104320            1        8764.642    172208640   1377669120
    86104320            2       17522.167    344417280   2755338240
    86104320            4       35048.383    688834560   5510676480
    86104320            8       70100.969   1377669120  11021352960
    94714752            1        9632.116    189429504   1515436032
    94714752            2       19275.694    378859008   3030872064
    94714752            4       38576.128    757718016   6061744128
    94714752            8       77119.932   1515436032  12123488256
   104186112            1       10630.156    208372224   1666977792
   104186112            2       21274.307    416744448   3333955584
   104186112            4       42423.952    833488896   6667911168
   104186112            8       84814.356   1666977792  13335822336
   114604608            1       11665.595    229209216   1833673728
   114604608            2       23331.034    458418432   3667347456
   114604608            4       46658.086    916836864   7334694912
   114604608            8       93288.676   1833673728  14669389824
   126064896            1       12838.457    252129792   2017038336
   126064896            2       25669.503    504259584   4034076672
   126064896            4       51311.719   1008519168   8068153344
   126064896            8      102595.285   2017038336  16136306688
   138671232            1       14104.210    277342464   2218739712
   138671232            2       28252.776    554684928   4437479424
   138671232            4       56447.592   1109369856   8874958848
   152538240            1       15507.786    305076480   2440611840
   152538240            2       31038.897    610152960   4881223680
   152538240            4       62396.218   1220305920   9762447360
   167792064            1       17075.009    335584128   2684673024
   167792064            2       34155.429    671168256   5369346048
   167792064            4       68299.782   1342336512  10738692096
   184571136            1       18773.688    369142272   2953138176
   184571136            2       37545.445    738284544   5906276352
   184571136            4       75138.861   1476569088  11812552704
   203028096            1       20650.011    406056192   3248449536
   203028096            2       41315.809    812112384   6496899072
   203028096            4       82624.526   1624224768  12993798144
   223330752            1       22734.899    446661504   3573292032
   223330752            2       45451.312    893323008   7146584064
   223330752            4       90875.292   1786646016  14293168128
   245663808            1       24988.922    491327616   3930620928
   245663808            2       49979.477    982655232   7861241856
   245663808            4       99964.753   1965310464  15722483712
   270230016            1       27490.160    540460032   4323680256
   270230016            2       54992.062   1080920064   8647360512
   297252864            1       30252.877    594505728   4756045824
   297252864            2       60473.371   1189011456   9512091648
   326978112            1       33257.645    653956224   5231649792
   326978112            2       66530.926   1307912448  10463299584
   359675904            1       36606.419    719351808   5754814464
   359675904            2       73178.987   1438703616  11509628928
   395643456            1       40253.650    791286912   6330295296
   395643456            2       80510.456   1582573824  12660590592
   435207744            1       44269.990    870415488   6963323904
   435207744            2       88539.227   1740830976  13926647808
   478728384            1       48708.531    957456768   7659654144
   478728384            2       97389.601   1914913536  15319308288
   526601088            1       53552.972   1053202176   8425617408
   526601088            2      107146.762   2106404352  16851234816
   579261120            1       58927.087   1158522240   9268177920
   637187136            1       64802.319   1274374272  10194994176
   700905792            1       71290.876   1401811584  11214492672
   770996352            1       78431.755   1541992704  12335941632
   848095872            1       87179.794   1696191744  13569533952
   932905344            1       95867.504   1865810688  14926485504
  1026195840            1      104369.540   2052391680  16419133440

META_DATA
FLOPS          128
MPI_PROCS      1
OPENMP_THREADS 24
ERT_VERSION  1.1.0
HOSTNAME  ('deepv.deep', [], ['10.2.8.6'])
UNAME  uname_result(system='Linux', node='deepv', release='4.18.0-513.11.1.el8_9.0.1.x86_64', version='#1 SMP Sun Feb 11 10:42:18 UTC 2024', machine='x86_64')
TIMESTAMP_DATA  1710502088.3115747
CONFIG  {'ERT_RESULTS': ['Results.cn.deep.fz-juelich.de.01.gcc2023-O3'], 'ERT_DRIVER': ['driver1'], 'ERT_KERNEL': ['kernel1'], 'ERT_MPI': ['True'], 'ERT_MPI_CFLAGS': ['-I', '/p/software/deep/stages/2023/software/psmpi/5.9.2-1-GCC-11.3.0/include'], 'ERT_MPI_LDFLAGS': ['-L', '/p/software/deep/stages/2023/software/psmpi/5.9.2-1-GCC-11.3.0/lib', '-lmpi'], 'ERT_OPENMP': ['True'], 'ERT_OPENMP_CFLAGS': ['-fopenmp'], 'ERT_OPENMP_LDFLAGS': ['-fopenmp'], 'ERT_FLOPS': ['1,2,4,8,16,64,128'], 'ERT_ALIGN': ['64'], 'ERT_CC': ['mpicxx'], 'ERT_CFLAGS': ['-g', '-O3', '-mavx'], 'ERT_LD': ['mpicxx'], 'ERT_LDFLAGS': [], 'ERT_LDLIBS': [], 'ERT_PRECISION': ['FP64'], 'ERT_RUN': ['export', 'OMP_NUM_THREADS=ERT_OPENMP_THREADS;', 'export', 'OMP_PLACES="cores(ERT_OPENMP_THREADS)";', 'srun', '-p', 'dp-cn', '-n', 'ERT_MPI_PROCS', '-c', '48', '--ntasks-per-node', '1', 'ERT_CODE'], 'ERT_PROCS_THREADS': ['24'], 'ERT_MPI_PROCS': ['1'], 'ERT_OPENMP_THREADS': ['24'], 'ERT_NUM_EXPERIMENTS': ['5'], 'ERT_MEMORY_MAX': ['1073741824'], 'ERT_WORKING_SET_MIN': ['128'], 'ERT_TRIALS_MIN': ['1'], 'ERT_GNUPLOT': ['gnuplot'], 'ERT_GPU': [False], 'ERT_HIP': [False], 'ERT_OCL': [False], 'ERT_SYCL': [False], 'ERT_WSS_MULT': [1.1]}
