fp64
       24576            1           5.438        49152       393216
       24576            2           8.759        98304       786432
       24576            4          12.383       196608      1572864
       24576            8          26.043       393216      3145728
       24576           16          49.594       786432      6291456
       24576           32          90.461      1572864     12582912
       24576           64         174.923      3145728     25165824
       24576          128         338.410      6291456     50331648
       24576          256         639.663     12582912    100663296
       24576          512        1297.336     25165824    201326592
       24576         1024        2560.777     50331648    402653184
       24576         2048        5126.075    100663296    805306368
       24576         4096       10306.868    201326592   1610612736
       24576         8192       20477.526    402653184   3221225472
       24576        16384       40961.582    805306368   6442450944
       24576        32768       81917.756   1610612736  12884901888
       26880            1           5.991        53760       430080
       26880            2          10.144       107520       860160
       26880            4          14.555       215040      1720320
       26880            8          25.986       430080      3440640
       26880           16          66.121       860160      6881280
       26880           32         108.305      1720320     13762560
       26880           64         209.740      3440640     27525120
       26880          128         404.392      6881280     55050240
       26880          256         709.476     13762560    110100480
       26880          512        1410.978     27525120    220200960
       26880         1024        2796.831     55050240    440401920
       26880         2048        5609.877    110100480    880803840
       26880         4096       11206.278    220200960   1761607680
       26880         8192       22415.828    440401920   3523215360
       26880        16384       44807.661    880803840   7046430720
       26880        32768       89664.330   1761607680  14092861440
       29568            1           5.331        59136       473088
       29568            2           9.562       118272       946176
       29568            4          16.499       236544      1892352
       29568            8          30.589       473088      3784704
       29568           16          58.053       946176      7569408
       29568           32         100.067      1892352     15138816
       29568           64         205.426      3784704     30277632
       29568          128         389.443      7569408     60555264
       29568          256         795.648     15138816    121110528
       29568          512        1571.312     30277632    242221056
       29568         1024        3123.100     60555264    484442112
       29568         2048        6242.612    121110528    968884224
       29568         4096       12492.298    242221056   1937768448
       29568         8192       24979.426    484442112   3875536896
       29568        16384       49931.440    968884224   7751073792
       29568        32768       99897.650   1937768448  15502147584
       32448            1           6.379        64896       519168
       32448            2          11.264       129792      1038336
       32448            4          17.797       259584      2076672
       32448            8          33.768       519168      4153344
       32448           16          74.461      1038336      8306688
       32448           32         130.182      2076672     16613376
       32448           64         274.446      4153344     33226752
       32448          128         466.777      8306688     66453504
       32448          256         865.591     16613376    132907008
       32448          512        1797.667     33226752    265814016
       32448         1024        3438.402     66453504    531628032
       32448         2048        6880.464    132907008   1063256064
       32448         4096       13771.068    265814016   2126512128
       32448         8192       27518.989    531628032   4253024256
       32448        16384       55014.481   1063256064   8506048512
       32448        32768      114555.996   2126512128  17012097024
       35520            1           6.444        71040       568320
       35520            2          10.650       142080      1136640
       35520            4          19.562       284160      2273280
       35520            8          48.142       568320      4546560
       35520           16          73.027      1136640      9093120
       35520           32         141.625      2273280     18186240
       35520           64         278.906      4546560     36372480
       35520          128         492.774      9093120     72744960
       35520          256         933.521     18186240    145489920
       35520          512        1892.488     36372480    290979840
       35520         1024        3766.571     72744960    581959680
       35520         2048        7523.982    145489920   1163919360
       35520         4096       15052.708    290979840   2327838720
       35520         8192       31371.207    581959680   4655677440
       35520        16384       60106.161   1163919360   9311354880
       38976            1           6.911        77952       623616
       38976            2          11.834       155904      1247232
       38976            4          22.594       311808      2494464
       38976            8          39.523       623616      4988928
       38976           16          87.209      1247232      9977856
       38976           32         155.482      2494464     19955712
       38976           64         323.798      4988928     39911424
       38976          128         532.517      9977856     79822848
       38976          256        1043.396     19955712    159645696
       38976          512        2083.256     39911424    319291392
       38976         1024        4162.982     79822848    638582784
       38976         2048        8326.941    159645696   1277165568
       38976         4096       16626.603    319291392   2554331136
       38976         8192       33272.374    638582784   5108662272
       38976        16384       66522.957   1277165568  10217324544
       42816            1           6.835        85632       685056
       42816            2          11.985       171264      1370112
       42816            4          22.753       342528      2740224
       42816            8          43.327       685056      5480448
       42816           16          77.386      1370112     10960896
       42816           32         145.690      2740224     21921792
       42816           64         286.400      5480448     43843584
       42816          128         677.143     10960896     87687168
       42816          256        1150.860     21921792    175374336
       42816          512        2280.225     43843584    350748672
       42816         1024        4565.605     87687168    701497344
       42816         2048       10153.019    175374336   1402994688
       42816         4096       18223.829    350748672   2805989376
       42816         8192       36454.330    701497344   5611978752
       42816        16384       72935.317   1402994688  11223957504
       47040            1           7.682        94080       752640
       47040            2          11.818       188160      1505280
       47040            4          24.839       376320      3010560
       47040            8          46.986       752640      6021120
       47040           16          81.106      1505280     12042240
       47040           32         174.383      3010560     24084480
       47040           64         310.702      6021120     48168960
       47040          128         616.873     12042240     96337920
       47040          256        1251.591     24084480    192675840
       47040          512        2479.488     48168960    385351680
       47040         1024        4970.529     96337920    770703360
       47040         2048        9919.523    192675840   1541406720
       47040         4096       19825.319    385351680   3082813440
       47040         8192       39659.406    770703360   6165626880
       47040        16384       80291.049   1541406720  12331253760
       51648            1           9.297       103296       826368
       51648            2          13.560       206592      1652736
       51648            4          25.534       413184      3305472
       51648            8          60.902       826368      6610944
       51648           16         121.752      1652736     13221888
       51648           32         202.923      3305472     26443776
       51648           64         390.302      6610944     52887552
       51648          128         688.700     13221888    105775104
       51648          256        1359.902     26443776    211550208
       51648          512        2722.837     52887552    423100416
       51648         1024        5436.156    105775104    846200832
       51648         2048       10979.605    211550208   1692401664
       51648         4096       21754.487    423100416   3384803328
       51648         8192       43476.341    846200832   6769606656
       51648        16384       87968.854   1692401664  13539213312
       56640            1           8.997       113280       906240
       56640            2          15.160       226560      1812480
       56640            4          27.811       453120      3624960
       56640            8          55.718       906240      7249920
       56640           16          97.999      1812480     14499840
       56640           32         189.222      3624960     28999680
       56640           64         463.415      7249920     57999360
       56640          128         795.079     14499840    115998720
       56640          256        1497.408     28999680    231997440
       56640          512        3001.713     57999360    463994880
       56640         1024        6012.360    115998720    927989760
       56640         2048       11996.046    231997440   1855979520
       56640         4096       23983.778    463994880   3711959040
       56640         8192       47958.397    927989760   7423918080
       56640        16384       95914.338   1855979520  14847836160
       62208            1           9.721       124416       995328
       62208            2          17.306       248832      1990656
       62208            4          31.685       497664      3981312
       62208            8          57.944       995328      7962624
       62208           16         104.254      1990656     15925248
       62208           32         238.182      3981312     31850496
       62208           64         492.118      7962624     63700992
       62208          128        2325.488     15925248    127401984
       62208          256        1626.512     31850496    254803968
       62208          512        3242.237     63700992    509607936
       62208         1024        6557.983    127401984   1019215872
       62208         2048       12983.949    254803968   2038431744
       62208         4096       25922.394    509607936   4076863488
       62208         8192       51840.209   1019215872   8153726976
       62208        16384      103688.829   2038431744  16307453952
       68352            1           8.531       136704      1093632
       68352            2          17.314       273408      2187264
       68352            4          37.025       546816      4374528
       68352            8          78.468      1093632      8749056
       68352           16         152.612      2187264     17498112
       68352           32         265.080      4374528     34996224
       68352           64         524.725      8749056     69992448
       68352          128         897.075     17498112    139984896
       68352          256        1789.516     34996224    279969792
       68352          512        3673.455     69992448    559939584
       68352         1024        7127.317    139984896   1119879168
       68352         2048       14241.235    279969792   2239758336
       68352         4096       28518.628    559939584   4479516672
       68352         8192       58015.349   1119879168   8959033344
       75072            1           9.919       150144      1201152
       75072            2          20.583       300288      2402304
       75072            4          37.658       600576      4804608
       75072            8          85.196      1201152      9609216
       75072           16         148.988      2402304     19218432
       75072           32         310.836      4804608     38436864
       75072           64         503.467      9609216     76873728
       75072          128         993.476     19218432    153747456
       75072          256        1983.944     38436864    307494912
       75072          512        3964.075     76873728    614989824
       75072         1024        7925.137    153747456   1229979648
       75072         2048       15844.622    307494912   2459959296
       75072         4096       31679.373    614989824   4919918592
       75072         8192       63359.648   1229979648   9839837184
       82560            1          10.099       165120      1320960
       82560            2          20.454       330240      2641920
       82560            4          41.069       660480      5283840
       82560            8          73.541      1320960     10567680
       82560           16         138.400      2641920     21135360
       82560           32         276.667      5283840     42270720
       82560           64         551.789     10567680     84541440
       82560          128        1082.481     21135360    169082880
       82560          256        2160.139     42270720    338165760
       82560          512        4317.784     84541440    676331520
       82560         1024        8640.419    169082880   1352663040
       82560         2048       17290.181    338165760   2705326080
       82560         4096       34539.055    676331520   5410652160
       82560         8192       70080.254   1352663040  10821304320
       90816            1          12.318       181632      1453056
       90816            2          24.130       363264      2906112
       90816            4          43.810       726528      5812224
       90816            8         118.307      1453056     11624448
       90816           16         178.917      2906112     23248896
       90816           32         351.967      5812224     46497792
       90816           64         621.292     11624448     92995584
       90816          128        1191.819     23248896    185991168
       90816          256        2376.707     46497792    371982336
       90816          512        4760.371     92995584    743964672
       90816         1024        9517.716    185991168   1487929344
       90816         2048       19110.838    371982336   2975858688
       90816         4096       38045.453    743964672   5951717376
       90816         8192       76076.148   1487929344  11903434752
       99840            1          14.350       199680      1597440
       99840            2          24.336       399360      3194880
       99840            4          47.352       798720      6389760
       99840            8         104.132      1597440     12779520
       99840           16         164.791      3194880     25559040
       99840           32         334.550      6389760     51118080
       99840           64         659.469     12779520    102236160
       99840          128        1302.025     25559040    204472320
       99840          256        2607.275     51118080    408944640
       99840          512        5213.035    102236160    817889280
       99840         1024       10400.442    204472320   1635778560
       99840         2048       20813.943    408944640   3271557120
       99840         4096       41605.959    817889280   6543114240
       99840         8192       84174.023   1635778560  13086228480
      109824            1          12.473       219648      1757184
      109824            2          26.714       439296      3514368
      109824            4          50.384       878592      7028736
      109824            8         110.744      1757184     14057472
      109824           16         180.914      3514368     28114944
      109824           32         369.609      7028736     56229888
      109824           64         722.177     14057472    112459776
      109824          128        1431.288     28114944    224919552
      109824          256        2865.473     56229888    449839104
      109824          512        5725.454    112459776    899678208
      109824         1024       11438.904    224919552   1799356416
      109824         2048       23112.447    449839104   3598712832
      109824         4096       45743.154    899678208   7197425664
      109824         8192       91475.703   1799356416  14394851328
      120768            1          16.515       241536      1932288
      120768            2          29.705       483072      3864576
      120768            4          69.626       966144      7729152
      120768            8         122.544      1932288     15458304
      120768           16         252.351      3864576     30916608
      120768           32         431.695      7729152     61833216
      120768           64         797.221     15458304    123666432
      120768          128        1577.658     30916608    247332864
      120768          256        3170.012     61833216    494665728
      120768          512        6313.561    123666432    989331456
      120768         1024       13647.671    247332864   1978662912
      120768         2048       25248.491    494665728   3957325824
      120768         4096       50485.239    989331456   7914651648
      120768         8192      101002.362   1978662912  15829303296
      132672            1          16.412       265344      2122752
      132672            2          31.940       530688      4245504
      132672            4          62.201      1061376      8491008
      132672            8         111.786      2122752     16982016
      132672           16         218.838      4245504     33964032
      132672           32         454.314      8491008     67928064
      132672           64         876.314     16982016    135856128
      132672          128        1735.064     33964032    271712256
      132672          256        3487.492     67928064    543424512
      132672          512        6961.681    135856128   1086849024
      132672         1024       13921.622    271712256   2173698048
      132672         2048       27832.907    543424512   4347396096
      132672         4096       55969.349   1086849024   8694792192
      145920            1          19.682       291840      2334720
      145920            2          34.165       583680      4669440
      145920            4          67.510      1167360      9338880
      145920            8         121.292      2334720     18677760
      145920           16         238.770      4669440     37355520
      145920           32         498.478      9338880     74711040
      145920           64         953.749     18677760    149422080
      145920          128        1905.527     37355520    298844160
      145920          256        3805.419     74711040    597688320
      145920          512        7593.242    149422080   1195376640
      145920         1024       15229.490    298844160   2390753280
      145920         2048       30486.980    597688320   4781506560
      145920         4096       60867.283   1195376640   9563013120
      160512            1          19.588       321024      2568192
      160512            2          36.879       642048      5136384
      160512            4          90.590      1284096     10272768
      160512            8         133.879      2568192     20545536
      160512           16         261.787      5136384     41091072
      160512           32         527.701     10272768     82182144
      160512           64        1178.545     20545536    164364288
      160512          128        2092.021     41091072    328728576
      160512          256        4180.566     82182144    657457152
      160512          512        8454.698    164364288   1314914304
      160512         1024       16716.106    328728576   2629828608
      160512         2048       33446.690    657457152   5259657216
      160512         4096       66840.536   1314914304  10519314432
      176448            1          19.599       352896      2823168
      176448            2          40.174       705792      5646336
      176448            4          80.126      1411584     11292672
      176448            8         146.731      2823168     22585344
      176448           16         295.651      5646336     45170688
      176448           32         586.241     11292672     90341376
      176448           64        1156.121     22585344    180682752
      176448          128        2320.013     45170688    361365504
      176448          256        4615.637     90341376    722731008
      176448          512        9237.840    180682752   1445462016
      176448         1024       18481.889    361365504   2890924032
      176448         2048       37981.438    722731008   5781848064
      176448         4096       73872.671   1445462016  11563696128
      193920            1          22.260       387840      3102720
      193920            2          43.548       775680      6205440
      193920            4          87.189      1551360     12410880
      193920            8         177.672      3102720     24821760
      193920           16         327.668      6205440     49643520
      193920           32         759.590     12410880     99287040
      193920           64        1266.865     24821760    198574080
      193920          128        2536.089     49643520    397148160
      193920          256        5054.893     99287040    794296320
      193920          512       10109.172    198574080   1588592640
      193920         1024       20213.370    397148160   3177185280
      193920         2048       40427.585    794296320   6354370560
      193920         4096       80835.549   1588592640  12708741120
      213312            1          23.815       426624      3412992
      213312            2          48.509       853248      6825984
      213312            4          94.234      1706496     13651968
      213312            8         176.280      3412992     27303936
      213312           16         353.736      6825984     54607872
      213312           32         707.732     13651968    109215744
      213312           64        1393.826     27303936    218431488
      213312          128        2793.575     54607872    436862976
      213312          256        5585.599    109215744    873725952
      213312          512       11161.050    218431488   1747451904
      213312         1024       22303.072    436862976   3494903808
      213312         2048       45613.090    873725952   6989807616
      213312         4096       89210.655   1747451904  13979615232
      234624            1          26.162       469248      3753984
      234624            2          64.067       938496      7507968
      234624            4         116.695      1876992     15015936
      234624            8         227.699      3753984     30031872
      234624           16         445.474      7507968     60063744
      234624           32         763.650     15015936    120127488
      234624           64        1540.478     30031872    240254976
      234624          128        3058.294     60063744    480509952
      234624          256        6116.776    120127488    961019904
      234624          512       12224.069    240254976   1922039808
      234624         1024       24450.325    480509952   3844079616
      234624         2048       48889.676    961019904   7688159232
      234624         4096       97797.018   1922039808  15376318464
      258048            1          29.599       516096      4128768
      258048            2          61.112      1032192      8257536
      258048            4         128.101      2064384     16515072
      258048            8         250.482      4128768     33030144
      258048           16         483.652      8257536     66060288
      258048           32         845.912     16515072    132120576
      258048           64        1677.959     33030144    264241152
      258048          128        3368.914     66060288    528482304
      258048          256        6722.385    132120576   1056964608
      258048          512       13516.384    264241152   2113929216
      258048         1024       26876.485    528482304   4227858432
      258048         2048       53739.979   1056964608   8455716864
      258048         4096      107503.978   2113929216  16911433728
      283776            1          31.294       567552      4540416
      283776            2          62.368      1135104      9080832
      283776            4         120.072      2270208     18161664
      283776            8         238.431      4540416     36323328
      283776           16         475.025      9080832     72646656
      283776           32         933.438     18161664    145293312
      283776           64        1845.851     36323328    290586624
      283776          128        3700.500     72646656    581173248
      283776          256        7406.732    145293312   1162346496
      283776          512       14779.395    290586624   2324692992
      283776         1024       29594.460    581173248   4649385984
      283776         2048       59152.962   1162346496   9298771968
      312000            1          33.357       624000      4992000
      312000            2          70.214      1248000      9984000
      312000            4         131.634      2496000     19968000
      312000            8         261.261      4992000     39936000
      312000           16         519.690      9984000     79872000
      312000           32        1019.908     19968000    159744000
      312000           64        2036.235     39936000    319488000
      312000          128        4067.874     79872000    638976000
      312000          256        8131.868    159744000   1277952000
      312000          512       16260.870    319488000   2555904000
      312000         1024       32529.542    638976000   5111808000
      312000         2048       65046.462   1277952000  10223616000
      343104            1          35.678       686208      5489664
      343104            2          74.677      1372416     10979328
      343104            4         143.057      2744832     21958656
      343104            8         297.087      5489664     43917312
      343104           16         561.905     10979328     87834624
      343104           32        1122.030     21958656    175669248
      343104           64        2271.139     43917312    351338496
      343104          128        4473.834     87834624    702676992
      343104          256        8956.581    175669248   1405353984
      343104          512       17903.056    351338496   2810707968
      343104         1024       35809.227    702676992   5621415936
      343104         2048       71606.294   1405353984  11242831872
      377280            1          39.998       754560      6036480
      377280            2          82.630      1509120     12072960
      377280            4         156.280      3018240     24145920
      377280            8         325.157      6036480     48291840
      377280           16         620.920     12072960     96583680
      377280           32        1233.002     24145920    193167360
      377280           64        2467.290     48291840    386334720
      377280          128        4919.291     96583680    772669440
      377280          256        9837.217    193167360   1545338880
      377280          512       19654.549    386334720   3090677760
      377280         1024       39322.815    772669440   6181355520
      377280         2048       78615.623   1545338880  12362711040
      414912            1          43.603       829824      6638592
      414912            2          90.448      1659648     13277184
      414912            4         170.683      3319296     26554368
      414912            8         343.665      6638592     53108736
      414912           16         686.532     13277184    106217472
      414912           32        1363.728     26554368    212434944
      414912           64        2697.888     53108736    424869888
      414912          128        5416.271    106217472    849739776
      414912          256       10806.686    212434944   1699479552
      414912          512       21627.831    424869888   3398959104
      414912         1024       43240.733    849739776   6797918208
      414912         2048       86475.923   1699479552  13595836416
      456384            1          47.066       912768      7302144
      456384            2          97.704      1825536     14604288
      456384            4         204.776      3651072     29208576
      456384            8         377.000      7302144     58417152
      456384           16         752.716     14604288    116834304
      456384           32        1485.385     29208576    233668608
      456384           64        2977.764     58417152    467337216
      456384          128        5950.075    116834304    934674432
      456384          256       11897.959    233668608   1869348864
      456384          512       23778.308    467337216   3738697728
      456384         1024       47550.082    934674432   7477395456
      456384         2048       95090.980   1869348864  14954790912
      501888            1          53.807      1003776      8030208
      501888            2         106.325      2007552     16060416
      501888            4         206.076      4015104     32120832
      501888            8         433.462      8030208     64241664
      501888           16         823.285     16060416    128483328
      501888           32        1629.805     32120832    256966656
      501888           64        3278.096     64241664    513933312
      501888          128        6553.558    128483328   1027866624
      501888          256       13072.544    256966656   2055733248
      501888          512       26140.133    513933312   4111466496
      501888         1024       52287.423   1027866624   8222932992
      501888         2048      105496.753   2055733248  16445865984
      552000            1          56.936      1104000      8832000
      552000            2         118.464      2208000     17664000
      552000            4         228.992      4416000     35328000
      552000            8         458.315      8832000     70656000
      552000           16         906.375     17664000    141312000
      552000           32        1805.257     35328000    282624000
      552000           64        3695.307     70656000    565248000
      552000          128        7206.441    141312000   1130496000
      552000          256       14379.942    282624000   2260992000
      552000          512       28763.619    565248000   4521984000
      552000         1024       57524.817   1130496000   9043968000
      607104            1          64.917      1214208      9713664
      607104            2         127.708      2428416     19427328
      607104            4         266.305      4856832     38854656
      607104            8         502.017      9713664     77709312
      607104           16         992.429     19427328    155418624
      607104           32        1986.437     38854656    310837248
      607104           64        3958.336     77709312    621674496
      607104          128        7911.368    155418624   1243348992
      607104          256       15817.451    310837248   2486697984
      607104          512       31612.846    621674496   4973395968
      607104         1024       63216.856   1243348992   9946791936
      667776            1          68.031      1335552     10684416
      667776            2         140.643      2671104     21368832
      667776            4         289.930      5342208     42737664
      667776            8         549.876     10684416     85475328
      667776           16        1089.897     21368832    170950656
      667776           32        2187.182     42737664    341901312
      667776           64        4348.759     85475328    683802624
      667776          128        8706.464    170950656   1367605248
      667776          256       17391.931    341901312   2735210496
      667776          512       34792.778    683802624   5470420992
      667776         1024       69526.182   1367605248  10940841984
      734400            1          76.884      1468800     11750400
      734400            2         154.477      2937600     23500800
      734400            4         304.059      5875200     47001600
      734400            8         609.168     11750400     94003200
      734400           16        1290.168     23500800    188006400
      734400           32        2400.641     47001600    376012800
      734400           64        4776.609     94003200    752025600
      734400          128        9573.099    188006400   1504051200
      734400          256       19125.487    376012800   3008102400
      734400          512       38239.983    752025600   6016204800
      734400         1024       76495.842   1504051200  12032409600
      807744            1          82.622      1615488     12923904
      807744            2         186.039      3230976     25847808
      807744            4         329.671      6461952     51695616
      807744            8         674.987     12923904    103391232
      807744           16        1320.304     25847808    206782464
      807744           32        2638.680     51695616    413564928
      807744           64        5264.495    103391232    827129856
      807744          128       10530.551    206782464   1654259712
      807744          256       21050.647    413564928   3308519424
      807744          512       42113.829    827129856   6617038848
      807744         1024       84164.675   1654259712  13234077696
      888384            1          91.198      1776768     14214144
      888384            2         183.734      3553536     28428288
      888384            4         379.975      7107072     56856576
      888384            8         740.872     14214144    113713152
      888384           16        1446.078     28428288    227426304
      888384           32        2897.281     56856576    454852608
      888384           64        5792.642    113713152    909705216
      888384          128       11557.981    227426304   1819410432
      888384          256       23133.989    454852608   3638820864
      888384          512       46274.406    909705216   7277641728
      888384         1024       92518.820   1819410432  14555283456
      977088            1          99.672      1954176     15633408
      977088            2         204.214      3908352     31266816
      977088            4         402.090      7816704     62533632
      977088            8         804.086     15633408    125067264
      977088           16        1599.595     31266816    250134528
      977088           32        3182.749     62533632    500269056
      977088           64        6358.991    125067264   1000538112
      977088          128       12727.740    250134528   2001076224
      977088          256       25448.186    500269056   4002152448
      977088          512       50872.974   1000538112   8004304896
      977088         1024      101761.412   2001076224  16008609792
     1074624            1         110.391      2149248     17193984
     1074624            2         222.180      4298496     34387968
     1074624            4         457.685      8596992     68775936
     1074624            8         869.457     17193984    137551872
     1074624           16        1756.032     34387968    275103744
     1074624           32        3506.601     68775936    550207488
     1074624           64        6997.174    137551872   1100414976
     1074624          128       13995.430    275103744   2200829952
     1074624          256       27976.462    550207488   4401659904
     1074624          512       55945.910   1100414976   8803319808
     1181952            1         121.023      2363904     18911232
     1181952            2         244.128      4727808     37822464
     1181952            4         501.675      9455616     75644928
     1181952            8         967.436     18911232    151289856
     1181952           16        1927.750     37822464    302579712
     1181952           32        3852.332     75644928    605159424
     1181952           64        7687.470    151289856   1210318848
     1181952          128       15396.455    302579712   2420637696
     1181952          256       30924.265    605159424   4841275392
     1181952          512       61531.277   1210318848   9682550784
     1300032            1         135.123      2600064     20800512
     1300032            2         268.386      5200128     41601024
     1300032            4         545.848     10400256     83202048
     1300032            8        1065.513     20800512    166404096
     1300032           16        2120.094     41601024    332808192
     1300032           32        4231.310     83202048    665616384
     1300032           64        8478.643    166404096   1331232768
     1300032          128       16909.852    332808192   2662465536
     1300032          256       33834.034    665616384   5324931072
     1300032          512       67682.128   1331232768  10649862144
     1430016            1         164.307      2860032     22880256
     1430016            2         294.242      5720064     45760512
     1430016            4         586.930     11440128     91521024
     1430016            8        1176.584     22880256    183042048
     1430016           16        2327.692     45760512    366084096
     1430016           32        4660.038     91521024    732168192
     1430016           64        9314.349    183042048   1464336384
     1430016          128       18624.782    366084096   2928672768
     1430016          256       37225.212    732168192   5857345536
     1430016          512       75449.441   1464336384  11714691072
     1572864            1         159.796      3145728     25165824
     1572864            2         323.032      6291456     50331648
     1572864            4         657.039     12582912    100663296
     1572864            8        1282.033     25165824    201326592
     1572864           16        2568.320     50331648    402653184
     1572864           32        5212.528    100663296    805306368
     1572864           64       10766.638    201326592   1610612736
     1572864          128       20472.071    402653184   3221225472
     1572864          256       40948.773    805306368   6442450944
     1572864          512       81884.703   1610612736  12884901888
     1730112            1         178.619      3460224     27681792
     1730112            2         354.842      6920448     55363584
     1730112            4         718.950     13840896    110727168
     1730112            8        1528.171     27681792    221454336
     1730112           16        2820.085     55363584    442908672
     1730112           32        5637.432    110727168    885817344
     1730112           64       11266.386    221454336   1771634688
     1730112          128       22531.928    442908672   3543269376
     1730112          256       45034.516    885817344   7086538752
     1730112          512       90329.103   1771634688  14173077504
     1903104            1         211.837      3806208     30449664
     1903104            2         388.998      7612416     60899328
     1903104            4         785.717     15224832    121798656
     1903104            8        1545.958     30449664    243597312
     1903104           16        3111.024     60899328    487194624
     1903104           32        6193.582    121798656    974389248
     1903104           64       12386.322    243597312   1948778496
     1903104          128       24778.817    487194624   3897556992
     1903104          256       49534.226    974389248   7795113984
     1903104          512       99133.036   1948778496  15590227968
     2093376            1         213.571      4186752     33494016
     2093376            2         444.157      8373504     66988032
     2093376            4         863.124     16747008    133976064
     2093376            8        1700.683     33494016    267952128
     2093376           16        3415.232     66988032    535904256
     2093376           32        6804.237    133976064   1071808512
     2093376           64       13624.588    267952128   2143617024
     2093376          128       27244.980    535904256   4287234048
     2093376          256       54503.090   1071808512   8574468096
     2093376          512      109008.590   2143617024  17148936192
     2302656            1         252.273      4605312     36842496
     2302656            2         469.691      9210624     73684992
     2302656            4         945.384     18421248    147369984
     2302656            8        1878.676     36842496    294739968
     2302656           16        3750.481     73684992    589479936
     2302656           32        7494.473    147369984   1178959872
     2302656           64       14990.167    294739968   2357919744
     2302656          128       29981.297    589479936   4715839488
     2302656          256       59927.367   1178959872   9431678976
     2532864            1         275.162      5065728     40525824
     2532864            2         520.924     10131456     81051648
     2532864            4        1034.214     20262912    162103296
     2532864            8        2064.390     40525824    324206592
     2532864           16        4134.885     81051648    648413184
     2532864           32        8241.446    162103296   1296826368
     2532864           64       16498.269    324206592   2593652736
     2532864          128       32962.430    648413184   5187305472
     2532864          256       65940.143   1296826368  10374610944
     2786112            1         282.584      5572224     44577792
     2786112            2         579.412     11144448     89155584
     2786112            4        1135.987     22288896    178311168
     2786112            8        2267.096     44577792    356622336
     2786112           16        4544.107     89155584    713244672
     2786112           32        9067.751    178311168   1426489344
     2786112           64       18132.827    356622336   2852978688
     2786112          128       36284.682    713244672   5705957376
     2786112          256       72551.212   1426489344  11411914752
     3064704            1         310.078      6129408     49035264
     3064704            2         640.759     12258816     98070528
     3064704            4        1247.604     24517632    196141056
     3064704            8        2502.613     49035264    392282112
     3064704           16        4990.158     98070528    784564224
     3064704           32        9976.876    196141056   1569128448
     3064704           64       19952.197    392282112   3138256896
     3064704          128       39895.388    784564224   6276513792
     3064704          256       79810.754   1569128448  12553027584
     3371136            1         343.330      6742272     53938176
     3371136            2         700.321     13484544    107876352
     3371136            4        1371.770     26969088    215752704
     3371136            8        2748.882     53938176    431505408
     3371136           16        5485.165    107876352    863010816
     3371136           32       10978.023    215752704   1726021632
     3371136           64       21940.268    431505408   3452043264
     3371136          128       43882.771    863010816   6904086528
     3371136          256       87769.926   1726021632  13808173056
     3708096            1         394.573      7416192     59329536
     3708096            2         765.548     14832384    118659072
     3708096            4        1510.836     29664768    237318144
     3708096            8        3019.633     59329536    474636288
     3708096           16        6038.130    118659072    949272576
     3708096           32       12068.777    237318144   1898545152
     3708096           64       24445.416    474636288   3797090304
     3708096          128       48265.582    949272576   7594180608
     3708096          256       96528.192   1898545152  15188361216
     4078848            1         417.346      8157696     65261568
     4078848            2         846.433     16315392    130523136
     4078848            4        1668.847     32630784    261046272
     4078848            8        3316.704     65261568    522092544
     4078848           16        6642.754    130523136   1044185088
     4078848           32       13265.620    261046272   2088370176
     4078848           64       26543.722    522092544   4176740352
     4078848          128       53081.194   1044185088   8353480704
     4078848          256      106150.355   2088370176  16706961408
     4486656            1         472.160      8973312     71786496
     4486656            2         921.175     17946624    143572992
     4486656            4        1831.460     35893248    287145984
     4486656            8        3648.247     71786496    574291968
     4486656           16        7313.147    143572992   1148583936
     4486656           32       14597.492    287145984   2297167872
     4486656           64       29188.930    574291968   4594335744
     4486656          128       58400.041   1148583936   9188671488
     4935168            1         516.229      9870336     78962688
     4935168            2        1011.800     19740672    157925376
     4935168            4        2012.555     39481344    315850752
     4935168            8        4149.788     78962688    631701504
     4935168           16        8848.382    157925376   1263403008
     4935168           32       16078.628    315850752   2526806016
     4935168           64       32112.888    631701504   5053612032
     4935168          128       64224.422   1263403008  10107224064
     5428608            1         550.040     10857216     86857728
     5428608            2        1120.604     21714432    173715456
     5428608            4        2220.392     43428864    347430912
     5428608            8        4415.335     86857728    694861824
     5428608           16        8839.287    173715456   1389723648
     5428608           32       17696.045    347430912   2779447296
     5428608           64       35312.582    694861824   5558894592
     5428608          128       70634.263   1389723648  11117789184
     5971392            1         620.164     11942784     95542272
     5971392            2        1220.519     23885568    191084544
     5971392            4        2479.979     47771136    382169088
     5971392            8        4861.560     95542272    764338176
     5971392           16        9718.346    191084544   1528676352
     5971392           32       19423.627    382169088   3057352704
     5971392           64       38848.991    764338176   6114705408
     5971392          128       77690.922   1528676352  12229410816
     6568512            1         681.799     13137024    105096192
     6568512            2        1339.238     26274048    210192384
     6568512            4        2679.344     52548096    420384768
     6568512            8        5345.029    105096192    840769536
     6568512           16       10697.667    210192384   1681539072
     6568512           32       21365.276    420384768   3363078144
     6568512           64       42755.119    840769536   6726156288
     6568512          128       85512.289   1681539072  13452312576
     7225344            1         749.784     14450688    115605504
     7225344            2        1471.303     28901376    231211008
     7225344            4        2944.140     57802752    462422016
     7225344            8        5990.884    115605504    924844032
     7225344           16       11759.207    231211008   1849688064
     7225344           32       23508.697    462422016   3699376128
     7225344           64       47066.513    924844032   7398752256
     7225344          128       94033.960   1849688064  14797504512
     7947840            1         820.654     15895680    127165440
     7947840            2        1615.941     31791360    254330880
     7947840            4        3243.834     63582720    508661760
     7947840            8        6464.395    127165440   1017323520
     7947840           16       12945.851    254330880   2034647040
     7947840           32       25925.526    508661760   4069294080
     7947840           64       51813.063   1017323520   8138588160
     7947840          128      103423.100   2034647040  16277176320
     8742528            1         896.591     17485056    139880448
     8742528            2        1775.856     34970112    279760896
     8742528            4        3564.711     69940224    559521792
     8742528            8        7112.171    139880448   1119043584
     8742528           16       14223.460    279760896   2238087168
     8742528           32       28454.805    559521792   4476174336
     8742528           64       61223.642   1119043584   8952348672
     9616704            1        1256.084     19233408    153867264
     9616704            2        2399.623     38466816    307734528
     9616704            4        4556.073     76933632    615469056
     9616704            8        9472.001    153867264   1230938112
     9616704           16       15668.436    307734528   2461876224
     9616704           32       31285.745    615469056   4923752448
     9616704           64       63562.848   1230938112   9847504896
    10578240            1        1083.209     21156480    169251840
    10578240            2        2165.727     42312960    338503680
    10578240            4        4301.573     84625920    677007360
    10578240            8        8596.039    169251840   1354014720
    10578240           16       17214.937    338503680   2708029440
    10578240           32       34397.698    677007360   5416058880
    10578240           64       68811.344   1354014720  10832117760
    11635968            1        1201.344     23271936    186175488
    11635968            2        2365.020     46543872    372350976
    11635968            4        4737.616     93087744    744701952
    11635968            8        9457.124    186175488   1489403904
    11635968           16       18924.698    372350976   2978807808
    11635968           32       37843.507    744701952   5957615616
    11635968           64       75691.281   1489403904  11915231232
    12799488            1        1304.886     25598976    204791808
    12799488            2        2612.964     51197952    409583616
    12799488            4        5202.998    102395904    819167232
    12799488            8       10414.217    204791808   1638334464
    12799488           16       20801.382    409583616   3276668928
    12799488           32       42639.003    819167232   6553337856
    12799488           64       83262.784   1638334464  13106675712
    14079360            1        1433.100     28158720    225269760
    14079360            2        2868.235     56317440    450539520
    14079360            4        5730.675    112634880    901079040
    14079360            8       11439.339    225269760   1802158080
    14079360           16       22894.082    450539520   3604316160
    14079360           32       45822.691    901079040   7208632320
    14079360           64       91576.593   1802158080  14417264640
    15487296            1        1573.857     30974592    247796736
    15487296            2        3163.852     61949184    495593472
    15487296            4        6294.021    123898368    991186944
    15487296            8       12639.592    247796736   1982373888
    15487296           16       25186.981    495593472   3964747776
    15487296           32       50347.845    991186944   7929495552
    15487296           64      100705.013   1982373888  15858991104
    17035968            1        1743.757     34071936    272575488
    17035968            2        3462.109     68143872    545150976
    17035968            4        6923.995    136287744   1090301952
    17035968            8       13865.151    272575488   2180603904
    17035968           16       27682.385    545150976   4361207808
    17035968           32       55373.815   1090301952   8722415616
    18739392            1        1918.557     37478784    299830272
    18739392            2        3816.219     74957568    599660544
    18739392            4        7623.109    149915136   1199321088
    18739392            8       15225.589    299830272   2398642176
    18739392           16       30462.911    599660544   4797284352
    18739392           32       60883.221   1199321088   9594568704
    20613312            1        2101.732     41226624    329812992
    20613312            2        4191.321     82453248    659625984
    20613312            4        8373.332    164906496   1319251968
    20613312            8       16742.226    329812992   2638503936
    20613312           16       33499.449    659625984   5277007872
    20613312           32       66970.833   1319251968  10554015744
    22674624            1        2312.842     45349248    362793984
    22674624            2        4617.100     90698496    725587968
    22674624            4        9213.743    181396992   1451175936
    22674624            8       18431.413    362793984   2902351872
    22674624           16       36912.388    725587968   5804703744
    22674624           32       73682.091   1451175936  11609407488
    24941952            1        2533.676     49883904    399071232
    24941952            2        5070.843     99767808    798142464
    24941952            4       10139.197    199535616   1596284928
    24941952            8       20276.972    399071232   3192569856
    24941952           16       40526.747    798142464   6385139712
    24941952           32       81085.815   1596284928  12770279424
    27436032            1        2787.541     54872064    438976512
    27436032            2        5587.695    109744128    877953024
    27436032            4       11153.017    219488256   1755906048
    27436032            8       22318.082    438976512   3511812096
    27436032           16       44596.677    877953024   7023624192
    27436032           32       89184.542   1755906048  14047248384
    30179520            1        3069.975     60359040    482872320
    30179520            2        6137.859    120718080    965744640
    30179520            4       12262.332    241436160   1931489280
    30179520            8       24559.016    482872320   3862978560
    30179520           16       49051.308    965744640   7725957120
    30179520           32       98083.633   1931489280  15451914240
    33197376            1        3389.412     66394752    531158016
    33197376            2        6741.492    132789504   1062316032
    33197376            4       13499.701    265579008   2124632064
    33197376            8       26980.831    531158016   4249264128
    33197376           16       53962.092   1062316032   8498528256
    33197376           32      107898.674   2124632064  16997056512
    36517056            1        3728.575     73034112    584272896
    36517056            2        7417.726    146068224   1168545792
    36517056            4       14846.153    292136448   2337091584
    36517056            8       29679.716    584272896   4674183168
    36517056           16       59365.379   1168545792   9348366336
    40168704            1        4102.365     80337408    642699264
    40168704            2        8167.378    160674816   1285398528
    40168704            4       16334.285    321349632   2570797056
    40168704            8       32673.836    642699264   5141594112
    40168704           16       65299.294   1285398528  10283188224
    44185536            1        4507.058     88371072    706968576
    44185536            2        8985.613    176742144   1413937152
    44185536            4       17966.936    353484288   2827874304
    44185536            8       35974.564    706968576   5655748608
    44185536           16       72768.297   1413937152  11311497216
    48604032            1        4952.647     97208064    777664512
    48604032            2        9891.413    194416128   1555329024
    48604032            4       19789.904    388832256   3110658048
    48604032            8       39524.809    777664512   6221316096
    48604032           16       79056.138   1555329024  12442632192
    53464320            1        5440.622    106928640    855429120
    53464320            2       10876.744    213857280   1710858240
    53464320            4       21758.462    427714560   3421716480
    53464320            8       43568.021    855429120   6843432960
    53464320           16       86972.325   1710858240  13686865920
    58810752            1        5982.402    117621504    940972032
    58810752            2       11964.826    235243008   1881944064
    58810752            4       23924.014    470486016   3763888128
    58810752            8       47852.194    940972032   7527776256
    58810752           16       95684.422   1881944064  15055552512
    64691712            1        6590.515    129383424   1035067392
    64691712            2       13160.214    258766848   2070134784
    64691712            4       26318.786    517533696   4140269568
    64691712            8       52637.465   1035067392   8280539136
    64691712           16      105260.129   2070134784  16561078272
    71160768            1        7239.016    142321536   1138572288
    71160768            2       14473.904    284643072   2277144576
    71160768            4       28978.069    569286144   4554289152
    71160768            8       57906.238   1138572288   9108578304
    78276672            1        7962.621    156553344   1252426752
    78276672            2       15964.096    313106688   2504853504
    78276672            4       31862.740    626213376   5009707008
    78276672            8       63794.750   1252426752  10019414016
    86104320            1        8779.971    172208640   1377669120
    86104320            2       17532.876    344417280   2755338240
    86104320            4       35050.058    688834560   5510676480
    86104320            8       70076.582   1377669120  11021352960
    94714752            1        9651.388    189429504   1515436032
    94714752            2       19271.008    378859008   3030872064
    94714752            4       38652.247    757718016   6061744128
    94714752            8       77074.991   1515436032  12123488256
   104186112            1       10626.223    208372224   1666977792
   104186112            2       21188.429    416744448   3333955584
   104186112            4       42397.490    833488896   6667911168
   104186112            8       84779.677   1666977792  13335822336
   114604608            1       11650.932    229209216   1833673728
   114604608            2       23337.590    458418432   3667347456
   114604608            4       46733.073    916836864   7334694912
   114604608            8       93271.169   1833673728  14669389824
   126064896            1       12828.466    252129792   2017038336
   126064896            2       25728.892    504259584   4034076672
   126064896            4       51299.082   1008519168   8068153344
   126064896            8      102604.966   2017038336  16136306688
   138671232            1       14106.518    277342464   2218739712
   138671232            2       28325.472    554684928   4437479424
   138671232            4       56435.659   1109369856   8874958848
   152538240            1       15525.782    305076480   2440611840
   152538240            2       31054.907    610152960   4881223680
   152538240            4       62113.444   1220305920   9762447360
   167792064            1       17070.480    335584128   2684673024
   167792064            2       34150.586    671168256   5369346048
   167792064            4       69191.771   1342336512  10738692096
   184571136            1       18793.899    369142272   2953138176
   184571136            2       37535.579    738284544   5906276352
   184571136            4       75107.060   1476569088  11812552704
   203028096            1       20659.456    406056192   3248449536
   203028096            2       41301.362    812112384   6496899072
   203028096            4       82603.887   1624224768  12993798144
   223330752            1       22717.564    446661504   3573292032
   223330752            2       45606.387    893323008   7146584064
   223330752            4       91061.107   1786646016  14293168128
   245663808            1       24994.675    491327616   3930620928
   245663808            2       49969.672    982655232   7861241856
   245663808            4       99939.033   1965310464  15722483712
   270230016            1       27518.951    540460032   4323680256
   270230016            2       55038.825   1080920064   8647360512
   297252864            1       30251.142    594505728   4756045824
   297252864            2       60461.226   1189011456   9512091648
   326978112            1       33279.112    653956224   5231649792
   326978112            2       66499.577   1307912448  10463299584
   359675904            1       40513.207    719351808   5754814464
   359675904            2       73187.095   1438703616  11509628928
   395643456            1       40232.798    791286912   6330295296
   395643456            2       80465.859   1582573824  12660590592
   435207744            1       44265.140    870415488   6963323904
   435207744            2       88519.319   1740830976  13926647808
   478728384            1       48695.768    957456768   7659654144
   478728384            2       97379.804   1914913536  15319308288
   526601088            1       53567.475   1053202176   8425617408
   526601088            2      107704.436   2106404352  16851234816
   579261120            1       58930.664   1158522240   9268177920
   637187136            1       64819.231   1274374272  10194994176
   700905792            1       71267.897   1401811584  11214492672
   770996352            1       78400.704   1541992704  12335941632
   848095872            1       86237.838   1696191744  13569533952
   932905344            1       95261.898   1865810688  14926485504
  1026195840            1      104330.435   2052391680  16419133440

META_DATA
FLOPS          128
MPI_PROCS      1
OPENMP_THREADS 24
ERT_VERSION  1.1.0
HOSTNAME  ('deepv.deep', [], ['10.2.8.6'])
UNAME  uname_result(system='Linux', node='deepv', release='4.18.0-513.11.1.el8_9.0.1.x86_64', version='#1 SMP Sun Feb 11 10:42:18 UTC 2024', machine='x86_64')
TIMESTAMP_DATA  1710502126.4586096
CONFIG  {'ERT_RESULTS': ['Results.cn.deep.fz-juelich.de.01.gcc2023-O3'], 'ERT_DRIVER': ['driver1'], 'ERT_KERNEL': ['kernel1'], 'ERT_MPI': ['True'], 'ERT_MPI_CFLAGS': ['-I', '/p/software/deep/stages/2023/software/psmpi/5.9.2-1-GCC-11.3.0/include'], 'ERT_MPI_LDFLAGS': ['-L', '/p/software/deep/stages/2023/software/psmpi/5.9.2-1-GCC-11.3.0/lib', '-lmpi'], 'ERT_OPENMP': ['True'], 'ERT_OPENMP_CFLAGS': ['-fopenmp'], 'ERT_OPENMP_LDFLAGS': ['-fopenmp'], 'ERT_FLOPS': ['1,2,4,8,16,64,128'], 'ERT_ALIGN': ['64'], 'ERT_CC': ['mpicxx'], 'ERT_CFLAGS': ['-g', '-O3', '-mavx'], 'ERT_LD': ['mpicxx'], 'ERT_LDFLAGS': [], 'ERT_LDLIBS': [], 'ERT_PRECISION': ['FP64'], 'ERT_RUN': ['export', 'OMP_NUM_THREADS=ERT_OPENMP_THREADS;', 'export', 'OMP_PLACES="cores(ERT_OPENMP_THREADS)";', 'srun', '-p', 'dp-cn', '-n', 'ERT_MPI_PROCS', '-c', '48', '--ntasks-per-node', '1', 'ERT_CODE'], 'ERT_PROCS_THREADS': ['24'], 'ERT_MPI_PROCS': ['1'], 'ERT_OPENMP_THREADS': ['24'], 'ERT_NUM_EXPERIMENTS': ['5'], 'ERT_MEMORY_MAX': ['1073741824'], 'ERT_WORKING_SET_MIN': ['128'], 'ERT_TRIALS_MIN': ['1'], 'ERT_GNUPLOT': ['gnuplot'], 'ERT_GPU': [False], 'ERT_HIP': [False], 'ERT_OCL': [False], 'ERT_SYCL': [False], 'ERT_WSS_MULT': [1.1]}
