fp64
 24576 32768 40029.224 40085.224 40098.2 40.16670912908809 40.1797115066639 40.235922035360964 160.66683651635236 160.7188460266556 160.94368814144386
 26880 32768 43755.614 43836.507 43862.667 40.16189166062337 40.18585878660451 40.26015221726748 160.64756664249347 160.74343514641805 161.04060886906993
 29568 32768 48882.368 48899.503 48955.77 39.582023691997904 39.627569384498656 39.64146025004353 158.32809476799162 158.51027753799463 158.56584100017412
 32448 32768 53985.436 54025.743 54045.628 39.34660779591644 39.36108991596839 39.39047798002409 157.38643118366576 157.44435966387357 157.56191192009635
 35520 16384 29511.361 29525.52 29537.514 39.40478403158776 39.420791234159466 39.43970459376645 157.61913612635104 157.68316493663787 157.7588183750658
 38976 16384 32657.234 32702.748 32730.313 39.02087853544206 39.053769059407486 39.10819783451348 156.08351414176823 156.21507623762994 156.43279133805393
 42816 16384 35778.3 35840.076 35857.348 39.12711804565134 39.145974132420925 39.213564870326415 156.50847218260537 156.5838965296837 156.85425948130566
 47040 16384 38943.808 38949.317 43456.511 35.470098370299446 39.574679063050056 39.58027730621515 141.88039348119779 158.29871625220022 158.3211092248606
 51648 16384 42658.742 42692.677 46640.136 36.286379267847764 39.64149786156534 39.673032645922845 145.14551707139105 158.56599144626136 158.69213058369138
 56640 16384 47078.017 47083.335 47170.517 39.34617718945077 39.41903265773336 39.42348548792954 157.38470875780308 157.67613063093344 157.69394195171816
 62208 16384 50603.758 50664.435 50699.731 40.20596764113009 40.23397762158011 40.28222062084796 160.82387056452035 160.93591048632044 161.12888248339183
 68352 8192 27793.08 28800.126 28831.36 38.84239827743124 38.88452321354428 40.29345319050641 155.36959310972497 155.5380928541771 161.17381276202565
 75072 8192 31359.138 31397.515 31439.783 39.12176009611771 39.1744266385413 39.222367910750606 156.48704038447084 156.6977065541652 156.88947164300242
 82560 8192 34094.256 34140.011 34194.7 39.55768116111562 39.621048745414875 39.674220783700335 158.23072464446247 158.4841949816595 158.69688313480134
 90816 8192 37660.967 38630.285 38722.012 38.42593055340203 38.51717231700465 39.508527330166544 153.70372221360813 154.0686892680186 158.03410932066618
 99840 8192 40570.139 40595.996 41156.355 39.745467255299936 40.294086145835664 40.319767206121725 158.98186902119974 161.17634458334265 161.2790688244869
 109824 8192 44661.078 44754.085 45681.528 39.38914687792405 40.20541177414307 40.28913981879255 157.5565875116962 160.8216470965723 161.1565592751702
 120768 8192 49984.122 50001.384 50038.096 39.543129538741844 39.572162882531416 39.58582911589404 158.17251815496738 158.28865153012566 158.34331646357617
 132672 4096 27546.863 27563.419 27650.498 39.30667085996064 39.430849416757766 39.4545478372619 157.22668343984256 157.72339766703107 157.8181913490476
 145920 4096 29658.479 29680.544 31074.394 38.46822049047843 40.274755071874694 40.304718256118264 153.87288196191372 161.09902028749877 161.21887302447306
 160512 4096 32710.433 32731.536 33602.728 39.13117720680297 40.17270390243831 40.1986211555194 156.52470882721187 160.69081560975323 160.7944846220776
 176448 4096 36564.05 36654.561 36678.636 39.4088268713155 39.43471089450505 39.532327956011436 157.635307485262 157.7388435780202 158.12931182404574
 193920 4096 39925.774 40003.087 40156.418 39.56011813603494 39.71175124559762 39.788649808016245 158.24047254413975 158.84700498239047 159.15459923206498
 213312 4096 44159.734 44169.0 45228.188 38.63634563471789 39.56285865652381 39.57116009802052 154.54538253887156 158.25143462609523 158.28464039208208
 234624 4096 48262.054 48300.03 48366.69 39.73891552223235 39.7937601280993 39.825072675108274 158.9556620889294 159.1750405123972 159.3002907004331
 258048 4096 52475.232 52517.714 52544.906 40.23090679808238 40.25173708055914 40.28432339279605 160.92362719232952 161.00694832223655 161.1372935711842
 283776 2048 29158.95 29273.744 30209.499 38.47619240557415 39.70610988468029 39.862426321935466 153.9047696222966 158.82443953872115 159.44970528774186
 312000 2048 32157.335 32179.336 32243.712 39.63414634146341 39.7134359764291 39.74060661432298 158.53658536585365 158.8537439057164 158.9624264572919
 343104 2048 35458.703 35478.624 35522.969 39.56183910190616 39.611287743290156 39.63354170060873 158.24735640762464 158.44515097316062 158.53416680243492
 377280 2048 38855.169 38892.651 39817.169 38.81086774401264 39.73344167256688 39.7717709064655 155.24347097605056 158.93376669026753 159.087083625862
 414912 2048 42721.298 42751.904 42781.474 39.7246610063038 39.75213716797268 39.78061602903544 158.8986440252152 159.0085486718907 159.12246411614177
 456384 2048 46966.296 47004.889 47009.512 39.76533225871393 39.76924323765555 39.80192229764084 159.06132903485573 159.0769729506222 159.20768919056337
 501888 2048 51530.434 52528.496 52683.551 39.0204002763595 39.13558172310892 39.89357528019267 156.081601105438 156.54232689243568 159.57430112077068
 552000 1024 28467.489 28484.02 28573.648 39.56428664621332 39.68877988430004 39.7118270599841 158.25714658485327 158.75511953720016 158.8473082399364
 607104 1024 31148.679 31187.454 31277.322 39.752412051134044 39.86696034886336 39.91658818019217 159.00964820453618 159.46784139545343 159.66635272076869
 667776 1024 34264.89 34324.957 34367.199 39.793910699559774 39.8428830661026 39.912728393407946 159.1756427982391 159.3715322644104 159.65091357363178
 734400 1024 37701.819 37727.06 38032.298 39.546682138428764 39.86664213962074 39.89333246759261 158.18672855371506 159.46656855848295 159.57332987037043
 807744 1024 41685.877 41748.267 42813.056 38.63914110686236 39.624631891905835 39.683936888265535 154.55656442744944 158.49852756762334 158.73574755306214
 888384 1024 45788.44 45804.07 45874.838 39.66031295848936 39.72158875837889 39.735147823337066 158.64125183395743 158.88635503351557 158.94059129334826
 977088 1024 50099.934 50125.077 51093.095 39.16529668050057 39.921658853511595 39.94169381540503 156.66118672200227 159.68663541404638 159.76677526162013
 1074624 512 27520.84 27578.796 28526.324 38.57542163511849 39.900762020212916 39.98478883638726 154.30168654047395 159.60304808085166 159.93915534554904
 1181952 512 30028.391 30076.194 30195.389 40.08290298892987 40.241755589154664 40.30581751782838 160.33161195571947 160.96702235661866 161.22327007131352
 1300032 512 33466.551 33479.746 33537.323 39.694067651136024 39.762331769183675 39.77800903355712 158.7762706045441 159.0493270767347 159.11203613422848
 1430016 512 36526.638 36529.99 36678.779 39.923258732249515 40.08586873415515 40.08954735992949 159.69303492899806 160.3434749366206 160.35818943971796
 1572864 512 40057.29 40161.252 40293.855 39.97167151169825 40.103648561553804 40.20773087745077 159.886686046793 160.41459424621522 160.83092350980309
 1730112 512 44505.894 44591.566 44600.767 39.72206773932834 39.73026396964843 39.806743079916565 158.88827095731335 158.92105587859373 159.22697231966626
 1903104 512 48521.98 48553.499 48577.543 40.116860089033324 40.1367262120491 40.162798302954656 160.4674403561333 160.5469048481964 160.65119321181862
 2093376 512 53859.638 53935.646 54878.215 39.061347458185374 39.74397607103844 39.80006371375909 156.2453898327415 158.97590428415376 159.20025485503635
 2302656 256 29362.12 29378.636 29411.141 40.08548570080978 40.12983693320548 40.152409703386546 160.3419428032391 160.51934773282193 160.60963881354618
 2532864 256 32231.789 32279.679 32304.846 40.14340040500426 40.17469839151747 40.234389968239114 160.57360162001703 160.69879356606987 160.93755987295646
 2786112 256 35651.863 35673.099 40417.775 35.29361386172296 39.987816701879474 40.011635408786354 141.17445544689184 159.9512668075179 160.04654163514542
 3064704 256 39162.112 39210.546 39520.761 39.70390266523461 40.01802086612107 40.067513417049625 158.81561066093843 160.07208346448428 160.2700536681985
 3371136 256 43048.225 43138.298 43596.741 39.59061141749104 40.01135214004038 40.0950708652912 158.36244566996416 160.04540856016152 160.3802834611648
 3708096 256 47185.76 47202.691 47891.695 39.64247145564591 40.221121122098744 40.23555309907057 158.56988582258364 160.88448448839497 160.9422123962823
 4078848 256 51850.855 51942.229 52806.555 39.547555715384206 40.20563260771886 40.27648485256415 158.19022286153682 160.82253043087545 161.1059394102566
 4486656 128 28533.944 28549.358 28926.752 39.70663336139502 40.23151539870003 40.25324841178633 158.82653344558008 160.92606159480013 161.01299364714532
 4935168 128 31351.269 31399.606 31830.476 39.69161529346907 40.23626946147032 40.29830524563455 158.76646117387628 160.9450778458813 161.1932209825382
 5428608 128 34570.297 34589.62 35071.329 39.625634032859146 40.177476595579826 40.199933717665196 158.50253613143659 160.7099063823193 160.79973487066079
 5971392 128 37959.802 37972.834 38544.075 39.66047575405559 40.257104644862686 40.270925333066806 158.64190301622236 161.02841857945074 161.08370133226722
 6568512 128 41832.092 41904.03 42350.623 39.70517911861651 40.12833782335494 40.197345903714314 158.82071647446605 160.51335129341976 160.78938361485726
 7225344 128 45999.172 46024.996 46944.621 39.401491046226575 40.188771857796574 40.21133389096656 157.6059641849063 160.7550874311863 160.84533556386623
 7947840 128 50713.314 50719.72 50823.879 40.03328907657756 40.11550221491758 40.120569521447564 160.13315630631024 160.46200885967033 160.48227808579026
 8742528 64 27809.61 27846.54 28680.848 39.01710242319194 40.18609076747057 40.239456216753844 156.06840969276777 160.74436306988227 160.95782486701538
 9616704 64 30619.219 30676.572 31004.219 39.70227768033764 40.12632545774672 40.201486262598664 158.80911072135055 160.50530183098687 160.80594505039466
 10578240 64 33698.333 33745.836 34079.887 39.73061060912555 40.12390506490934 40.1804659001975 158.9224424365022 160.49562025963735 160.72186360079
 11635968 64 37023.534 37057.952 37479.9 39.73873740324814 40.191209271359625 40.22857202124465 158.95494961299255 160.7648370854385 160.9142880849786
 12799488 64 40739.658 40783.601 41091.403 39.870492229238316 40.171402814577355 40.214732877728125 159.48196891695326 160.68561125830942 160.8589315109125
 14079360 64 44842.691 44889.545 45285.373 39.7955887434117 40.14649914584788 40.188446317818 159.1823549736468 160.58599658339153 160.753785271272
 15487296 64 49358.067 49393.067 49850.539 39.766348123136645 40.134658736619855 40.16311838143904 159.06539249254658 160.53863494647942 160.65247352575616
 17035968 32 26922.903 27049.949 27886.253 39.09818762671342 40.306987344042675 40.49719125756981 156.39275050685367 161.2279493761707 161.98876503027924
 18739392 32 29664.959 29750.373 30080.316 39.87062795483931 40.31280844781341 40.428880687143376 159.48251181935723 161.25123379125364 161.7155227485735
 20613312 32 32689.88 32744.556 33579.652 39.287243596211184 40.289200073441215 40.35658644204262 157.14897438484473 161.15680029376486 161.42634576817048
 22674624 32 36026.931 36043.783 38520.174 37.67314072880357 40.26147688215746 40.280309638364706 150.69256291521427 161.04590752862984 161.12123855345882
 24941952 32 39730.675 39780.879 39990.692 39.916411749013996 40.12693957818278 40.177644301286094 159.66564699605598 160.5077583127311 160.71057720514438
 27436032 32 43642.685 43664.803 44001.301 39.905775695132284 40.21330516480287 40.233685163962754 159.62310278052914 160.85322065921147 160.93474065585102
 30179520 32 47990.763 48722.621 48970.796 39.441655798284344 39.642556996266684 40.2471050522785 157.76662319313738 158.57022798506674 160.988420209114
 33197376 32 52813.27 52882.343 53387.366 39.796532835128076 40.17658718336289 40.22913301903102 159.1861313405123 160.70634873345156 160.91653207612407
 36517056 16 28756.508 28837.762 29091.532 40.16790150480903 40.52137582659847 40.63587247797959 160.67160601923612 162.0855033063939 162.54348991191836
 40168704 16 31671.933 31706.862 31914.498 40.27631980926036 40.54007388053728 40.58478300014085 161.10527923704143 162.1602955221491 162.3391320005634
 44185536 16 34758.865 34797.643 34995.814 40.40303654602805 40.63313000825947 40.67846150902798 161.6121461841122 162.53252003303788 162.71384603611193
 48604032 16 38174.692 38400.127 39195.655 39.68115914889036 40.50322604401803 40.74241185757307 158.72463659556144 162.0129041760721 162.96964743029227
 53464320 16 42030.384 42080.347 42427.707 40.32407973402852 40.65694230135507 40.70527264276244 161.2963189361141 162.6277692054203 162.82109057104975
 58810752 16 46232.379 46239.641 47232.923 39.843904303784036 40.69979833969732 40.706191303718114 159.37561721513615 162.79919335878927 162.82476521487246
 64691712 16 50854.176 50913.961 51344.978 40.31815504916567 40.659472241808096 40.70727218154119 161.27262019666267 162.63788896723239 162.82908872616477
 71160768 8 27523.368 27555.095 27791.707 40.96805885295207 41.31984622081687 41.367476829143875 163.87223541180828 165.27938488326748 165.4699073165755
 78276672 8 30220.524 30259.041 30450.383 41.13008207482974 41.39016672735927 41.44291978524264 164.52032829931895 165.5606669094371 165.77167914097055
 86104320 8 33327.35 33329.478 33640.278 40.95296477633152 41.33485438925866 41.33749368011558 163.81185910532608 165.33941755703464 165.3499747204623
 94714752 8 36650.268 36674.345 36772.044 41.21163436005896 41.32142051889406 41.348566182380985 164.84653744023583 165.28568207557623 165.39426472952394
 104186112 8 40325.354 40366.31 40392.094 41.26990276859625 41.29626393891342 41.338206032859624 165.079611074385 165.18505575565368 165.3528241314385
 114604608 8 44351.293 44380.545 44410.182 41.289489153635984 41.317061969383204 41.34431273514393 165.15795661454393 165.26824787753281 165.37725094057572
 126064896 8 48796.474 48853.392 48913.527 41.236820562949795 41.28758011316799 41.335739463470254 164.94728225179918 165.15032045267196 165.34295785388102
 138671232 4 25921.147 25995.224 26107.67 42.492105040396176 42.67591062112025 42.797869091209584 169.9684201615847 170.703642484481 171.19147636483834
 152538240 4 28543.083 28596.989 28634.444 42.61671433187248 42.672531713041536 42.753122358926674 170.46685732748992 170.69012685216614 171.0124894357067
 167792064 4 31460.567 31517.499 31628.351 42.44092624367296 42.59019765495987 42.667270173484155 169.76370497469185 170.3607906198395 170.66908069393662
 184571136 4 34545.315 34605.146 34653.721 42.60925076415315 42.669061069703325 42.742962048544065 170.4370030566126 170.6762442788133 170.97184819417626
 203028096 4 38107.852 38137.753 38166.24 42.55658320023141 42.58837084607476 42.62178744684954 170.22633280092563 170.35348338429904 170.48714978739815
 223330752 4 41805.242 41874.261 42031.109 42.50770580428892 42.66692649214753 42.73736810326322 170.03082321715567 170.66770596859013 170.9494724130529
 245663808 4 46042.49 46097.588 46809.735 41.985079898444205 42.633694066596284 42.68471283807631 167.94031959377682 170.53477626638514 170.73885135230523
 270230016 2 23435.237 23497.165 23540.964 45.91655906699488 46.002148088929026 46.12370952339846 183.6662362679795 184.0085923557161 184.49483809359384
 297252864 2 25807.248 25840.411 25905.212 45.89854180695375 46.013643358845954 46.07277211425256 183.594167227815 184.05457343538382 184.29108845701023
 326978112 2 28387.461 28401.622 28420.346 46.0202858895525 46.050625136831975 46.07359735342305 184.08114355821 184.2025005473279 184.2943894136922
 359675904 2 31183.997 31215.941 31344.658 45.89948360578699 46.088747284600515 46.13595928706638 183.59793442314796 184.35498913840206 184.5438371482655
 395643456 2 34305.656 34374.607 34453.196 45.93402086703364 46.03903759539709 46.13157154027312 183.73608346813455 184.15615038158836 184.5262861610925
 435207744 2 37774.974 37801.12 37953.202 45.86782891203752 46.05236500929073 46.08424021681656 183.47131564815007 184.20946003716293 184.33696086726624
 478728384 2 41555.906 41696.787 41734.777 45.88292243660485 45.92472643036021 46.08041841272814 183.5316897464194 183.69890572144084 184.32167365091257
 526601088 2 45769.079 45787.896 45824.362 45.96691061405285 46.003519183323036 46.0224325685033 183.8676424562114 184.01407673329214 184.0897302740132
 579261120 1 25131.881 25178.655 25228.406 45.921341205623534 46.01207808757061 46.09771309994663 183.68536482249414 184.04831235028243 184.39085239978652
 637187136 1 27640.406 27731.769 28623.437 44.52205624363 45.95358745415772 46.10548311048687 178.08822497452 183.81434981663088 184.4219324419475
 700905792 1 30438.371 30465.686 30508.561 45.948138425801204 46.0128022063905 46.05409349928747 183.79255370320482 184.051208825562 184.21637399714987
 770996352 1 33426.334 33488.049 33932.715 45.44265626844184 46.04605971521363 46.131074499524836 181.77062507376735 184.18423886085452 184.52429799809934
 848095872 1 36707.159 36888.707 36935.025 45.92366578877366 45.98132821516352 46.2087448391198 183.69466315509464 183.9253128606541 184.8349793564792
 932905344 1 40533.263 40535.711 40632.726 45.91891491602114 46.02881365519899 46.031593558110536 183.67565966408455 184.11525462079595 184.12637423244215
 1026195840 1 44559.429 44572.619 44698.126 45.916727694579414 46.046019418333934 46.059649462743344 183.66691077831766 184.18407767333574 184.23859785097338
 
META_DATA
 FLOPS          64
 MPI_PROCS      1
 OPENMP_THREADS 24
 ERT_VERSION  1.1.0
 HOSTNAME  ('deepv.deep', [], ['10.2.8.6'])
 UNAME  uname_result(system='Linux', node='deepv', release='4.18.0-513.24.1.el8_9.x86_64', version='#1 SMP Thu Apr 4 18:13:02 UTC 2024', machine='x86_64')
 TIMESTAMP_DATA  1713375049.6125636
 CONFIG  {'ERT_RESULTS': ['Results.cn.deep.fz-juelich.de.01.gcc2023-O3-fastmath'], 'ERT_DRIVER': ['driver1'], 'ERT_KERNEL': ['kernel1'], 'ERT_MPI': ['True'], 'ERT_MPI_CFLAGS': ['-I', '/p/software/deep/stages/2023/software/psmpi/5.9.2-1-GCC-11.3.0/include'], 'ERT_MPI_LDFLAGS': ['-L', '/p/software/deep/stages/2023/software/psmpi/5.9.2-1-GCC-11.3.0/lib', '-lmpi'], 'ERT_OPENMP': ['True'], 'ERT_OPENMP_CFLAGS': ['-fopenmp'], 'ERT_OPENMP_LDFLAGS': ['-fopenmp'], 'ERT_FLOPS': ['1,2,4,8,16,64,128'], 'ERT_ALIGN': ['64'], 'ERT_CC': ['mpicxx'], 'ERT_CFLAGS': ['-g', '-O3', '-mavx'], 'ERT_LD': ['mpicxx'], 'ERT_LDFLAGS': [], 'ERT_LDLIBS': [], 'ERT_PRECISION': ['FP64'], 'ERT_RUN': ['export', 'OMP_NUM_THREADS=ERT_OPENMP_THREADS;', 'export', 'OMP_PLACES="cores(ERT_OPENMP_THREADS)";', 'srun', '-p', 'dp-cn', '-n', 'ERT_MPI_PROCS', '-c', '48', '--ntasks-per-node', '1', 'ERT_CODE'], 'ERT_PROCS_THREADS': ['24'], 'ERT_MPI_PROCS': ['1'], 'ERT_OPENMP_THREADS': ['24'], 'ERT_NUM_EXPERIMENTS': ['5'], 'ERT_MEMORY_MAX': ['1073741824'], 'ERT_WORKING_SET_MIN': ['128'], 'ERT_TRIALS_MIN': ['1'], 'ERT_GNUPLOT': ['gnuplot'], 'ERT_GPU': [False], 'ERT_HIP': [False], 'ERT_OCL': [False], 'ERT_SYCL': [False], 'ERT_WSS_MULT': [1.1]}
 TIMESTAMP_DATA  1713375081.8136017
 TIMESTAMP_DATA  1713375138.761369
 TIMESTAMP_DATA  1713375168.1040525
 TIMESTAMP_DATA  1713375207.427074
 