fp64
       24576            1           2.589        49152       196608
       24576            2           3.842        98304       393216
       24576            4           8.517       196608       786432
       24576            8          20.382       393216      1572864
       24576           16          42.144       786432      3145728
       24576           32          60.587      1572864      6291456
       24576           64         102.412      3145728     12582912
       24576          128         187.511      6291456     25165824
       24576          256         365.178     12582912     50331648
       24576          512         731.133     25165824    100663296
       24576         1024        1356.691     50331648    201326592
       24576         2048        2521.125    100663296    402653184
       24576         4096        5019.886    201326592    805306368
       24576         8192       10109.465    402653184   1610612736
       24576        16384       20023.435    805306368   3221225472
       24576        32768       40085.224   1610612736   6442450944
       26880            1           4.213        53760       215040
       26880            2          18.994       107520       430080
       26880            4           9.380       215040       860160
       26880            8          25.345       430080      1720320
       26880           16          28.868       860160      3440640
       26880           32          53.107      1720320      6881280
       26880           64         105.635      3440640     13762560
       26880          128         203.212      6881280     27525120
       26880          256         414.201     13762560     55050240
       26880          512         731.604     27525120    110100480
       26880         1024        1463.791     55050240    220200960
       26880         2048        2745.607    110100480    440401920
       26880         4096        5576.460    220200960    880803840
       26880         8192       10943.015    440401920   1761607680
       26880        16384       21882.683    880803840   3523215360
       26880        32768       43755.614   1761607680   7046430720
       29568            1           5.906        59136       236544
       29568            2           5.124       118272       473088
       29568            4           9.166       236544       946176
       29568            8          22.496       473088      1892352
       29568           16          28.951       946176      3784704
       29568           32          58.371      1892352      7569408
       29568           64         112.084      3784704     15138816
       29568          128         242.924      7569408     30277632
       29568          256         453.936     15138816     60555264
       29568          512         864.779     30277632    121110528
       29568         1024        1538.430     60555264    242221056
       29568         2048        3063.564    121110528    484442112
       29568         4096        6122.850    242221056    968884224
       29568         8192       12223.949    484442112   1937768448
       29568        16384       24434.207    968884224   3875536896
       29568        32768       48882.368   1937768448   7751073792
       32448            1           4.393        64896       259584
       32448            2          14.032       129792       519168
       32448            4          19.932       259584      1038336
       32448            8          17.986       519168      2076672
       32448           16          39.327      1038336      4153344
       32448           32          71.577      2076672      8306688
       32448           64         126.877      4153344     16613376
       32448          128         250.351      8306688     33226752
       32448          256         489.112     16613376     66453504
       32448          512         941.039     33226752    132907008
       32448         1024        1686.343     66453504    265814016
       32448         2048        3387.997    132907008    531628032
       32448         4096        6761.939    265814016   1063256064
       32448         8192       13503.183    531628032   2126512128
       32448        16384       27028.494   1063256064   4253024256
       32448        32768       53985.436   2126512128   8506048512
       35520            1           5.229        71040       284160
       35520            2          14.429       142080       568320
       35520            4          34.459       284160      1136640
       35520            8          21.062       568320      2273280
       35520           16          36.499      1136640      4546560
       35520           32          71.250      2273280      9093120
       35520           64         138.461      4546560     18186240
       35520          128         274.913      9093120     36372480
       35520          256         549.271     18186240     72744960
       35520          512        1012.058     36372480    145489920
       35520         1024        1931.718     72744960    290979840
       35520         2048        3785.583    145489920    581959680
       35520         4096        7388.328    290979840   1163919360
       35520         8192       14758.549    581959680   2327838720
       35520        16384       29537.514   1163919360   4655677440
       38976            1           3.116        77952       311808
       38976            2          15.221       155904       623616
       38976            4          18.152       311808      1247232
       38976            8          39.165       623616      2494464
       38976           16          46.009      1247232      4988928
       38976           32          86.875      2494464      9977856
       38976           64         152.860      4988928     19955712
       38976          128         307.607      9977856     39911424
       38976          256         615.134     19955712     79822848
       38976          512        1123.424     39911424    159645696
       38976         1024        2133.201     79822848    319291392
       38976         2048        4084.129    159645696    638582784
       38976         4096        8163.836    319291392   1277165568
       38976         8192       16327.953    638582784   2554331136
       38976        16384       32722.753   1277165568   5108662272
       42816            1           4.551        85632       342528
       42816            2          31.455       171264       685056
       42816            4          11.689       342528      1370112
       42816            8          21.654       685056      2740224
       42816           16          51.150      1370112      5480448
       42816           32          84.673      2740224     10960896
       42816           64         167.560      5480448     21921792
       42816          128         346.497     10960896     43843584
       42816          256         686.847     21921792     87687168
       42816          512        1123.427     43843584    175374336
       42816         1024        2248.045     87687168    350748672
       42816         2048        4473.381    175374336    701497344
       42816         4096        8986.985    350748672   1402994688
       42816         8192       17890.937    701497344   2805989376
       42816        16384       35778.300   1402994688   5611978752
       47040            1           3.514        94080       376320
       47040            2          16.136       188160       752640
       47040            4          20.292       376320      1505280
       47040            8          21.930       752640      3010560
       47040           16          59.888      1505280      6021120
       47040           32          92.184      3010560     12042240
       47040           64         181.525      6021120     24084480
       47040          128         378.751     12042240     48168960
       47040          256         660.344     24084480     96337920
       47040          512        1306.115     48168960    192675840
       47040         1024        2432.918     96337920    385351680
       47040         2048        4870.881    192675840    770703360
       47040         4096        9742.544    385351680   1541406720
       47040         8192       19478.997    770703360   3082813440
       47040        16384       38943.808   1541406720   6165626880
       51648            1           5.816       103296       413184
       51648            2          16.072       206592       826368
       51648            4          23.512       413184      1652736
       51648            8          27.488       826368      3305472
       51648           16          57.163      1652736      6610944
       51648           32         102.472      3305472     13221888
       51648           64         199.592      6610944     26443776
       51648          128         403.489     13221888     52887552
       51648          256         692.420     26443776    105775104
       51648          512        1433.985     52887552    211550208
       51648         1024        2664.644    105775104    423100416
       51648         2048        5340.941    211550208    846200832
       51648         4096       10668.853    423100416   1692401664
       51648         8192       21359.312    846200832   3384803328
       51648        16384       42692.677   1692401664   6769606656
       56640            1           5.619       113280       453120
       56640            2           8.443       226560       906240
       56640            4          23.322       453120      1812480
       56640            8          31.821       906240      3624960
       56640           16          60.664      1812480      7249920
       56640           32         109.832      3624960     14499840
       56640           64         217.132      7249920     28999680
       56640          128         412.430     14499840     57999360
       56640          256         860.433     28999680    115998720
       56640          512        1478.901     57999360    231997440
       56640         1024        2945.076    115998720    463994880
       56640         2048        5978.358    231997440    927989760
       56640         4096       11768.499    463994880   1855979520
       56640         8192       23638.094    927989760   3711959040
       56640        16384       47083.335   1855979520   7423918080
       62208            1           5.377       124416       497664
       62208            2           7.485       248832       995328
       62208            4          27.566       497664      1990656
       62208            8          36.354       995328      3981312
       62208           16          65.940      1990656      7962624
       62208           32         119.669      3981312     15925248
       62208           64         234.905      7962624     31850496
       62208          128         471.935     15925248     63700992
       62208          256         905.953     31850496    127401984
       62208          512        1656.568     63700992    254803968
       62208         1024        3258.964    127401984    509607936
       62208         2048        6333.935    254803968   1019215872
       62208         4096       12654.898    509607936   2038431744
       62208         8192       25304.863   1019215872   4076863488
       62208        16384       50664.435   2038431744   8153726976
       68352            1           4.665       136704       546816
       68352            2          17.522       273408      1093632
       68352            4          27.950       546816      2187264
       68352            8          38.061      1093632      4374528
       68352           16          67.495      2187264      8749056
       68352           32         130.959      4374528     17498112
       68352           64         257.306      8749056     34996224
       68352          128         516.862     17498112     69992448
       68352          256         897.542     34996224    139984896
       68352          512        1745.384     69992448    279969792
       68352         1024        4504.167    139984896    559939584
       68352         2048        6953.083    279969792   1119879168
       68352         4096       13904.416    559939584   2239758336
       68352         8192       27793.080   1119879168   4479516672
       75072            1           8.158       150144       600576
       75072            2          10.177       300288      1201152
       75072            4          26.992       600576      2402304
       75072            8          33.803      1201152      4804608
       75072           16          74.665      2402304      9609216
       75072           32         143.139      4804608     19218432
       75072           64         306.923      9609216     38436864
       75072          128         549.847     19218432     76873728
       75072          256        1087.921     38436864    153747456
       75072          512        2079.351     76873728    307494912
       75072         1024        3920.963    153747456    614989824
       75072         2048        7937.578    307494912   1229979648
       75072         4096       15737.317    614989824   2459959296
       75072         8192       31397.515   1229979648   4919918592
       82560            1           8.492       165120       660480
       82560            2           9.857       330240      1320960
       82560            4          28.042       660480      2641920
       82560            8          45.411      1320960      5283840
       82560           16          80.349      2641920     10567680
       82560           32         158.071      5283840     21135360
       82560           64         319.330     10567680     42270720
       82560          128         640.898     21135360     84541440
       82560          256        1159.656     42270720    169082880
       82560          512        2131.183     84541440    338165760
       82560         1024        4381.245    169082880    676331520
       82560         2048        8516.840    338165760   1352663040
       82560         4096       17153.482    676331520   2705326080
       82560         8192       34194.700   1352663040   5410652160
       90816            1           8.609       181632       726528
       90816            2          18.967       363264      1453056
       90816            4          26.497       726528      2906112
       90816            8          45.277      1453056      5812224
       90816           16          87.662      2906112     11624448
       90816           32         172.794      5812224     23248896
       90816           64         367.830     11624448     46497792
       90816          128         664.007     23248896     92995584
       90816          256        1288.788     46497792    185991168
       90816          512        2351.908     92995584    371982336
       90816         1024        4715.508    185991168    743964672
       90816         2048       10492.635    371982336   1487929344
       90816         4096       18841.343    743964672   2975858688
       90816         8192       37660.967   1487929344   5951717376
       99840            1           8.085       199680       798720
       99840            2           9.903       399360      1597440
       99840            4          35.685       798720      3194880
       99840            8          53.387      1597440      6389760
       99840           16          94.434      3194880     12779520
       99840           32         205.897      6389760     25559040
       99840           64         387.176     12779520     51118080
       99840          128         746.712     25559040    102236160
       99840          256        1387.856     51118080    204472320
       99840          512        2608.292    102236160    408944640
       99840         1024        5171.557    204472320    817889280
       99840         2048       10231.532    408944640   1635778560
       99840         4096       20387.780    817889280   3271557120
       99840         8192       40570.139   1635778560   6543114240
      109824            1          32.885       219648       878592
      109824            2          20.415       439296      1757184
      109824            4          31.874       878592      3514368
      109824            8          58.479      1757184      7028736
      109824           16         108.351      3514368     14057472
      109824           32         205.737      7028736     28114944
      109824           64         424.662     14057472     56229888
      109824          128         816.958     28114944    112459776
      109824          256        1509.679     56229888    224919552
      109824          512        2888.266    112459776    449839104
      109824         1024        5656.754    224919552    899678208
      109824         2048       11178.335    449839104   1799356416
      109824         4096       22323.082    899678208   3598712832
      109824         8192       45661.880   1799356416   7197425664
      120768            1           6.006       241536       966144
      120768            2          22.693       483072      1932288
      120768            4          24.963       966144      3864576
      120768            8          64.750      1932288      7729152
      120768           16         113.516      3864576     15458304
      120768           32         227.208      7729152     30916608
      120768           64         461.276     15458304     61833216
      120768          128         889.818     30916608    123666432
      120768          256        1556.917     61833216    247332864
      120768          512        3137.406    123666432    494665728
      120768         1024        6258.847    247332864    989331456
      120768         2048       12493.472    494665728   1978662912
      120768         4096       24998.596    989331456   3957325824
      120768         8192       49984.122   1978662912   7914651648
      132672            1           9.402       265344      1061376
      132672            2          12.693       530688      2122752
      132672            4          32.659      1061376      4245504
      132672            8          69.775      2122752      8491008
      132672           16         125.889      4245504     16982016
      132672           32         251.839      8491008     33964032
      132672           64         511.511     16982016     67928064
      132672          128         888.923     33964032    135856128
      132672          256        1714.503     67928064    271712256
      132672          512        3451.695    135856128    543424512
      132672         1024        6885.375    271712256   1086849024
      132672         2048       13770.229    543424512   2173698048
      132672         4096       27547.912   1086849024   4347396096
      145920            1          10.121       291840      1167360
      145920            2          14.242       583680      2334720
      145920            4          42.539      1167360      4669440
      145920            8          67.218      2334720      9338880
      145920           16         152.501      4669440     18677760
      145920           32         270.937      9338880     37355520
      145920           64         533.940     18677760     74711040
      145920          128        1056.280     37355520    149422080
      145920          256        1950.933     74711040    298844160
      145920          512        3822.691    149422080    597688320
      145920         1024        7419.074    298844160   1195376640
      145920         2048       16236.539    597688320   2390753280
      145920         4096       29658.479   1195376640   4781506560
      160512            1           7.790       321024      1284096
      160512            2          16.268       642048      2568192
      160512            4          55.219      1284096      5136384
      160512            8          84.574      2568192     10272768
      160512           16         149.064      5136384     20545536
      160512           32         324.687     10272768     41091072
      160512           64         596.301     20545536     82182144
      160512          128        1112.964     41091072    164364288
      160512          256        2158.033     82182144    328728576
      160512          512        4095.882    164364288    657457152
      160512         1024        8255.802    328728576   1314914304
      160512         2048       16303.787    657457152   2629828608
      160512         4096       32710.433   1314914304   5259657216
      176448            1           9.344       352896      1411584
      176448            2          18.646       705792      2823168
      176448            4          45.987      1411584      5646336
      176448            8          91.228      2823168     11292672
      176448           16         183.187      5646336     22585344
      176448           32         345.269     11292672     45170688
      176448           64         674.326     22585344     90341376
      176448          128        1147.886     45170688    180682752
      176448          256        2386.791     90341376    361365504
      176448          512        4574.353    180682752    722731008
      176448         1024        9137.686    361365504   1445462016
      176448         2048       18275.394    722731008   2890924032
      176448         4096       36564.050   1445462016   5781848064
      193920            1           9.571       387840      1551360
      193920            2          18.931       775680      3102720
      193920            4          49.530      1551360      6205440
      193920            8          91.801      3102720     12410880
      193920           16         180.466      6205440     24821760
      193920           32         389.560     12410880     49643520
      193920           64         744.135     24821760     99287040
      193920          128        1336.482     49643520    198574080
      193920          256        2565.372     99287040    397148160
      193920          512        5090.026    198574080    794296320
      193920         1024        9988.582    397148160   1588592640
      193920         2048       20956.863    794296320   3177185280
      193920         4096       40156.418   1588592640   6354370560
      213312            1          10.145       426624      1706496
      213312            2          30.539       853248      3412992
      213312            4          59.257      1706496      6825984
      213312            8         103.069      3412992     13651968
      213312           16         199.306      6825984     27303936
      213312           32         401.621     13651968     54607872
      213312           64         823.305     27303936    109215744
      213312          128        1495.099     54607872    218431488
      213312          256        2761.088    109215744    436862976
      213312          512        5526.324    218431488    873725952
      213312         1024       11036.976    436862976   1747451904
      213312         2048       22079.251    873725952   3494903808
      213312         4096       44159.734   1747451904   6989807616
      234624            1          11.492       469248      1876992
      234624            2          36.818       938496      3753984
      234624            4          57.909      1876992      7507968
      234624            8         107.396      3753984     15015936
      234624           16         234.886      7507968     30031872
      234624           32         445.294     15015936     60063744
      234624           64         859.905     30031872    120127488
      234624          128        1612.886     60063744    240254976
      234624          256        3096.557    120127488    480509952
      234624          512        6029.000    240254976    961019904
      234624         1024       12061.219    480509952   1922039808
      234624         2048       24121.025    961019904   3844079616
      234624         4096       48331.328   1922039808   7688159232
      258048            1          12.140       516096      2064384
      258048            2          33.930      1032192      4128768
      258048            4          63.189      2064384      8257536
      258048            8         121.901      4128768     16515072
      258048           16         237.927      8257536     33030144
      258048           32         496.832     16515072     66060288
      258048           64         927.019     33030144    132120576
      258048          128        1740.940     66060288    264241152
      258048          256        3290.408    132120576    528482304
      258048          512        6662.611    264241152   1056964608
      258048         1024       13108.352    528482304   2113929216
      258048         2048       26311.383   1056964608   4227858432
      258048         4096       52475.232   2113929216   8455716864
      283776            1          11.927       567552      2270208
      283776            2          31.030      1135104      4540416
      283776            4          61.471      2270208      9080832
      283776            8         128.996      4540416     18161664
      283776           16         262.065      9080832     36323328
      283776           32         535.861     18161664     72646656
      283776           64        1010.098     36323328    145293312
      283776          128        1907.595     72646656    290586624
      283776          256        3646.474    145293312    581173248
      283776          512        7291.575    290586624   1162346496
      283776         1024       14681.208    581173248   2324692992
      283776         2048       29158.950   1162346496   4649385984
      312000            1          15.543       624000      2496000
      312000            2          33.385      1248000      4992000
      312000            4          72.799      2496000      9984000
      312000            8         143.454      4992000     19968000
      312000           16         287.567      9984000     39936000
      312000           32         587.672     19968000     79872000
      312000           64        1101.914     39936000    159744000
      312000          128        2043.632     79872000    319488000
      312000          256        4011.329    159744000    638976000
      312000          512        8249.029    319488000   1277952000
      312000         1024       16069.509    638976000   2555904000
      312000         2048       32164.766   1277952000   5111808000
      343104            1          13.553       686208      2744832
      343104            2          42.692      1372416      5489664
      343104            4          78.278      2744832     10979328
      343104            8         152.153      5489664     21958656
      343104           16         333.879     10979328     43917312
      343104           32         639.819     21958656     87834624
      343104           64        1215.045     43917312    175669248
      343104          128        2304.658     87834624    351338496
      343104          256        4420.350    175669248    702676992
      343104          512        8943.807    351338496   1405353984
      343104         1024       17724.536    702676992   2810707968
      343104         2048       35522.969   1405353984   5621415936
      377280            1          16.604       754560      3018240
      377280            2          39.436      1509120      6036480
      377280            4          87.001      3018240     12072960
      377280            8         167.769      6036480     24145920
      377280           16         375.511     12072960     48291840
      377280           32         715.344     24145920     96583680
      377280           64        1305.675     48291840    193167360
      377280          128        2514.752     96583680    386334720
      377280          256        4850.898    193167360    772669440
      377280          512        9717.476    386334720   1545338880
      377280         1024       19512.086    772669440   3090677760
      377280         2048       38855.169   1545338880   6181355520
      414912            1          16.925       829824      3319296
      414912            2          36.203      1659648      6638592
      414912            4          92.716      3319296     13277184
      414912            8         203.658      6638592     26554368
      414912           16         400.319     13277184     53108736
      414912           32         779.000     26554368    106217472
      414912           64        1437.073     53108736    212434944
      414912          128        2732.514    106217472    424869888
      414912          256        5330.693    212434944    849739776
      414912          512       10675.541    424869888   1699479552
      414912         1024       21351.598    849739776   3398959104
      414912         2048       42721.298   1699479552   6797918208
      456384            1          28.218       912768      3651072
      456384            2          68.183      1825536      7302144
      456384            4         102.643      3651072     14604288
      456384            8         202.689      7302144     29208576
      456384           16         424.142     14604288     58417152
      456384           32         848.883     29208576    116834304
      456384           64        1565.131     58417152    233668608
      456384          128        2926.858    116834304    467337216
      456384          256        5866.264    233668608    934674432
      456384          512       11725.762    467337216   1869348864
      456384         1024       23506.819    934674432   3738697728
      456384         2048       46966.296   1869348864   7477395456
      501888            1          29.168      1003776      4015104
      501888            2          49.176      2007552      8030208
      501888            4         109.384      4015104     16060416
      501888            8         241.399      8030208     32120832
      501888           16         468.236     16060416     64241664
      501888           32         914.038     32120832    128483328
      501888           64        1692.430     64241664    256966656
      501888          128        3313.599    128483328    513933312
      501888          256        6429.937    256966656   1027866624
      501888          512       12878.286    513933312   2055733248
      501888         1024       25855.779   1027866624   4111466496
      501888         2048       51530.434   2055733248   8222932992
      552000            1          31.576      1104000      4416000
      552000            2          54.461      2208000      8832000
      552000            4         122.029      4416000     17664000
      552000            8         243.474      8832000     35328000
      552000           16         517.905     17664000     70656000
      552000           32         990.662     35328000    141312000
      552000           64        1871.092     70656000    282624000
      552000          128        3542.016    141312000    565248000
      552000          256        7122.106    282624000   1130496000
      552000          512       14337.418    565248000   2260992000
      552000         1024       28467.489   1130496000   4521984000
      607104            1          33.950      1214208      4856832
      607104            2          58.766      2428416      9713664
      607104            4         129.409      4856832     19427328
      607104            8         269.768      9713664     38854656
      607104           16         564.967     19427328     77709312
      607104           32         983.086     38854656    155418624
      607104           64        2018.419     77709312    310837248
      607104          128        3975.020    155418624    621674496
      607104          256        7786.818    310837248   1243348992
      607104          512       16590.115    621674496   2486697984
      607104         1024       31148.679   1243348992   4973395968
      667776            1          37.915      1335552      5342208
      667776            2          69.027      2671104     10684416
      667776            4         142.999      5342208     21368832
      667776            8         296.044     10684416     42737664
      667776           16         618.459     21368832     85475328
      667776           32        1168.389     42737664    170950656
      667776           64        2242.000     85475328    341901312
      667776          128        4379.073    170950656    683802624
      667776          256        8556.570    341901312   1367605248
      667776          512       17168.727    683802624   2735210496
      667776         1024       34264.890   1367605248   5470420992
      734400            1          43.287      1468800      5875200
      734400            2          78.069      2937600     11750400
      734400            4         153.496      5875200     23500800
      734400            8         341.331     11750400     47001600
      734400           16         669.184     23500800     94003200
      734400           32        1269.640     47001600    188006400
      734400           64        2408.239     94003200    376012800
      734400          128        4723.777    188006400    752025600
      734400          256        9495.944    376012800   1504051200
      734400          512       18883.025    752025600   3008102400
      734400         1024       37702.054   1504051200   6016204800
      807744            1          42.180      1615488      6461952
      807744            2          76.029      3230976     12923904
      807744            4         173.685      6461952     25847808
      807744            8         380.734     12923904     51695616
      807744           16         731.412     25847808    103391232
      807744           32        1378.877     51695616    206782464
      807744           64        2660.213    103391232    413564928
      807744          128        5195.825    206782464    827129856
      807744          256       10498.243    413564928   1654259712
      807744          512       20825.311    827129856   3308519424
      807744         1024       42668.713   1654259712   6617038848
      888384            1          51.041      1776768      7107072
      888384            2          86.712      3553536     14214144
      888384            4         205.068      7107072     28428288
      888384            8         408.783     14214144     56856576
      888384           16         816.388     28428288    113713152
      888384           32        1493.004     56856576    227426304
      888384           64        2853.098    113713152    454852608
      888384          128        5767.332    227426304    909705216
      888384          256       11426.330    454852608   1819410432
      888384          512       22968.902    909705216   3638820864
      888384         1024       45788.440   1819410432   7277641728
      977088            1          54.559      1954176      7816704
      977088            2         112.124      3908352     15633408
      977088            4         203.845      7816704     31266816
      977088            8         437.812     15633408     62533632
      977088           16         891.438     31266816    125067264
      977088           32        1643.096     62533632    250134528
      977088           64        3105.512    125067264    500269056
      977088          128        6234.953    250134528   1000538112
      977088          256       12509.280    500269056   2001076224
      977088          512       25050.505   1000538112   4002152448
      977088         1024       50123.304   2001076224   8004304896
     1074624            1          53.854      2149248      8596992
     1074624            2         101.050      4298496     17193984
     1074624            4         240.175      8596992     34387968
     1074624            8         485.859     17193984     68775936
     1074624           16         948.345     34387968    137551872
     1074624           32        1802.276     68775936    275103744
     1074624           64        3414.155    137551872    550207488
     1074624          128        6879.376    275103744   1100414976
     1074624          256       13837.340    550207488   2200829952
     1074624          512       27570.143   1100414976   4401659904
     1181952            1          57.133      2363904      9455616
     1181952            2         118.636      4727808     18911232
     1181952            4         240.271      9455616     37822464
     1181952            8         529.624     18911232     75644928
     1181952           16        1050.414     37822464    151289856
     1181952           32        1966.943     75644928    302579712
     1181952           64        3736.895    151289856    605159424
     1181952          128        7536.146    302579712   1210318848
     1181952          256       15084.162    605159424   2420637696
     1181952          512       30195.389   1210318848   4841275392
     1300032            1          62.934      2600064     10400256
     1300032            2         126.330      5200128     20800512
     1300032            4         268.397     10400256     41601024
     1300032            8         565.283     20800512     83202048
     1300032           16        1135.696     41601024    166404096
     1300032           32        2158.030     83202048    332808192
     1300032           64        4227.924    166404096    665616384
     1300032          128        8382.515    332808192   1331232768
     1300032          256       16720.722    665616384   2662465536
     1300032          512       33466.551   1331232768   5324931072
     1430016            1          69.124      2860032     11440128
     1430016            2         135.815      5720064     22880256
     1430016            4         294.968     11440128     45760512
     1430016            8         641.006     22880256     91521024
     1430016           16        1207.663     45760512    183042048
     1430016           32        2372.609     91521024    366084096
     1430016           64        4619.920    183042048    732168192
     1430016          128        9154.060    366084096   1464336384
     1430016          256       18266.670    732168192   2928672768
     1430016          512       36541.555   1464336384   5857345536
     1572864            1          82.070      3145728     12582912
     1572864            2         139.430      6291456     25165824
     1572864            4         322.734     12582912     50331648
     1572864            8         705.067     25165824    100663296
     1572864           16        1325.326     50331648    201326592
     1572864           32        2549.986    100663296    402653184
     1572864           64        5070.922    201326592    805306368
     1572864          128       10037.418    402653184   1610612736
     1572864          256       20042.569    805306368   3221225472
     1572864          512       40293.855   1610612736   6442450944
     1730112            1          80.970      3460224     13840896
     1730112            2         153.292      6920448     27681792
     1730112            4         354.150     13840896     55363584
     1730112            8         767.946     27681792    110727168
     1730112           16        1438.121     55363584    221454336
     1730112           32        2855.026    110727168    442908672
     1730112           64        5687.630    221454336    885817344
     1730112          128       11109.656    442908672   1771634688
     1730112          256       22313.644    885817344   3543269376
     1730112          512       44550.750   1771634688   7086538752
     1903104            1          88.949      3806208     15224832
     1903104            2         188.812      7612416     30449664
     1903104            4         396.815     15224832     60899328
     1903104            8         834.962     30449664    121798656
     1903104           16        1551.715     60899328    243597312
     1903104           32        2989.644    121798656    487194624
     1903104           64        6045.578    243597312    974389248
     1903104          128       12222.483    487194624   1948778496
     1903104          256       24317.037    974389248   3897556992
     1903104          512       48521.980   1948778496   7795113984
     2093376            1         103.810      4186752     16747008
     2093376            2         191.676      8373504     33494016
     2093376            4         443.192     16747008     66988032
     2093376            8         908.252     33494016    133976064
     2093376           16        1733.249     66988032    267952128
     2093376           32        3416.584    133976064    535904256
     2093376           64        6789.116    267952128   1071808512
     2093376          128       13510.059    535904256   2143617024
     2093376          256       26879.672   1071808512   4287234048
     2093376          512       54818.948   2143617024   8574468096
     2302656            1         103.411      4605312     18421248
     2302656            2         202.617      9210624     36842496
     2302656            4         491.450     18421248     73684992
     2302656            8         979.513     36842496    147369984
     2302656           16        1853.943     73684992    294739968
     2302656           32        3723.295    147369984    589479936
     2302656           64        7370.293    294739968   1178959872
     2302656          128       14693.999    589479936   2357919744
     2302656          256       29378.636   1178959872   4715839488
     2532864            1         113.884      5065728     20262912
     2532864            2         221.496     10131456     40525824
     2532864            4         546.207     20262912     81051648
     2532864            8        1069.885     40525824    162103296
     2532864           16        2045.274     81051648    324206592
     2532864           32        4052.069    162103296    648413184
     2532864           64        8003.801    324206592   1296826368
     2532864          128       16096.240    648413184   2593652736
     2532864          256       32304.846   1296826368   5187305472
     2786112            1         124.782      5572224     22288896
     2786112            2         253.080     11144448     44577792
     2786112            4         594.962     22288896     89155584
     2786112            8        1176.177     44577792    178311168
     2786112           16        2227.437     89155584    356622336
     2786112           32        4441.196    178311168    713244672
     2786112           64        8958.918    356622336   1426489344
     2786112          128       17845.639    713244672   2852978688
     2786112          256       35658.453   1426489344   5705957376
     3064704            1         144.765      6129408     24517632
     3064704            2         265.844     12258816     49035264
     3064704            4         651.627     24517632     98070528
     3064704            8        1247.833     49035264    196141056
     3064704           16        2460.865     98070528    392282112
     3064704           32        4924.568    196141056    784564224
     3064704           64        9809.161    392282112   1569128448
     3064704          128       19613.279    784564224   3138256896
     3064704          256       39210.546   1569128448   6276513792
     3371136            1         145.206      6742272     26969088
     3371136            2         311.790     13484544     53938176
     3371136            4         696.867     26969088    107876352
     3371136            8        1384.072     53938176    215752704
     3371136           16        2728.216    107876352    431505408
     3371136           32        5394.827    215752704    863010816
     3371136           64       10720.940    431505408   1726021632
     3371136          128       22513.948    863010816   3452043264
     3371136          256       43048.225   1726021632   6904086528
     3708096            1         171.251      7416192     29664768
     3708096            2         320.148     14832384     59329536
     3708096            4         767.217     29664768    118659072
     3708096            8        1460.233     59329536    237318144
     3708096           16        2959.748    118659072    474636288
     3708096           32        5887.597    237318144    949272576
     3708096           64       11757.944    474636288   1898545152
     3708096          128       23528.279    949272576   3797090304
     3708096          256       47202.691   1898545152   7594180608
     4078848            1         180.875      8157696     32630784
     4078848            2         359.619     16315392     65261568
     4078848            4         872.066     32630784    130523136
     4078848            8        1651.972     65261568    261046272
     4078848           16        3222.429    130523136    522092544
     4078848           32        6483.574    261046272   1044185088
     4078848           64       12984.536    522092544   2088370176
     4078848          128       25972.398   1044185088   4176740352
     4078848          256       51942.229   2088370176   8353480704
     4486656            1         198.164      8973312     35893248
     4486656            2         402.288     17946624     71786496
     4486656            4         935.682     35893248    143572992
     4486656            8        1774.073     71786496    287145984
     4486656           16        3506.077    143572992    574291968
     4486656           32        7142.556    287145984   1148583936
     4486656           64       14232.613    574291968   2297167872
     4486656          128       28533.944   1148583936   4594335744
     4935168            1         230.939      9870336     39481344
     4935168            2         450.903     19740672     78962688
     4935168            4        1022.740     39481344    157925376
     4935168            8        1941.537     78962688    315850752
     4935168           16        3909.545    157925376    631701504
     4935168           32        7808.943    315850752   1263403008
     4935168           64       16726.724    631701504   2526806016
     4935168          128       31351.269   1263403008   5053612032
     5428608            1         245.681     10857216     43428864
     5428608            2         484.083     21714432     86857728
     5428608            4        1086.753     43428864    173715456
     5428608            8        2125.939     86857728    347430912
     5428608           16        4267.654    173715456    694861824
     5428608           32        8652.822    347430912   1389723648
     5428608           64       17257.095    694861824   2779447296
     5428608          128       34589.620   1389723648   5558894592
     5971392            1         255.170     11942784     47771136
     5971392            2         535.974     23885568     95542272
     5971392            4        1183.046     47771136    191084544
     5971392            8        2366.452     95542272    382169088
     5971392           16        4689.277    191084544    764338176
     5971392           32        9435.004    382169088   1528676352
     5971392           64       18937.339    764338176   3057352704
     5971392          128       37960.204   1528676352   6114705408
     6568512            1         290.414     13137024     52548096
     6568512            2         583.779     26274048    105096192
     6568512            4        1322.527     52548096    210192384
     6568512            8        2488.060    105096192    420384768
     6568512           16        5102.608    210192384    840769536
     6568512           32       10464.047    420384768   1681539072
     6568512           64       20887.286    840769536   3363078144
     6568512          128       41904.030   1681539072   6726156288
     7225344            1         313.744     14450688     57802752
     7225344            2         648.419     28901376    115605504
     7225344            4        1433.206     57802752    231211008
     7225344            8        2799.331    115605504    462422016
     7225344           16        5715.673    231211008    924844032
     7225344           32       11375.377    462422016   1849688064
     7225344           64       22958.222    924844032   3699376128
     7225344          128       46944.621   1849688064   7398752256
     7947840            1         347.394     15895680     63582720
     7947840            2         699.889     31791360    127165440
     7947840            4        1450.874     63582720    254330880
     7947840            8        3051.530    127165440    508661760
     7947840           16        6338.391    254330880   1017323520
     7947840           32       12558.567    508661760   2034647040
     7947840           64       25285.693   1017323520   4069294080
     7947840          128       50713.314   2034647040   8138588160
     8742528            1         402.342     17485056     69940224
     8742528            2         780.281     34970112    139880448
     8742528            4        1640.086     69940224    279760896
     8742528            8        3365.343    139880448    559521792
     8742528           16        6928.314    279760896   1119043584
     8742528           32       13873.864    559521792   2238087168
     8742528           64       27846.540   1119043584   4476174336
     9616704            1         421.223     19233408     76933632
     9616704            2         853.935     38466816    153867264
     9616704            4        1874.470     76933632    307734528
     9616704            8        3640.325    153867264    615469056
     9616704           16        7567.435    307734528   1230938112
     9616704           32       15300.755    615469056   2461876224
     9616704           64       30669.374   1230938112   4923752448
    10578240            1         476.727     21156480     84625920
    10578240            2         928.942     42312960    169251840
    10578240            4        2072.057     84625920    338503680
    10578240            8        4147.158    169251840    677007360
    10578240           16        8378.101    338503680   1354014720
    10578240           32       16819.070    677007360   2708029440
    10578240           64       33745.836   1354014720   5416058880
    11635968            1         518.373     23271936     93087744
    11635968            2        1019.991     46543872    186175488
    11635968            4        2222.168     93087744    372350976
    11635968            8        4705.205    186175488    744701952
    11635968           16        9171.398    372350976   1489403904
    11635968           32       18480.201    744701952   2978807808
    11635968           64       37086.051   1489403904   5957615616
    12799488            1         557.582     25598976    102395904
    12799488            2        1127.841     51197952    204791808
    12799488            4        2467.726    102395904    409583616
    12799488            8        4935.251    204791808    819167232
    12799488           16       10044.616    409583616   1638334464
    12799488           32       20305.626    819167232   3276668928
    12799488           64       40741.749   1638334464   6553337856
    14079360            1         626.478     28158720    112634880
    14079360            2        1225.761     56317440    225269760
    14079360            4        2615.042    112634880    450539520
    14079360            8        5509.492    225269760    901079040
    14079360           16       11069.837    450539520   1802158080
    14079360           32       22287.737    901079040   3604316160
    14079360           64       44955.420   1802158080   7208632320
    15487296            1         666.148     30974592    123898368
    15487296            2        1360.126     61949184    247796736
    15487296            4        2892.544    123898368    495593472
    15487296            8        6083.300    247796736    991186944
    15487296           16       12145.854    495593472   1982373888
    15487296           32       24655.863    991186944   3964747776
    15487296           64       49358.067   1982373888   7929495552
    17035968            1         752.560     34071936    136287744
    17035968            2        1481.871     68143872    272575488
    17035968            4        3195.446    136287744    545150976
    17035968            8        6542.889    272575488   1090301952
    17035968           16       13406.028    545150976   2180603904
    17035968           32       27014.292   1090301952   4361207808
    18739392            1         810.513     37478784    149915136
    18739392            2        1639.517     74957568    299830272
    18739392            4        4656.069    149915136    599660544
    18739392            8        7181.770    299830272   1199321088
    18739392           16       14738.412    599660544   2398642176
    18739392           32       29750.373   1199321088   4797284352
    20613312            1         909.410     41226624    164906496
    20613312            2        1802.595     82453248    329812992
    20613312            4        3941.761    164906496    659625984
    20613312            8        8066.361    329812992   1319251968
    20613312           16       16135.416    659625984   2638503936
    20613312           32       32706.997   1319251968   5277007872
    22674624            1        1016.369     45349248    181396992
    22674624            2        1957.880     90698496    362793984
    22674624            4        4313.061    181396992    725587968
    22674624            8        8781.178    362793984   1451175936
    22674624           16       22081.716    725587968   2902351872
    22674624           32       36026.931   1451175936   5804703744
    24941952            1        1081.365     49883904    199535616
    24941952            2        2154.058     99767808    399071232
    24941952            4        4737.357    199535616    798142464
    24941952            8        9752.816    399071232   1596284928
    24941952           16       19735.926    798142464   3192569856
    24941952           32       39730.675   1596284928   6385139712
    27436032            1        1191.498     54872064    219488256
    27436032            2        2378.119    109744128    438976512
    27436032            4        5161.425    219488256    877953024
    27436032            8       10659.090    438976512   1755906048
    27436032           16       21668.004    877953024   3511812096
    27436032           32       43732.827   1755906048   7023624192
    30179520            1        1311.503     60359040    241436160
    30179520            2        2629.141    120718080    482872320
    30179520            4        5728.541    241436160    965744640
    30179520            8       11758.114    482872320   1931489280
    30179520           16       23824.124    965744640   3862978560
    30179520           32       48722.621   1931489280   7725957120
    33197376            1        1439.592     66394752    265579008
    33197376            2        2900.669    132789504    531158016
    33197376            4        6212.985    265579008   1062316032
    33197376            8       12836.177    531158016   2124632064
    33197376           16       26204.895   1062316032   4249264128
    33197376           32       52882.343   2124632064   8498528256
    36517056            1        1584.376     73034112    292136448
    36517056            2        3172.884    146068224    584272896
    36517056            4        6849.453    292136448   1168545792
    36517056            8       14245.151    584272896   2337091584
    36517056           16       28837.762   1168545792   4674183168
    40168704            1        1737.500     80337408    321349632
    40168704            2        3495.117    160674816    642699264
    40168704            4        7474.824    321349632   1285398528
    40168704            8       15602.163    642699264   2570797056
    40168704           16       31706.862   1285398528   5141594112
    44185536            1        1901.522     88371072    353484288
    44185536            2        3837.889    176742144    706968576
    44185536            4        8327.026    353484288   1413937152
    44185536            8       17136.111    706968576   2827874304
    44185536           16       34758.865   1413937152   5655748608
    48604032            1        2104.055     97208064    388832256
    48604032            2        4222.901    194416128    777664512
    48604032            4        9159.084    388832256   1555329024
    48604032            8       18814.229    777664512   3110658048
    48604032           16       38400.127   1555329024   6221316096
    53464320            1        2313.538    106928640    427714560
    53464320            2        4645.177    213857280    855429120
    53464320            4       10900.777    427714560   1710858240
    53464320            8       20670.782    855429120   3421716480
    53464320           16       42133.476   1710858240   6843432960
    58810752            1        2537.662    117621504    470486016
    58810752            2        5092.712    235243008    940972032
    58810752            4       11084.139    470486016   1881944064
    58810752            8       22773.119    940972032   3763888128
    58810752           16       46322.894   1881944064   7527776256
    64691712            1        2799.569    129383424    517533696
    64691712            2        5603.256    258766848   1035067392
    64691712            4       12081.229    517533696   2070134784
    64691712            8       24982.420   1035067392   4140269568
    64691712           16       50934.408   2070134784   8280539136
    71160768            1        3105.784    142321536    569286144
    71160768            2        6165.737    284643072   1138572288
    71160768            4       13332.998    569286144   2277144576
    71160768            8       27527.587   1138572288   4554289152
    78276672            1        3379.555    156553344    626213376
    78276672            2        6809.605    313106688   1252426752
    78276672            4       14619.275    626213376   2504853504
    78276672            8       30319.018   1252426752   5009707008
    86104320            1        3764.234    172208640    688834560
    86104320            2        7488.766    344417280   1377669120
    86104320            4       16213.960    688834560   2755338240
    86104320            8       33328.958   1377669120   5510676480
    94714752            1        4141.342    189429504    757718016
    94714752            2        8218.294    378859008   1515436032
    94714752            4       17775.157    757718016   3030872064
    94714752            8       36748.053   1515436032   6061744128
   104186112            1        4539.213    208372224    833488896
   104186112            2        9039.969    416744448   1666977792
   104186112            4       19570.508    833488896   3333955584
   104186112            8       40352.898   1666977792   6667911168
   114604608            1        5009.818    229209216    916836864
   114604608            2        9969.236    458418432   1833673728
   114604608            4       21530.266    916836864   3667347456
   114604608            8       44380.545   1833673728   7334694912
   126064896            1        5453.701    252129792   1008519168
   126064896            2       10961.768    504259584   2017038336
   126064896            4       23661.037   1008519168   4034076672
   126064896            8       48913.527   2017038336   8068153344
   138671232            1        6004.885    277342464   1109369856
   138671232            2       12064.290    554684928   2218739712
   138671232            4       26008.172   1109369856   4437479424
   152538240            1        6658.554    305076480   1220305920
   152538240            2       13220.448    610152960   2440611840
   152538240            4       28596.989   1220305920   4881223680
   167792064            1        7299.196    335584128   1342336512
   167792064            2       14599.937    671168256   2684673024
   167792064            4       31628.351   1342336512   5369346048
   184571136            1        8131.285    369142272   1476569088
   184571136            2       16030.845    738284544   2953138176
   184571136            4       34605.146   1476569088   5906276352
   203028096            1        8852.803    406056192   1624224768
   203028096            2       17662.123    812112384   3248449536
   203028096            4       38112.684   1624224768   6496899072
   223330752            1        9689.860    446661504   1786646016
   223330752            2       19416.014    893323008   3573292032
   223330752            4       41930.130   1786646016   7146584064
   245663808            1       10709.836    491327616   1965310464
   245663808            2       21372.300    982655232   3930620928
   245663808            4       46052.167   1965310464   7861241856
   270230016            1       11720.990    540460032   2161840128
   270230016            2       23497.165   1080920064   4323680256
   297252864            1       12935.384    594505728   2378022912
   297252864            2       25821.624   1189011456   4756045824
   326978112            1       14221.851    653956224   2615824896
   326978112            2       28412.884   1307912448   5231649792
   359675904            1       15663.839    719351808   2877407232
   359675904            2       31194.487   1438703616   5754814464
   395643456            1       17220.718    791286912   3165147648
   395643456            2       34386.843   1582573824   6330295296
   435207744            1       18941.648    870415488   3481661952
   435207744            2       37852.238   1740830976   6963323904
   478728384            1       20848.852    957456768   3829827072
   478728384            2       41651.881   1914913536   7659654144
   526601088            1       22921.192   1053202176   4212808704
   526601088            2       45824.362   2106404352   8425617408
   579261120            1       25178.655   1158522240   4634088960
   637187136            1       27640.406   1274374272   5097497088
   700905792            1       30465.686   1401811584   5607246336
   770996352            1       33932.715   1541992704   6167970816
   848095872            1       36935.025   1696191744   6784766976
   932905344            1       40535.593   1865810688   7463242752
  1026195840            1       44698.126   2052391680   8209566720

META_DATA
FLOPS          64
MPI_PROCS      1
OPENMP_THREADS 24
ERT_VERSION  1.1.0
HOSTNAME  ('deepv.deep', [], ['10.2.8.6'])
UNAME  uname_result(system='Linux', node='deepv', release='4.18.0-513.24.1.el8_9.x86_64', version='#1 SMP Thu Apr 4 18:13:02 UTC 2024', machine='x86_64')
TIMESTAMP_DATA  1713375168.1040525
CONFIG  {'ERT_RESULTS': ['Results.cn.deep.fz-juelich.de.01.gcc2023-O3-fastmath'], 'ERT_DRIVER': ['driver1'], 'ERT_KERNEL': ['kernel1'], 'ERT_MPI': ['True'], 'ERT_MPI_CFLAGS': ['-I', '/p/software/deep/stages/2023/software/psmpi/5.9.2-1-GCC-11.3.0/include'], 'ERT_MPI_LDFLAGS': ['-L', '/p/software/deep/stages/2023/software/psmpi/5.9.2-1-GCC-11.3.0/lib', '-lmpi'], 'ERT_OPENMP': ['True'], 'ERT_OPENMP_CFLAGS': ['-fopenmp'], 'ERT_OPENMP_LDFLAGS': ['-fopenmp'], 'ERT_FLOPS': ['1,2,4,8,16,64,128'], 'ERT_ALIGN': ['64'], 'ERT_CC': ['mpicxx'], 'ERT_CFLAGS': ['-g', '-O3', '-mavx'], 'ERT_LD': ['mpicxx'], 'ERT_LDFLAGS': [], 'ERT_LDLIBS': [], 'ERT_PRECISION': ['FP64'], 'ERT_RUN': ['export', 'OMP_NUM_THREADS=ERT_OPENMP_THREADS;', 'export', 'OMP_PLACES="cores(ERT_OPENMP_THREADS)";', 'srun', '-p', 'dp-cn', '-n', 'ERT_MPI_PROCS', '-c', '48', '--ntasks-per-node', '1', 'ERT_CODE'], 'ERT_PROCS_THREADS': ['24'], 'ERT_MPI_PROCS': ['1'], 'ERT_OPENMP_THREADS': ['24'], 'ERT_NUM_EXPERIMENTS': ['5'], 'ERT_MEMORY_MAX': ['1073741824'], 'ERT_WORKING_SET_MIN': ['128'], 'ERT_TRIALS_MIN': ['1'], 'ERT_GNUPLOT': ['gnuplot'], 'ERT_GPU': [False], 'ERT_HIP': [False], 'ERT_OCL': [False], 'ERT_SYCL': [False], 'ERT_WSS_MULT': [1.1]}
