fp64
 24576 32768 1101.007 1113.887 1956.533 823.1973271087173 1445.9390728143878 1462.8542198187658 205.79933177717933 361.48476820359696 365.71355495469146
 26880 32768 1191.583 1311.902 2484.63 709.0020163968074 1342.7890802819113 1478.3759754880691 177.25050409920186 335.6972700704778 369.5939938720173
 29568 32768 1382.024 1491.951 2805.428 690.7211477179239 1298.8150736853956 1402.123586855221 172.68028692948099 324.7037684213489 350.53089671380525
 32448 32768 1504.426 1517.409 2384.569 891.7804970206355 1401.4099876829514 1413.5039729438338 222.94512425515887 350.35249692073785 353.37599323595845
 35520 16384 799.512 915.877 1578.128 737.5316577616012 1270.8249688549881 1455.7872302104283 184.3829144404003 317.70624221374703 363.9468075526071
 38976 16384 901.848 933.403 1777.977 718.3251346895938 1368.2895469588163 1416.1649945445354 179.58128367239846 342.0723867397041 354.04124863613384
 42816 16384 1013.636 1101.094 1513.494 926.9905847000384 1274.1824839659466 1384.1208165455844 231.7476461750096 318.54562099148666 346.0302041363961
 47040 16384 1080.477 1123.259 1690.939 911.5684953744635 1372.2629598338406 1426.5983635005648 227.89212384361588 343.06573995846014 356.6495908751412
 51648 16384 1180.395 1307.29 1937.958 873.2911982612626 1294.587783888808 1433.7587536375536 218.32279956531565 323.646945972202 358.4396884093884
 56640 16384 1298.889 1401.825 2059.636 901.1201590960733 1323.9737627735274 1428.8977118137116 225.28003977401832 330.99344069338184 357.2244279534279
 62208 16384 1387.74 1407.966 3078.379 662.1769912021879 1447.7847788938086 1468.885918111462 165.54424780054697 361.94619472345215 367.2214795278655
 68352 8192 808.154 886.988 1473.506 760.0099137702866 1262.5640572364 1385.7249583618964 190.00247844257166 315.6410143091 346.4312395904741
 75072 8192 870.183 889.501 1717.51 716.1411857864001 1382.7748906409324 1413.472393737869 179.03529644660003 345.6937226602331 353.36809843446724
 82560 8192 923.73 1039.716 1848.151 731.9007159047068 1300.9928095749224 1464.3489331298106 182.9751789761767 325.2482023937306 366.08723328245264
 90816 8192 1024.139 1047.459 1791.146 830.7136012363035 1420.5132076768637 1452.8587857702912 207.67840030907587 355.1283019192159 363.2146964425728
 99840 8192 1116.791 1227.97 1807.891 904.7993269505739 1332.0997744244567 1464.713236406812 226.19983173764348 333.02494360611416 366.178309101703
 109824 8192 1227.245 1239.259 2722.62 660.8915000991692 1451.9615479895647 1466.1753895921354 165.2228750247923 362.99038699739117 366.54384739803385
 120768 8192 1350.557 1401.538 2976.463 664.7698667848382 1411.779710575097 1465.071753358059 166.19246669620955 352.94492764377424 366.2679383395147
 132672 4096 749.161 798.775 1512.698 718.4838110449011 1360.644767299928 1450.7549431964558 179.62095276122528 340.161191824982 362.68873579911394
 145920 4096 868.615 922.852 1720.745 694.6855228403978 1295.3069831348907 1376.1869643052446 173.67138071009944 323.8267457837227 344.04674107631115
 160512 4096 876.873 1000.852 1953.426 673.1323858697489 1313.7949507020019 1499.549312158089 168.28309646743722 328.44873767550047 374.88732803952223
 176448 4096 1010.231 1035.714 1384.86 1043.7603916641394 1395.6188832052094 1430.8232631942597 260.94009791603486 348.90472080130235 357.7058157985649
 193920 4096 1097.356 1184.276 2322.011 684.1451827747585 1341.4040645930506 1447.6547629028316 171.03629569368962 335.35101614826266 361.9136907257079
 213312 4096 1188.491 1307.078 2274.698 768.2127051591025 1336.9147854986468 1470.3114318913647 192.05317628977562 334.2286963746617 367.5778579728412
 234624 4096 1301.488 1469.636 2698.472 712.2696874379278 1307.8339180586215 1476.8017899511945 178.06742185948195 326.9584795146554 369.2004474877986
 258048 4096 1426.102 1609.175 2873.739 735.6023688998896 1313.6726682927585 1482.3127770664369 183.9005922249724 328.41816707318964 370.5781942666092
 283776 2048 831.335 929.638 1811.318 641.713103938679 1250.3216262674289 1398.16860351122 160.42827598466974 312.5804065668572 349.542150877805
 312000 2048 986.825 991.307 1258.819 1015.1991668381237 1289.158656198332 1295.0138069059863 253.79979170953092 322.289664049583 323.75345172649656
 343104 2048 954.826 982.577 2072.923 677.9576395264079 1430.2736416586179 1471.8430206131798 169.48940988160197 357.56841041465447 367.96075515329494
 377280 2048 1048.255 1238.608 2395.204 645.1804856705317 1247.641610582202 1474.2012964402745 161.2951214176329 311.9104026455505 368.55032411006863
 414912 2048 1152.321 1348.274 2613.505 650.2683377303659 1260.4852960154985 1474.831710955541 162.56708443259149 315.12132400387463 368.70792773888525
 456384 2048 1381.695 1398.076 3015.51 619.9113463394251 1337.0867277601503 1352.93886422112 154.97783658485628 334.2716819400376 338.23471605528
 501888 2048 1398.909 1601.371 3493.772 588.3993712239952 1283.7332810448047 1469.526072103332 147.0998428059988 320.9333202612012 367.381518025833
 552000 1024 793.027 865.189 1827.979 618.4403650151341 1306.646293468826 1425.5454101814942 154.61009125378354 326.6615733672065 356.38635254537354
 607104 1024 874.601 956.493 1858.236 669.1017674827094 1299.9039114766128 1421.6185346232169 167.27544187067735 324.9759778691532 355.4046336558042
 667776 1024 925.092 1036.11 2119.029 645.3924169985404 1319.942137417842 1478.3451245930135 161.3481042496351 329.9855343544605 369.58628114825336
 734400 1024 1037.561 1149.438 2413.143 623.2747914234673 1308.510071878605 1449.6026739632657 155.81869785586682 327.12751796965125 362.40066849081643
 807744 1024 1148.717 1259.005 2565.43 644.8274605036974 1313.942130491936 1440.0933493628108 161.20686512592434 328.485532622984 360.0233373407027
 888384 1024 1259.485 1391.888 3008.181 604.8207976847137 1307.1528973595578 1444.5669714208586 151.20519942117843 326.78822433988944 361.14174285521466
 977088 1024 1379.661 1504.521 3045.574 657.0440330788219 1330.042069203421 1450.4115315283973 164.26100826970548 332.51051730085527 362.6028828820993
 1074624 512 784.813 867.019 1842.072 597.3789167850116 1269.1936116740233 1402.136529338836 149.3447291962529 317.2984029185058 350.534132334709
 1181952 512 858.898 953.302 1932.573 626.273288512258 1269.6069535152553 1409.1531800050764 156.5683221280645 317.40173837881383 352.2882950012691
 1300032 512 923.566 1034.784 2118.697 628.3261683950088 1286.4837183412187 1441.4051275166041 157.0815420987522 321.6209295853047 360.35128187915103
 1430016 512 1088.767 1119.119 2261.937 647.3815955086283 1308.4724537783738 1344.9492719746283 161.84539887715707 327.11811344459346 336.2373179936571
 1572864 512 1097.712 1134.544 2639.442 610.2095579292895 1419.6124046312877 1467.2452665179937 152.55238948232238 354.90310115782194 366.81131662949844
 1730112 512 1223.138 1249.143 2682.052 660.5519535042571 1418.2801232525019 1448.4340180748209 165.13798837606427 354.57003081312547 362.1085045187052
 1903104 512 1337.464 1451.059 3061.359 636.5730043421893 1343.0043134014538 1457.0698695441522 159.14325108554732 335.75107835036346 364.26746738603805
 2093376 512 1595.456 1641.732 3333.568 643.0398371954614 1305.704599776334 1343.5763969673876 160.75995929886534 326.4261499440835 335.8940992418469
 2302656 256 820.606 1609.681 1843.91 639.3803775672349 732.4183313339724 1436.6941894161146 159.84509439180871 183.1045828334931 359.17354735402864
 2532864 256 874.662 1796.615 1967.573 659.0994936401343 721.8165093801399 1482.6600080945555 164.77487341003356 180.45412734503498 370.66500202363886
 2786112 256 984.579 1775.769 2314.756 616.2590545180572 803.3079437697132 1448.8317788618283 154.0647636295143 200.8269859424283 362.2079447154571
 3064704 256 1202.461 1224.33 2546.861 616.1029000012172 1281.6221508906915 1304.93084432676 154.0257250003043 320.4055377226729 326.23271108169
 3371136 256 1201.583 1303.139 2624.846 657.5706277625429 1324.5107636253692 1436.4564345534181 164.39265694063573 331.1276909063423 359.11410863835454
 3708096 256 1314.642 1434.781 3056.367 621.1770876992193 1323.229922894156 1444.1537331075685 155.29427192480483 330.807480723539 361.03843327689214
 4078848 256 1446.042 2005.951 3190.854 654.4862836093411 1041.0873326417245 1444.1974548457101 163.62157090233526 260.27183316043113 361.04936371142753
 4486656 128 901.27 1677.874 1792.739 640.6866454068328 684.5471924590286 1274.406044803444 160.1716613517082 171.13679811475714 318.601511200861
 4935168 128 889.735 937.158 2020.983 625.1428181236556 1348.1216699852107 1419.9767436371505 156.2857045309139 337.0304174963027 354.99418590928764
 5428608 128 953.699 1125.98 2341.687 593.4711376883417 1234.2347537256435 1457.1931479429045 148.36778442208544 308.55868843141087 364.2982869857261
 5971392 128 1068.986 1073.303 2354.757 649.1864561821029 1424.2728772769665 1430.0246701079338 162.29661404552573 356.0682193192416 357.50616752698346
 6568512 128 1164.35 1286.877 2586.846 650.0344713214471 1306.6820465359162 1444.186947223773 162.50861783036177 326.67051163397906 361.0467368059432
 7225344 128 1259.805 1317.529 2993.973 617.8038559465967 1403.90690755194 1468.233626632693 154.45096398664919 350.976726887985 367.0584066581732
 7947840 128 1419.888 1441.508 3345.317 608.2075450547735 1411.4712093169096 1432.9630506068083 152.05188626369338 352.8678023292274 358.2407626517021
 8742528 64 803.682 874.041 1674.636 668.2309373499673 1280.3101730925664 1392.395977513494 167.05773433749184 320.0775432731416 348.0989943783735
 9616704 64 857.008 893.919 2028.593 606.7940252184643 1377.013031382038 1436.3204450833598 151.69850630461607 344.2532578455095 359.08011127083995
 10578240 64 953.596 1048.657 2141.794 632.1871851354518 1291.189321198447 1419.9039425500944 158.04679628386296 322.79733029961176 354.9759856375236
 11635968 64 1028.361 1148.738 2334.175 638.0857921963864 1296.5566595690227 1448.3278770781853 159.5214480490966 324.1391648922557 362.08196926954633
 12799488 64 1146.535 1282.538 2745.397 596.756849373697 1277.4159237387119 1428.9441351550538 149.18921234342426 319.35398093467796 357.23603378876345
 14079360 64 1249.906 1376.012 2933.537 614.3294187187686 1309.696485205071 1441.834889983727 153.58235467969214 327.42412130126775 360.45872249593174
 15487296 64 1496.843 1508.339 3055.243 648.8432795689246 1314.2760931063904 1324.3699492865983 162.21081989223114 328.5690232765976 331.09248732164957
 17035968 32 880.433 1353.709 1842.552 591.7346983965717 805.4182634524849 1238.370156502539 147.93367459914293 201.35456586312122 309.59253912563474
 18739392 32 959.006 969.091 2017.11 594.5739637402027 1237.5732392520413 1250.5876793263026 148.64349093505066 309.3933098130103 312.64691983157564
 20613312 32 1042.182 1065.841 2157.179 611.5635132735856 1237.7568211393634 1265.855645175219 152.8908783183964 309.43920528484085 316.46391129380476
 22674624 32 1130.282 1152.433 2259.786 642.1740536493278 1259.228029742293 1283.9060836145316 160.54351341233195 314.80700743557327 320.9765209036329
 24941952 32 1139.968 1286.152 2590.008 616.3243233225535 1241.132407367092 1400.2892432068268 154.08108083063837 310.283101841773 350.0723108017067
 27436032 32 1297.251 1450.808 2926.067 600.0908550624439 1210.2952616748735 1353.559217144562 150.02271376561097 302.57381541871837 338.3898042861405
 30179520 32 1502.967 1592.932 3279.15 589.021325648415 1212.5371830059287 1285.1175574713218 147.25533141210374 303.13429575148217 321.27938936783045
 33197376 32 1640.112 1692.844 3685.198 576.5313190770212 1255.0666594204783 1295.4188884661535 144.1328297692553 313.7666648551196 323.85472211653837
 36517056 16 975.199 1003.248 2051.094 569.7183025253839 1164.7626429357447 1198.2639358736012 142.42957563134598 291.19066073393617 299.5659839684003
 40168704 16 1096.838 1144.518 2221.951 578.4999435181063 1123.091579162582 1171.9128330710644 144.62498587952658 280.7728947906455 292.9782082677661
 44185536 16 1181.112 1204.29 2432.533 581.2612416768858 1174.083611090352 1197.1236868307153 145.31531041922145 293.520902772588 299.28092170767883
 48604032 16 1251.724 1445.161 2673.273 581.8070298095255 1076.2323533502495 1242.5494949365836 145.45175745238137 269.05808833756237 310.6373737341459
 53464320 16 1504.776 1749.019 2984.048 573.3346916671583 978.1816206685005 1136.9521044992744 143.33367291678957 244.54540516712512 284.2380261248186
 58810752 16 1821.51 2055.757 3405.89 552.5557384413472 915.4506412966124 1033.1780028657543 138.1389346103368 228.8626603241531 258.29450071643856
 64691712 16 2258.928 2299.5 3952.255 523.7857334610242 900.2543091976517 916.4235354114873 130.94643336525604 225.0635772994129 229.1058838528718
 71160768 8 1461.874 1559.011 2290.568 497.0698481773953 730.3170330421017 778.8443381577346 124.26746204434882 182.57925826052542 194.71108453943364
 78276672 8 1825.173 1942.171 2633.204 475.6284556760509 644.859156068132 686.1961863341174 118.90711391901273 161.214789017033 171.54904658352936
 86104320 8 2417.72 2497.61 3114.368 442.3591303275657 551.594972793991 569.8216170607018 110.58978258189143 137.89874319849775 142.45540426517545
 94714752 8 3004.293 3085.034 3739.562 405.24425908702676 491.22182510792425 504.4235139515353 101.31106477175669 122.80545627698106 126.10587848788383
 104186112 8 3664.249 3758.149 4552.028 366.2055224616368 443.56351810425826 454.93027138712466 91.5513806154092 110.89087952606457 113.73256784678117
 114604608 8 4252.445 4339.286 5259.241 348.6574827052041 422.5749876823053 431.2045724283324 87.16437067630102 105.64374692057632 107.8011431070831
 126064896 8 4929.452 5049.439 6030.123 334.4937302273934 399.45790730415797 409.18104811650466 83.62343255684836 99.86447682603949 102.29526202912616
 138671232 4 3342.903 3470.212 4002.113 277.1960351944086 319.68359742862975 331.85822502178496 69.29900879860215 79.92089935715744 82.96455625544624
 152538240 4 3835.371 3880.591 4409.331 276.75534451825007 314.46393603448547 318.17154585566817 69.18883612956252 78.61598400862137 79.54288646391704
 167792064 4 4398.604 4836.642 5109.91 262.69278950118496 277.53480865443424 305.1733031661863 65.67319737529624 69.38370216360856 76.29332579154658
 184571136 4 4898.357 5000.026 5721.166 258.0888385339632 295.31228197613376 301.44170545348163 64.5222096334908 73.82807049403344 75.36042636337041
 203028096 4 5583.058 5607.009 6311.235 257.35450636840494 289.67757462133557 290.9202748744505 64.33862659210124 72.41939365533389 72.73006871861263
 223330752 4 6192.711 6372.307 7195.524 248.29963960929044 280.3766384764576 288.50789516901403 62.07490990232261 70.0941596191144 72.12697379225351
 245663808 4 7003.365 7057.721 7540.337 260.63960589559855 278.4624759182178 280.62373787457886 65.15990147389964 69.61561897955445 70.15593446864472
 270230016 2 5237.486 5319.698 5438.879 198.73949466424978 203.19199774122515 206.3814708048862 49.684873666062444 50.79799943530629 51.59536770122155
 297252864 2 5876.57 5966.201 6129.116 193.99395540890401 199.2912166385276 202.3308589874706 48.498488852226004 49.8228041596319 50.58271474686765
 326978112 2 6438.886 6613.286 6697.787 195.27531227851824 197.77043484887844 203.12713223995578 48.81882806962956 49.44260871221961 50.781783059988946
 359675904 2 7166.901 7368.173 7561.294 190.2721433659371 195.25920686172813 200.7427779454467 47.568035841484274 48.81480171543203 50.185694486361676
 395643456 2 8026.231 8172.655 8682.757 182.26628062952818 193.64255850760864 197.1752151165348 45.566570157382046 48.41063962690216 49.2938037791337
 435207744 2 8928.927 9005.095 9521.202 182.83731150751765 193.3162255367656 194.96530501369315 45.709327876879414 48.3290563841914 48.74132625342329
 478728384 2 9820.367 9915.58 10614.756 180.4010884470637 193.12168688064642 194.99409095403462 45.100272111765925 48.280421720161605 48.748522738508655
 526601088 2 10948.062 11077.84 11702.382 179.99791427078696 190.1457641561893 192.3997463660692 44.99947856769674 47.536441039047325 48.0999365915173
 579261120 1 6061.007 6097.824 6626.404 174.83422984774242 189.98945197499958 191.1435245001367 43.708557461935605 47.497362993749896 47.78588112503417
 637187136 1 6701.951 6823.731 7231.41 176.22763361502115 186.7562294000159 190.14974475343075 44.05690840375529 46.68905735000398 47.53743618835769
 700905792 1 7364.197 7475.165 7948.924 176.35236970437762 187.5291828340913 190.35498154109675 44.088092426094406 46.882295708522825 47.58874538527419
 770996352 1 8277.084 8329.702 8969.255 171.91981987355697 185.11979228068427 186.29661170528172 42.979954968389244 46.279948070171066 46.57415292632043
 848095872 1 8992.446 9086.915 9526.684 178.04639515701373 186.66310227398407 188.62406780090757 44.51159878925343 46.66577556849602 47.15601695022689
 932905344 1 9968.793 10071.843 10738.28 173.75321634377198 185.2501759608445 187.16515509951907 43.438304085942995 46.312543990211125 46.79128877487977
 1026195840 1 10924.461 11102.344 11651.64 176.14616311523528 184.86111401340116 187.8712075588901 44.03654077880882 46.21527850335029 46.96780188972252
 
META_DATA
 FLOPS          4
 MPI_PROCS      1
 OPENMP_THREADS 24
 ERT_VERSION  1.1.0
 HOSTNAME  ('dp-cn26.deep', [], ['10.2.9.126'])
 UNAME  uname_result(system='Linux', node='dp-cn26', release='4.18.0-513.24.1.el8_9.x86_64', version='#1 SMP Thu Apr 4 18:13:02 UTC 2024', machine='x86_64')
 TIMESTAMP_DATA  1713441566.5428388
 CONFIG  {'ERT_RESULTS': ['Results.cn.deep.fz-juelich.de.01.gcc2023-O3-only'], 'ERT_DRIVER': ['driver1'], 'ERT_KERNEL': ['kernel1'], 'ERT_MPI': ['True'], 'ERT_MPI_CFLAGS': ['-I', '/p/software/deep/stages/2023/software/psmpi/5.9.2-1-GCC-11.3.0/include'], 'ERT_MPI_LDFLAGS': ['-L', '/p/software/deep/stages/2023/software/psmpi/5.9.2-1-GCC-11.3.0/lib', '-lmpi'], 'ERT_OPENMP': ['True'], 'ERT_OPENMP_CFLAGS': ['-fopenmp'], 'ERT_OPENMP_LDFLAGS': ['-fopenmp'], 'ERT_FLOPS': ['1,2,4,8,16,64,128'], 'ERT_ALIGN': ['64'], 'ERT_CC': ['mpicxx'], 'ERT_CFLAGS': ['-g', '-O3'], 'ERT_LD': ['mpicxx'], 'ERT_LDFLAGS': [], 'ERT_LDLIBS': [], 'ERT_PRECISION': ['FP64'], 'ERT_RUN': ['export', 'OMP_NUM_THREADS=ERT_OPENMP_THREADS;', 'export', 'OMP_PLACES="cores(ERT_OPENMP_THREADS)";', 'srun', '-p', 'dp-cn', '-n', 'ERT_MPI_PROCS', '-c', '48', '--ntasks-per-node', '1', 'ERT_CODE'], 'ERT_PROCS_THREADS': ['24'], 'ERT_MPI_PROCS': ['1'], 'ERT_OPENMP_THREADS': ['24'], 'ERT_NUM_EXPERIMENTS': ['5'], 'ERT_MEMORY_MAX': ['1073741824'], 'ERT_WORKING_SET_MIN': ['128'], 'ERT_TRIALS_MIN': ['1'], 'ERT_GNUPLOT': ['gnuplot'], 'ERT_GPU': [False], 'ERT_HIP': [False], 'ERT_OCL': [False], 'ERT_SYCL': [False], 'ERT_WSS_MULT': [1.1]}
 TIMESTAMP_DATA  1713441569.0561547
 TIMESTAMP_DATA  1713441571.4667435
 TIMESTAMP_DATA  1713441573.733893
 TIMESTAMP_DATA  1713441576.0194142
 