fp64
       24576            1           3.778        49152        12288
       24576            2           4.547        98304        24576
       24576            4           3.768       196608        49152
       24576            8           2.550       393216        98304
       24576           16           2.807       786432       196608
       24576           32           4.976      1572864       393216
       24576           64           7.913      3145728       786432
       24576          128           9.107      6291456      1572864
       24576          256          15.898     12582912      3145728
       24576          512          30.047     25165824      6291456
       24576         1024          71.294     50331648     12582912
       24576         2048         120.675    100663296     25165824
       24576         4096         171.911    201326592     50331648
       24576         8192         344.383    402653184    100663296
       24576        16384         651.634    805306368    201326592
       24576        32768        1233.394   1610612736    402653184
       26880            1           3.383        53760        13440
       26880            2           6.276       107520        26880
       26880            4           4.525       215040        53760
       26880            8           4.489       430080       107520
       26880           16           2.698       860160       215040
       26880           32           4.308      1720320       430080
       26880           64           6.866      3440640       860160
       26880          128           9.881      6881280      1720320
       26880          256          35.890     13762560      3440640
       26880          512          39.535     27525120      6881280
       26880         1024          81.720     55050240     13762560
       26880         2048          95.614    110100480     27525120
       26880         4096         204.671    220200960     55050240
       26880         8192         359.438    440401920    110100480
       26880        16384         665.580    880803840    220200960
       26880        32768        1311.902   1761607680    440401920
       29568            1           5.356        59136        14784
       29568            2           4.797       118272        29568
       29568            4           4.908       236544        59136
       29568            8           4.132       473088       118272
       29568           16           4.532       946176       236544
       29568           32           3.952      1892352       473088
       29568           64           7.587      3784704       946176
       29568          128          10.887      7569408      1892352
       29568          256          21.495     15138816      3784704
       29568          512          43.231     30277632      7569408
       29568         1024          88.595     60555264     15138816
       29568         2048         123.832    121110528     30277632
       29568         4096         208.973    242221056     60555264
       29568         8192         661.036    484442112    121110528
       29568        16384        1755.238    968884224    242221056
       29568        32768        2805.428   1937768448    484442112
       32448            1           3.798        64896        16224
       32448            2           4.435       129792        32448
       32448            4           4.698       259584        64896
       32448            8           4.793       519168       129792
       32448           16           4.314      1038336       259584
       32448           32           5.466      2076672       519168
       32448           64           7.623      4153344      1038336
       32448          128          10.462      8306688      2076672
       32448          256          23.664     16613376      4153344
       32448          512          62.081     33226752      8306688
       32448         1024         102.301     66453504     16613376
       32448         2048         121.249    132907008     33226752
       32448         4096         229.400    265814016     66453504
       32448         8192         452.988    531628032    132907008
       32448        16384         815.251   1063256064    265814016
       32448        32768        1517.409   2126512128    531628032
       35520            1           3.526        71040        17760
       35520            2           3.678       142080        35520
       35520            4           4.040       284160        71040
       35520            8           4.493       568320       142080
       35520           16           4.877      1136640       284160
       35520           32           5.829      2273280       568320
       35520           64           8.092      4546560      1136640
       35520          128          11.245      9093120      2273280
       35520          256          35.217     18186240      4546560
       35520          512          52.454     36372480      9093120
       35520         1024          94.311     72744960     18186240
       35520         2048         125.388    145489920     36372480
       35520         4096         258.706    290979840     72744960
       35520         8192         473.499    581959680    145489920
       35520        16384         918.297   1163919360    290979840
       38976            1           2.254        77952        19488
       38976            2           4.309       155904        38976
       38976            4           5.375       311808        77952
       38976            8          17.409       623616       155904
       38976           16           3.650      1247232       311808
       38976           32           4.789      2494464       623616
       38976           64           8.638      4988928      1247232
       38976          128          13.879      9977856      2494464
       38976          256          40.490     19955712      4988928
       38976          512          67.227     39911424      9977856
       38976         1024          94.770     79822848     19955712
       38976         2048         142.183    159645696     39911424
       38976         4096         271.752    319291392     79822848
       38976         8192         544.786    638582784    159645696
       38976        16384         930.127   1277165568    319291392
       42816            1           4.813        85632        21408
       42816            2           4.144       171264        42816
       42816            4           3.723       342528        85632
       42816            8           4.361       685056       171264
       42816           16           4.127      1370112       342528
       42816           32           5.913      2740224       685056
       42816           64           9.932      5480448      1370112
       42816          128          13.227     10960896      2740224
       42816          256          44.476     21921792      5480448
       42816          512          73.990     43843584     10960896
       42816         1024          81.567     87687168     21921792
       42816         2048         152.262    175374336     43843584
       42816         4096         314.722    350748672     87687168
       42816         8192         581.413    701497344    175374336
       42816        16384        1013.636   1402994688    350748672
       47040            1           3.066        94080        23520
       47040            2           5.189       188160        47040
       47040            4           4.777       376320        94080
       47040            8           4.744       752640       188160
       47040           16           5.996      1505280       376320
       47040           32           6.761      3010560       752640
       47040           64           9.539      6021120      1505280
       47040          128          15.381     12042240      3010560
       47040          256          43.132     24084480      6021120
       47040          512          68.013     48168960     12042240
       47040         1024         104.600     96337920     24084480
       47040         2048         166.077    192675840     48168960
       47040         4096         338.924    385351680     96337920
       47040         8192         635.063    770703360    192675840
       47040        16384        1198.438   1541406720    385351680
       51648            1           3.909       103296        25824
       51648            2           4.192       206592        51648
       51648            4           3.624       413184       103296
       51648            8           3.032       826368       206592
       51648           16           4.962      1652736       413184
       51648           32           6.544      3305472       826368
       51648           64          10.119      6610944      1652736
       51648          128          18.944     13221888      3305472
       51648          256          47.169     26443776      6610944
       51648          512          77.998     52887552     13221888
       51648         1024          98.425    105775104     26443776
       51648         2048         181.341    211550208     52887552
       51648         4096         366.284    423100416    105775104
       51648         8192         648.048    846200832    211550208
       51648        16384        1305.806   1692401664    423100416
       56640            1           4.312       113280        28320
       56640            2           4.935       226560        56640
       56640            4           4.198       453120       113280
       56640            8           4.312       906240       226560
       56640           16           4.605      1812480       453120
       56640           32           6.380      3624960       906240
       56640           64          10.563      7249920      1812480
       56640          128          19.561     14499840      3624960
       56640          256          44.187     28999680      7249920
       56640          512          88.947     57999360     14499840
       56640         1024         104.134    115998720     28999680
       56640         2048         199.062    231997440     57999360
       56640         4096         401.541    463994880    115998720
       56640         8192         662.027    927989760    231997440
       56640        16384        1298.889   1855979520    463994880
       62208            1           4.648       124416        31104
       62208            2           3.819       248832        62208
       62208            4           3.173       497664       124416
       62208            8           3.762       995328       248832
       62208           16           4.903      1990656       497664
       62208           32           9.571      3981312       995328
       62208           64          11.288      7962624      1990656
       62208          128          22.275     15925248      3981312
       62208          256          48.553     31850496      7962624
       62208          512          94.112     63700992     15925248
       62208         1024         112.184    127401984     31850496
       62208         2048         233.330    254803968     63700992
       62208         4096         414.780    509607936    127401984
       62208         8192         818.931   1019215872    254803968
       62208        16384        1407.966   2038431744    509607936
       68352            1           2.888       136704        34176
       68352            2           4.667       273408        68352
       68352            4           3.701       546816       136704
       68352            8           3.745      1093632       273408
       68352           16           4.830      2187264       546816
       68352           32           7.642      4374528      1093632
       68352           64          12.255      8749056      2187264
       68352          128          24.886     17498112      4374528
       68352          256          50.554     34996224      8749056
       68352          512          83.942     69992448     17498112
       68352         1024         120.652    139984896     34996224
       68352         2048         231.678    279969792     69992448
       68352         4096         471.800    559939584    139984896
       68352         8192         886.988   1119879168    279969792
       75072            1           3.140       150144        37536
       75072            2           4.516       300288        75072
       75072            4           3.087       600576       150144
       75072            8           4.076      1201152       300288
       75072           16           6.491      2402304       600576
       75072           32           8.185      4804608      1201152
       75072           64          12.655      9609216      2402304
       75072          128          25.896     19218432      4804608
       75072          256          54.257     38436864      9609216
       75072          512         108.086     76873728     19218432
       75072         1024         133.433    153747456     38436864
       75072         2048         258.797    307494912     76873728
       75072         4096         515.785    614989824    153747456
       75072         8192         889.164   1229979648    307494912
       82560            1           4.531       165120        41280
       82560            2           4.001       330240        82560
       82560            4           3.922       660480       165120
       82560            8           3.439      1320960       330240
       82560           16           6.179      2641920       660480
       82560           32           7.855      5283840      1320960
       82560           64          13.265     10567680      2641920
       82560          128          29.142     21135360      5283840
       82560          256          61.068     42270720     10567680
       82560          512         107.416     84541440     21135360
       82560         1024         145.035    169082880     42270720
       82560         2048         277.207    338165760     84541440
       82560         4096         513.670    676331520    169082880
       82560         8192        1058.931   1352663040    338165760
       90816            1           5.075       181632        45408
       90816            2           3.923       363264        90816
       90816            4           3.422       726528       181632
       90816            8           3.347      1453056       363264
       90816           16           4.203      2906112       726528
       90816           32           9.056      5812224      1453056
       90816           64          13.447     11624448      2906112
       90816          128          32.322     23248896      5812224
       90816          256          58.026     46497792     11624448
       90816          512         110.090     92995584     23248896
       90816         1024         158.724    185991168     46497792
       90816         2048         324.324    371982336     92995584
       90816         4096         603.479    743964672    185991168
       90816         8192        1047.459   1487929344    371982336
       99840            1           5.102       199680        49920
       99840            2           3.428       399360        99840
       99840            4           6.307       798720       199680
       99840            8           4.593      1597440       399360
       99840           16           6.133      3194880       798720
       99840           32           9.256      6389760      1597440
       99840           64          25.559     12779520      3194880
       99840          128          44.279     25559040      6389760
       99840          256          77.067     51118080     12779520
       99840          512         101.842    102236160     25559040
       99840         1024         170.775    204472320     51118080
       99840         2048         335.454    408944640    102236160
       99840         4096         578.569    817889280    204472320
       99840         8192        1230.933   1635778560    408944640
      109824            1           3.811       219648        54912
      109824            2           5.359       439296       109824
      109824            4           3.715       878592       219648
      109824            8           7.977      1757184       439296
      109824           16           5.456      3514368       878592
      109824           32          27.056      7028736      1757184
      109824           64          18.247     14057472      3514368
      109824          128          46.300     28114944      7028736
      109824          256          80.088     56229888     14057472
      109824          512         114.565    112459776     28114944
      109824         1024         188.187    224919552     56229888
      109824         2048         371.042    449839104    112459776
      109824         4096         681.915    899678208    224919552
      109824         8192        1332.716   1799356416    449839104
      120768            1           7.147       241536        60384
      120768            2           3.306       483072       120768
      120768            4           3.182       966144       241536
      120768            8           5.294      1932288       483072
      120768           16           6.184      3864576       966144
      120768           32          14.345      7729152      1932288
      120768           64          19.503     15458304      3864576
      120768          128          47.639     30916608      7729152
      120768          256          92.596     61833216     15458304
      120768          512         109.423    123666432     30916608
      120768         1024         206.044    247332864     61833216
      120768         2048         424.144    494665728    123666432
      120768         4096         675.109    989331456    247332864
      120768         8192        2976.463   1978662912    494665728
      132672            1           2.663       265344        66336
      132672            2           3.960       530688       132672
      132672            4           3.424      1061376       265344
      132672            8          12.753      2122752       530688
      132672           16           8.748      4245504      1061376
      132672           32          13.477      8491008      2122752
      132672           64          43.682     16982016      4245504
      132672          128          54.101     33964032      8491008
      132672          256         103.639     67928064     16982016
      132672          512         214.983    135856128     33964032
      132672         1024         403.452    271712256     67928064
      132672         2048         793.844    543424512    135856128
      132672         4096        1474.457   1086849024    271712256
      145920            1           5.096       291840        72960
      145920            2           3.715       583680       145920
      145920            4           6.551      1167360       291840
      145920            8           5.591      2334720       583680
      145920           16           7.710      4669440      1167360
      145920           32          14.219      9338880      2334720
      145920           64          26.637     18677760      4669440
      145920          128          59.352     37355520      9338880
      145920          256         118.601     74711040     18677760
      145920          512         196.416    149422080     37355520
      145920         1024         391.774    298844160     74711040
      145920         2048         807.320    597688320    149422080
      145920         4096        1720.745   1195376640    298844160
      160512            1           4.516       321024        80256
      160512            2           2.847       642048       160512
      160512            4          11.576      1284096       321024
      160512            8           4.567      2568192       642048
      160512           16          10.118      5136384      1284096
      160512           32          15.990     10272768      2568192
      160512           64          39.594     20545536      5136384
      160512          128          69.227     41091072     10272768
      160512          256         120.053     82182144     20545536
      160512          512         240.683    164364288     41091072
      160512         1024         489.627    328728576     82182144
      160512         2048         998.539    657457152    164364288
      160512         4096        1953.426   1314914304    328728576
      176448            1           4.024       352896        88224
      176448            2           3.895       705792       176448
      176448            4           4.302      1411584       352896
      176448            8           6.014      2823168       705792
      176448           16           9.904      5646336      1411584
      176448           32          14.866     11292672      2823168
      176448           64          61.649     22585344      5646336
      176448          128          57.630     45170688     11292672
      176448          256         134.160     90341376     22585344
      176448          512         264.379    180682752     45170688
      176448         1024         519.849    361365504     90341376
      176448         2048         971.955    722731008    180682752
      176448         4096        1384.860   1445462016    361365504
      193920            1           3.484       387840        96960
      193920            2           5.081       775680       193920
      193920            4           4.195      1551360       387840
      193920            8           6.698      3102720       775680
      193920           16           9.947      6205440      1551360
      193920           32          29.988     12410880      3102720
      193920           64          38.599     24821760      6205440
      193920          128          75.278     49643520     12410880
      193920          256         154.882     99287040     24821760
      193920          512         296.161    198574080     49643520
      193920         1024         585.022    397148160     99287040
      193920         2048        1180.334    794296320    198574080
      193920         4096        2322.011   1588592640    397148160
      213312            1           3.931       426624       106656
      213312            2           2.854       853248       213312
      213312            4           4.936      1706496       426624
      213312            8           5.231      3412992       853248
      213312           16          19.791      6825984      1706496
      213312           32          21.227     13651968      3412992
      213312           64          42.780     27303936      6825984
      213312          128          81.134     54607872     13651968
      213312          256         161.663    109215744     27303936
      213312          512         327.975    218431488     54607872
      213312         1024         632.401    436862976    109215744
      213312         2048        1296.838    873725952    218431488
      213312         4096        2274.698   1747451904    436862976
      234624            1           5.675       469248       117312
      234624            2           4.679       938496       234624
      234624            4           4.652      1876992       469248
      234624            8           7.345      3753984       938496
      234624           16          11.532      7507968      1876992
      234624           32          20.500     15015936      3753984
      234624           64          42.865     30031872      7507968
      234624          128          85.659     60063744     15015936
      234624          256         189.885    120127488     30031872
      234624          512         334.804    240254976     60063744
      234624         1024         682.304    480509952    120127488
      234624         2048        1349.291    961019904    240254976
      234624         4096        2698.472   1922039808    480509952
      258048            1           6.359       516096       129024
      258048            2           6.113      1032192       258048
      258048            4           4.410      2064384       516096
      258048            8           7.180      4128768      1032192
      258048           16          17.796      8257536      2064384
      258048           32          35.505     16515072      4128768
      258048           64          57.135     33030144      8257536
      258048          128          90.703     66060288     16515072
      258048          256         200.554    132120576     33030144
      258048          512         382.744    264241152     66060288
      258048         1024         834.123    528482304    132120576
      258048         2048         979.351   1056964608    264241152
      258048         4096        1993.872   2113929216    528482304
      283776            1           5.188       567552       141888
      283776            2           3.352      1135104       283776
      283776            4           4.872      2270208       567552
      283776            8           7.179      4540416      1135104
      283776           16          11.117      9080832      2270208
      283776           32          24.701     18161664      4540416
      283776           64          55.433     36323328      9080832
      283776          128          74.186     72646656     18161664
      283776          256         150.954    145293312     36323328
      283776          512         386.588    290586624     72646656
      283776         1024         799.291    581173248    145293312
      283776         2048        1419.636   1162346496    290586624
      312000            1           7.168       624000       156000
      312000            2           3.714      1248000       312000
      312000            4           6.204      2496000       624000
      312000            8           9.167      4992000      1248000
      312000           16          16.435      9984000      2496000
      312000           32          42.446     19968000      4992000
      312000           64          69.386     39936000      9984000
      312000          128         122.705     79872000     19968000
      312000          256         243.421    159744000     39936000
      312000          512         423.034    319488000     79872000
      312000         1024         576.750    638976000    159744000
      312000         2048        1258.819   1277952000    319488000
      343104            1           5.725       686208       171552
      343104            2           4.426      1372416       343104
      343104            4           5.591      2744832       686208
      343104            8           9.003      5489664      1372416
      343104           16          14.935     10979328      2744832
      343104           32          41.721     21958656      5489664
      343104           64          57.545     43917312     10979328
      343104          128         114.221     87834624     21958656
      343104          256         261.075    175669248     43917312
      343104          512         451.263    351338496     87834624
      343104         1024         970.883    702676992    175669248
      343104         2048        2072.923   1405353984    351338496
      377280            1           5.243       754560       188640
      377280            2           5.180      1509120       377280
      377280            4           6.565      3018240       754560
      377280            8          10.392      6036480      1509120
      377280           16          22.499     12072960      3018240
      377280           32          46.721     24145920      6036480
      377280           64          72.618     48291840     12072960
      377280          128         162.614     96583680     24145920
      377280          256         347.886    193167360     48291840
      377280          512         654.758    386334720     96583680
      377280         1024        1297.912    772669440    193167360
      377280         2048        2395.204   1545338880    386334720
      414912            1           5.417       829824       207456
      414912            2           3.188      1659648       414912
      414912            4           5.992      3319296       829824
      414912            8          11.416      6638592      1659648
      414912           16          21.680     13277184      3319296
      414912           32          47.442     26554368      6638592
      414912           64          80.868     53108736     13277184
      414912          128         136.270    106217472     26554368
      414912          256         397.919    212434944     53108736
      414912          512         704.994    424869888    106217472
      414912         1024        1414.335    849739776    212434944
      414912         2048        2613.505   1699479552    424869888
      456384            1           5.809       912768       228192
      456384            2           4.735      1825536       456384
      456384            4           8.014      3651072       912768
      456384            8          14.217      7302144      1825536
      456384           16          28.597     14604288      3651072
      456384           32          50.833     29208576      7302144
      456384           64         103.026     58417152     14604288
      456384          128         214.639    116834304     29208576
      456384          256         391.734    233668608     58417152
      456384          512         782.543    467337216    116834304
      456384         1024        1493.567    934674432    233668608
      456384         2048        3015.510   1869348864    467337216
      501888            1           7.661      1003776       250944
      501888            2           7.097      2007552       501888
      501888            4           7.186      4015104      1003776
      501888            8          22.089      8030208      2007552
      501888           16          25.655     16060416      4015104
      501888           32          47.724     32120832      8030208
      501888           64         102.870     64241664     16060416
      501888          128         189.194    128483328     32120832
      501888          256         373.131    256966656     64241664
      501888          512         890.233    513933312    128483328
      501888         1024        1660.170   1027866624    256966656
      501888         2048        3493.772   2055733248    513933312
      552000            1           9.183      1104000       276000
      552000            2           5.253      2208000       552000
      552000            4           7.984      4416000      1104000
      552000            8          29.718      8832000      2208000
      552000           16          32.187     17664000      4416000
      552000           32          73.335     35328000      8832000
      552000           64         122.471     70656000     17664000
      552000          128         259.059    141312000     35328000
      552000          256         434.306    282624000     70656000
      552000          512         967.598    565248000    141312000
      552000         1024        1827.979   1130496000    282624000
      607104            1           8.392      1214208       303552
      607104            2           4.641      2428416       607104
      607104            4           8.289      4856832      1214208
      607104            8          24.454      9713664      2428416
      607104           16          28.843     19427328      4856832
      607104           32          72.714     38854656      9713664
      607104           64         117.708     77709312     19427328
      607104          128         265.826    155418624     38854656
      607104          256         543.785    310837248     77709312
      607104          512        1061.369    621674496    155418624
      607104         1024        1858.236   1243348992    310837248
      667776            1           9.852      1335552       333888
      667776            2          15.809      2671104       667776
      667776            4          11.537      5342208      1335552
      667776            8          21.867     10684416      2671104
      667776           16          43.416     21368832      5342208
      667776           32          76.177     42737664     10684416
      667776           64         144.258     85475328     21368832
      667776          128         282.249    170950656     42737664
      667776          256         588.143    341901312     85475328
      667776          512        1154.126    683802624    170950656
      667776         1024        2119.029   1367605248    341901312
      734400            1           9.651      1468800       367200
      734400            2           4.811      2937600       734400
      734400            4           8.593      5875200      1468800
      734400            8          16.096     11750400      2937600
      734400           16          40.439     23500800      5875200
      734400           32          75.991     47001600     11750400
      734400           64         165.881     94003200     23500800
      734400          128         295.593    188006400     47001600
      734400          256         654.825    376012800     94003200
      734400          512        1175.417    752025600    188006400
      734400         1024        2413.143   1504051200    376012800
      807744            1           9.960      1615488       403872
      807744            2          15.535      3230976       807744
      807744            4          14.519      6461952      1615488
      807744            8          24.446     12923904      3230976
      807744           16          52.872     25847808      6461952
      807744           32          99.224     51695616     12923904
      807744           64         171.551    103391232     25847808
      807744          128         364.624    206782464     51695616
      807744          256         631.227    413564928    103391232
      807744          512        1335.335    827129856    206782464
      807744         1024        2565.430   1654259712    413564928
      888384            1          11.924      1776768       444192
      888384            2           7.162      3553536       888384
      888384            4          11.542      7107072      1776768
      888384            8          19.471     14214144      3553536
      888384           16          54.016     28428288      7107072
      888384           32         113.583     56856576     14214144
      888384           64         203.304    113713152     28428288
      888384          128         395.959    227426304     56856576
      888384          256         688.899    454852608    113713152
      888384          512        1350.941    909705216    227426304
      888384         1024        3008.181   1819410432    454852608
      977088            1          11.959      1954176       488544
      977088            2           8.718      3908352       977088
      977088            4          10.670      7816704      1954176
      977088            8          23.246     15633408      3908352
      977088           16          64.801     31266816      7816704
      977088           32         111.835     62533632     15633408
      977088           64         218.283    125067264     31266816
      977088          128         427.281    250134528     62533632
      977088          256         764.040    500269056    125067264
      977088          512        1621.278   1000538112    250134528
      977088         1024        3045.574   2001076224    500269056
     1074624            1          13.541      2149248       537312
     1074624            2           9.622      4298496      1074624
     1074624            4          17.100      8596992      2149248
     1074624            8          39.429     17193984      4298496
     1074624           16          63.557     34387968      8596992
     1074624           32         129.270     68775936     17193984
     1074624           64         219.609    137551872     34387968
     1074624          128         469.402    275103744     68775936
     1074624          256         918.962    550207488    137551872
     1074624          512        1842.072   1100414976    275103744
     1181952            1          15.672      2363904       590976
     1181952            2           9.423      4727808      1181952
     1181952            4          14.665      9455616      2363904
     1181952            8          43.745     18911232      4727808
     1181952           16          67.833     37822464      9455616
     1181952           32         132.187     75644928     18911232
     1181952           64         281.420    151289856     37822464
     1181952          128         516.540    302579712     75644928
     1181952          256         924.724    605159424    151289856
     1181952          512        1932.573   1210318848    302579712
     1300032            1          15.657      2600064       650016
     1300032            2           9.573      5200128      1300032
     1300032            4          17.517     10400256      2600064
     1300032            8          42.517     20800512      5200128
     1300032           16          68.596     41601024     10400256
     1300032           32         154.976     83202048     20800512
     1300032           64         289.015    166404096     41601024
     1300032          128         528.122    332808192     83202048
     1300032          256        1072.686    665616384    166404096
     1300032          512        2118.697   1331232768    332808192
     1430016            1          17.978      2860032       715008
     1430016            2          12.976      5720064      1430016
     1430016            4          19.714     11440128      2860032
     1430016            8          53.852     22880256      5720064
     1430016           16          77.183     45760512     11440128
     1430016           32         164.283     91521024     22880256
     1430016           64         315.389    183042048     45760512
     1430016          128         572.088    366084096     91521024
     1430016          256        1061.797    732168192    183042048
     1430016          512        2261.937   1464336384    366084096
     1572864            1          18.271      3145728       786432
     1572864            2          11.686      6291456      1572864
     1572864            4          31.572     12582912      3145728
     1572864            8          43.641     25165824      6291456
     1572864           16          90.142     50331648     12582912
     1572864           32         182.553    100663296     25165824
     1572864           64         352.694    201326592     50331648
     1572864          128         620.948    402653184    100663296
     1572864          256        1333.359    805306368    201326592
     1572864          512        2639.442   1610612736    402653184
     1730112            1          20.353      3460224       865056
     1730112            2          12.819      6920448      1730112
     1730112            4          25.005     13840896      3460224
     1730112            8          46.065     27681792      6920448
     1730112           16          70.981     55363584     13840896
     1730112           32         166.910    110727168     27681792
     1730112           64         323.054    221454336     55363584
     1730112          128         645.271    442908672    110727168
     1730112          256        1424.462    885817344    221454336
     1730112          512        2682.052   1771634688    442908672
     1903104            1          23.295      3806208       951552
     1903104            2          15.309      7612416      1903104
     1903104            4          27.174     15224832      3806208
     1903104            8          50.419     30449664      7612416
     1903104           16          80.024     60899328     15224832
     1903104           32         196.897    121798656     30449664
     1903104           64         416.621    243597312     60899328
     1903104          128         828.788    487194624    121798656
     1903104          256        1421.797    974389248    243597312
     1903104          512        3061.359   1948778496    487194624
     2093376            1          27.502      4186752      1046688
     2093376            2          26.937      8373504      2093376
     2093376            4          35.735     16747008      4186752
     2093376            8          54.510     33494016      8373504
     2093376           16         103.626     66988032     16747008
     2093376           32         248.503    133976064     33494016
     2093376           64         445.454    267952128     66988032
     2093376          128         873.998    535904256    133976064
     2093376          256        1716.459   1071808512    267952128
     2093376          512        3333.568   2143617024    535904256
     2302656            1          24.417      4605312      1151328
     2302656            2          13.921      9210624      2302656
     2302656            4          26.654     18421248      4605312
     2302656            8          79.723     36842496      9210624
     2302656           16         139.832     73684992     18421248
     2302656           32         256.523    147369984     36842496
     2302656           64         488.369    294739968     73684992
     2302656          128         950.892    589479936    147369984
     2302656          256        1843.910   1178959872    294739968
     2532864            1          39.818      5065728      1266432
     2532864            2          26.197     10131456      2532864
     2532864            4          42.724     20262912      5065728
     2532864            8          76.498     40525824     10131456
     2532864           16         120.520     81051648     20262912
     2532864           32         295.594    162103296     40525824
     2532864           64         558.979    324206592     81051648
     2532864          128        1153.896    648413184    162103296
     2532864          256        1967.573   1296826368    324206592
     2786112            1          34.044      5572224      1393056
     2786112            2          21.352     11144448      2786112
     2786112            4          30.321     22288896      5572224
     2786112            8          65.685     44577792     11144448
     2786112           16         161.057     89155584     22288896
     2786112           32         320.895    178311168     44577792
     2786112           64         647.456    356622336     89155584
     2786112          128        1104.992    713244672    178311168
     2786112          256        2314.756   1426489344    356622336
     3064704            1          36.680      6129408      1532352
     3064704            2          22.847     12258816      3064704
     3064704            4          48.361     24517632      6129408
     3064704            8          93.335     49035264     12258816
     3064704           16         186.293     98070528     24517632
     3064704           32         339.877    196141056     49035264
     3064704           64         629.584    392282112     98070528
     3064704          128        1252.420    784564224    196141056
     3064704          256        2546.861   1569128448    392282112
     3371136            1          40.373      6742272      1685568
     3371136            2          39.420     13484544      3371136
     3371136            4          54.719     26969088      6742272
     3371136            8          81.497     53938176     13484544
     3371136           16         191.922    107876352     26969088
     3371136           32         398.333    215752704     53938176
     3371136           64         640.377    431505408    107876352
     3371136          128        1252.395    863010816    215752704
     3371136          256        2624.846   1726021632    431505408
     3708096            1          45.595      7416192      1854048
     3708096            2          33.411     14832384      3708096
     3708096            4          58.226     29664768      7416192
     3708096            8         115.509     59329536     14832384
     3708096           16         202.510    118659072     29664768
     3708096           32         405.287    237318144     59329536
     3708096           64         777.206    474636288    118659072
     3708096          128        1394.899    949272576    237318144
     3708096          256        3056.367   1898545152    474636288
     4078848            1          52.667      8157696      2039424
     4078848            2          38.282     16315392      4078848
     4078848            4          75.155     32630784      8157696
     4078848            8         120.825     65261568     16315392
     4078848           16         230.731    130523136     32630784
     4078848           32         436.991    261046272     65261568
     4078848           64         775.984    522092544    130523136
     4078848          128        1761.291   1044185088    261046272
     4078848          256        3190.854   2088370176    522092544
     4486656            1          55.793      8973312      2243328
     4486656            2          39.220     17946624      4486656
     4486656            4          74.757     35893248      8973312
     4486656            8         128.060     71786496     17946624
     4486656           16         228.369    143572992     35893248
     4486656           32         507.779    287145984     71786496
     4486656           64         959.215    574291968    143572992
     4486656          128        1746.721   1148583936    287145984
     4935168            1          55.614      9870336      2467584
     4935168            2          45.322     19740672      4935168
     4935168            4          80.555     39481344      9870336
     4935168            8         159.262     78962688     19740672
     4935168           16         277.590    157925376     39481344
     4935168           32         541.976    315850752     78962688
     4935168           64         957.932    631701504    157925376
     4935168          128        2020.983   1263403008    315850752
     5428608            1          59.296     10857216      2714304
     5428608            2          29.627     21714432      5428608
     5428608            4          79.871     43428864     10857216
     5428608            8         165.256     86857728     21714432
     5428608           16         315.274    173715456     43428864
     5428608           32         558.945    347430912     86857728
     5428608           64        1120.810    694861824    173715456
     5428608          128        2168.402   1389723648    347430912
     5971392            1          67.748     11942784      2985696
     5971392            2          43.477     23885568      5971392
     5971392            4          83.984     47771136     11942784
     5971392            8         169.423     95542272     23885568
     5971392           16         326.095    191084544     47771136
     5971392           32         682.718    382169088     95542272
     5971392           64        1135.857    764338176    191084544
     5971392          128        2354.757   1528676352    382169088
     6568512            1          79.975     13137024      3284256
     6568512            2          63.342     26274048      6568512
     6568512            4         101.409     52548096     13137024
     6568512            8         176.181    105096192     26274048
     6568512           16         362.118    210192384     52548096
     6568512           32         735.157    420384768    105096192
     6568512           64        1264.372    840769536    210192384
     6568512          128        2586.846   1681539072    420384768
     7225344            1          79.333     14450688      3612672
     7225344            2          64.331     28901376      7225344
     7225344            4         112.134     57802752     14450688
     7225344            8         211.836    115605504     28901376
     7225344           16         401.194    231211008     57802752
     7225344           32         795.533    462422016    115605504
     7225344           64        1363.041    924844032    231211008
     7225344          128        2993.973   1849688064    462422016
     7947840            1          94.485     15895680      3973920
     7947840            2          60.472     31791360      7947840
     7947840            4         117.749     63582720     15895680
     7947840            8         262.183    127165440     31791360
     7947840           16         427.176    254330880     63582720
     7947840           32         890.384    508661760    127165440
     7947840           64        1602.074   1017323520    254330880
     7947840          128        3345.317   2034647040    508661760
     8742528            1         117.533     17485056      4371264
     8742528            2          74.390     34970112      8742528
     8742528            4         136.434     69940224     17485056
     8742528            8         231.046    139880448     34970112
     8742528           16         501.717    279760896     69940224
     8742528           32         908.897    559521792    139880448
     8742528           64        1674.636   1119043584    279760896
     9616704            1         109.403     19233408      4808352
     9616704            2          88.183     38466816      9616704
     9616704            4         144.686     76933632     19233408
     9616704            8         267.020    153867264     38466816
     9616704           16         540.040    307734528     76933632
     9616704           32         982.892    615469056    153867264
     9616704           64        2028.593   1230938112    307734528
    10578240            1         141.543     21156480      5289120
    10578240            2          88.650     42312960     10578240
    10578240            4         178.290     84625920     21156480
    10578240            8         290.475    169251840     42312960
    10578240           16         588.932    338503680     84625920
    10578240           32        1021.021    677007360    169251840
    10578240           64        2141.794   1354014720    338503680
    11635968            1         152.331     23271936      5817984
    11635968            2          99.291     46543872     11635968
    11635968            4         177.741     93087744     23271936
    11635968            8         330.183    186175488     46543872
    11635968           16         598.832    372350976     93087744
    11635968           32        1199.035    744701952    186175488
    11635968           64        2334.175   1489403904    372350976
    12799488            1         144.432     25598976      6399744
    12799488            2         115.199     51197952     12799488
    12799488            4         183.746    102395904     25598976
    12799488            8         368.960    204791808     51197952
    12799488           16         717.898    409583616    102395904
    12799488           32        1420.143    819167232    204791808
    12799488           64        2745.397   1638334464    409583616
    14079360            1         155.986     28158720      7039680
    14079360            2         100.381     56317440     14079360
    14079360            4         227.328    112634880     28158720
    14079360            8         395.785    225269760     56317440
    14079360           16         798.923    450539520    112634880
    14079360           32        1432.785    901079040    225269760
    14079360           64        2933.537   1802158080    450539520
    15487296            1         167.412     30974592      7743648
    15487296            2         149.777     61949184     15487296
    15487296            4         233.551    123898368     30974592
    15487296            8         468.148    247796736     61949184
    15487296           16         876.587    495593472    123898368
    15487296           32        1657.368    991186944    247796736
    15487296           64        3055.243   1982373888    495593472
    17035968            1         187.061     34071936      8517984
    17035968            2         142.526     68143872     17035968
    17035968            4         244.865    136287744     34071936
    17035968            8         314.435    272575488     68143872
    17035968           16         960.194    545150976    136287744
    17035968           32        1842.552   1090301952    272575488
    18739392            1         206.848     37478784      9369696
    18739392            2         188.423     74957568     18739392
    18739392            4         278.179    149915136     37478784
    18739392            8         551.148    299830272     74957568
    18739392           16        1049.064    599660544    149915136
    18739392           32        2017.110   1199321088    299830272
    20613312            1         228.767     41226624     10306656
    20613312            2         202.889     82453248     20613312
    20613312            4         309.252    164906496     41226624
    20613312            8         593.168    329812992     82453248
    20613312           16        1008.408    659625984    164906496
    20613312           32        2104.731   1319251968    329812992
    22674624            1         241.539     45349248     11337312
    22674624            2         210.380     90698496     22674624
    22674624            4         329.957    181396992     45349248
    22674624            8         656.724    362793984     90698496
    22674624           16        1205.658    725587968    181396992
    22674624           32        2259.786   1451175936    362793984
    24941952            1         212.871     49883904     12470976
    24941952            2         197.300     99767808     24941952
    24941952            4         397.941    199535616     49883904
    24941952            8         743.246    399071232     99767808
    24941952           16        1298.086    798142464    199535616
    24941952           32        2590.008   1596284928    399071232
    27436032            1         200.162     54872064     13718016
    27436032            2         233.656    109744128     27436032
    27436032            4         414.717    219488256     54872064
    27436032            8         797.837    438976512    109744128
    27436032           16        1491.719    877953024    219488256
    27436032           32        2926.067   1755906048    438976512
    30179520            1         203.597     60359040     15089760
    30179520            2         260.307    120718080     30179520
    30179520            4         460.208    241436160     60359040
    30179520            8         870.680    482872320    120718080
    30179520           16        1652.174    965744640    241436160
    30179520           32        3279.150   1931489280    482872320
    33197376            1         245.092     66394752     16598688
    33197376            2         300.885    132789504     33197376
    33197376            4         493.681    265579008     66394752
    33197376            8         911.897    531158016    132789504
    33197376           16        1765.206   1062316032    265579008
    33197376           32        3685.198   2124632064    531158016
    36517056            1         266.651     73034112     18258528
    36517056            2         328.376    146068224     36517056
    36517056            4         564.315    292136448     73034112
    36517056            8        1071.703    584272896    146068224
    36517056           16        2051.094   1168545792    292136448
    40168704            1         282.608     80337408     20084352
    40168704            2         379.508    160674816     40168704
    40168704            4         599.732    321349632     80337408
    40168704            8        1157.180    642699264    160674816
    40168704           16        2221.951   1285398528    321349632
    44185536            1         307.630     88371072     22092768
    44185536            2         391.880    176742144     44185536
    44185536            4         633.772    353484288     88371072
    44185536            8        1293.474    706968576    176742144
    44185536           16        2432.533   1413937152    353484288
    48604032            1         320.528     97208064     24302016
    48604032            2         443.409    194416128     48604032
    48604032            4         743.705    388832256     97208064
    48604032            8        1377.127    777664512    194416128
    48604032           16        2673.273   1555329024    388832256
    53464320            1         386.960    106928640     26732160
    53464320            2         537.112    213857280     53464320
    53464320            4         825.166    427714560    106928640
    53464320            8        1533.102    855429120    213857280
    53464320           16        2984.048   1710858240    427714560
    58810752            1         423.456    117621504     29405376
    58810752            2         620.489    235243008     58810752
    58810752            4         941.499    470486016    117621504
    58810752            8        1784.924    940972032    235243008
    58810752           16        3405.890   1881944064    470486016
    64691712            1         448.640    129383424     32345856
    64691712            2         734.642    258766848     64691712
    64691712            4        1124.056    517533696    129383424
    64691712            8        2028.471   1035067392    258766848
    64691712           16        3952.255   2070134784    517533696
    71160768            1         599.096    142321536     35580384
    71160768            2         983.225    284643072     71160768
    71160768            4        1324.005    569286144    142321536
    71160768            8        2290.568   1138572288    284643072
    78276672            1         661.022    156553344     39138336
    78276672            2        1108.147    313106688     78276672
    78276672            4        1537.296    626213376    156553344
    78276672            8        2633.204   1252426752    313106688
    86104320            1         730.304    172208640     43052160
    86104320            2        1346.687    344417280     86104320
    86104320            4        1883.436    688834560    172208640
    86104320            8        3114.368   1377669120    344417280
    94714752            1         848.729    189429504     47357376
    94714752            2        1562.996    378859008     94714752
    94714752            4        2276.361    757718016    189429504
    94714752            8        3739.562   1515436032    378859008
   104186112            1         978.672    208372224     52093056
   104186112            2        1810.767    416744448    104186112
   104186112            4        2660.794    833488896    208372224
   104186112            8        4552.028   1666977792    416744448
   114604608            1        1133.789    229209216     57302304
   114604608            2        2112.756    458418432    114604608
   114604608            4        3127.730    916836864    229209216
   114604608            8        5259.241   1833673728    458418432
   126064896            1        1238.816    252129792     63032448
   126064896            2        2345.083    504259584    126064896
   126064896            4        3590.966   1008519168    252129792
   126064896            8        6030.123   2017038336    504259584
   138671232            1        1381.750    277342464     69335616
   138671232            2        2500.964    554684928    138671232
   138671232            4        4002.113   1109369856    277342464
   152538240            1        1518.635    305076480     76269120
   152538240            2        2922.189    610152960    152538240
   152538240            4        4409.331   1220305920    305076480
   167792064            1        1686.661    335584128     83896032
   167792064            2        3320.830    671168256    167792064
   167792064            4        5038.307   1342336512    335584128
   184571136            1        1915.763    369142272     92285568
   184571136            2        3744.877    738284544    184571136
   184571136            4        5721.166   1476569088    369142272
   203028096            1        2792.479    406056192    101514048
   203028096            2        4212.360    812112384    203028096
   203028096            4        6311.235   1624224768    406056192
   223330752            1        2404.209    446661504    111665376
   223330752            2        4760.842    893323008    223330752
   223330752            4        7195.524   1786646016    446661504
   245663808            1        2781.769    491327616    122831904
   245663808            2        5412.693    982655232    245663808
   245663808            4        7540.337   1965310464    491327616
   270230016            1        2777.776    540460032    135115008
   270230016            2        5414.336   1080920064    270230016
   297252864            1        3194.539    594505728    148626432
   297252864            2        6026.333   1189011456    297252864
   326978112            1        3431.356    653956224    163489056
   326978112            2        6660.685   1307912448    326978112
   359675904            1        3773.069    719351808    179837952
   359675904            2        7561.294   1438703616    359675904
   395643456            1        4331.975    791286912    197821728
   395643456            2        8682.757   1582573824    395643456
   435207744            1        4753.388    870415488    217603872
   435207744            2        9521.202   1740830976    435207744
   478728384            1        5239.574    957456768    239364192
   478728384            2       10126.637   1914913536    478728384
   526601088            1        5623.298   1053202176    263300544
   526601088            2       11423.709   2106404352    526601088
   579261120            1        6263.731   1158522240    289630560
   637187136            1        6975.439   1274374272    318593568
   700905792            1        7701.642   1401811584    350452896
   770996352            1        8404.165   1541992704    385498176
   848095872            1        9526.684   1696191744    424047936
   932905344            1       10738.280   1865810688    466452672
  1026195840            1       11651.640   2052391680    513097920

META_DATA
FLOPS          4
MPI_PROCS      1
OPENMP_THREADS 24
ERT_VERSION  1.1.0
HOSTNAME  ('dp-cn26.deep', [], ['10.2.9.126'])
UNAME  uname_result(system='Linux', node='dp-cn26', release='4.18.0-513.24.1.el8_9.x86_64', version='#1 SMP Thu Apr 4 18:13:02 UTC 2024', machine='x86_64')
TIMESTAMP_DATA  1713441566.5428388
CONFIG  {'ERT_RESULTS': ['Results.cn.deep.fz-juelich.de.01.gcc2023-O3-only'], 'ERT_DRIVER': ['driver1'], 'ERT_KERNEL': ['kernel1'], 'ERT_MPI': ['True'], 'ERT_MPI_CFLAGS': ['-I', '/p/software/deep/stages/2023/software/psmpi/5.9.2-1-GCC-11.3.0/include'], 'ERT_MPI_LDFLAGS': ['-L', '/p/software/deep/stages/2023/software/psmpi/5.9.2-1-GCC-11.3.0/lib', '-lmpi'], 'ERT_OPENMP': ['True'], 'ERT_OPENMP_CFLAGS': ['-fopenmp'], 'ERT_OPENMP_LDFLAGS': ['-fopenmp'], 'ERT_FLOPS': ['1,2,4,8,16,64,128'], 'ERT_ALIGN': ['64'], 'ERT_CC': ['mpicxx'], 'ERT_CFLAGS': ['-g', '-O3'], 'ERT_LD': ['mpicxx'], 'ERT_LDFLAGS': [], 'ERT_LDLIBS': [], 'ERT_PRECISION': ['FP64'], 'ERT_RUN': ['export', 'OMP_NUM_THREADS=ERT_OPENMP_THREADS;', 'export', 'OMP_PLACES="cores(ERT_OPENMP_THREADS)";', 'srun', '-p', 'dp-cn', '-n', 'ERT_MPI_PROCS', '-c', '48', '--ntasks-per-node', '1', 'ERT_CODE'], 'ERT_PROCS_THREADS': ['24'], 'ERT_MPI_PROCS': ['1'], 'ERT_OPENMP_THREADS': ['24'], 'ERT_NUM_EXPERIMENTS': ['5'], 'ERT_MEMORY_MAX': ['1073741824'], 'ERT_WORKING_SET_MIN': ['128'], 'ERT_TRIALS_MIN': ['1'], 'ERT_GNUPLOT': ['gnuplot'], 'ERT_GPU': [False], 'ERT_HIP': [False], 'ERT_OCL': [False], 'ERT_SYCL': [False], 'ERT_WSS_MULT': [1.1]}
