srun: job 501143 queued and waiting for resources
srun: job 501143 has been allocated resources
fp64
       24576            1           3.267        49152         6144
       24576            2          13.429        98304        12288
       24576            4          12.044       196608        24576
       24576            8          11.497       393216        49152
       24576           16          10.387       786432        98304
       24576           32          52.766      1572864       196608
       24576           64           2.858      3145728       393216
       24576          128           3.358      6291456       786432
       24576          256           6.512     12582912      1572864
       24576          512           9.390     25165824      3145728
       24576         1024          17.932     50331648      6291456
       24576         2048          34.822    100663296     12582912
       24576         4096          73.265    201326592     25165824
       24576         8192         107.707    402653184     50331648
       24576        16384         205.486    805306368    100663296
       24576        32768         405.221   1610612736    201326592
       26880            1           3.839        53760         6720
       26880            2           4.090       107520        13440
       26880            4           3.743       215040        26880
       26880            8          13.289       430080        53760
       26880           16           3.821       860160       107520
       26880           32           4.329      1720320       215040
       26880           64           4.092      3440640       430080
       26880          128           7.979      6881280       860160
       26880          256           7.173     13762560      1720320
       26880          512          13.611     27525120      3440640
       26880         1024          25.595     55050240      6881280
       26880         2048          50.987    110100480     13762560
       26880         4096          66.404    220200960     27525120
       26880         8192         134.111    440401920     55050240
       26880        16384         264.451    880803840    110100480
       26880        32768         492.927   1761607680    220200960
       29568            1           3.171        59136         7392
       29568            2           3.504       118272        14784
       29568            4           6.955       236544        29568
       29568            8           3.412       473088        59136
       29568           16           3.748       946176       118272
       29568           32           4.523      1892352       236544
       29568           64           3.292      3784704       473088
       29568          128           6.304      7569408       946176
       29568          256           6.948     15138816      1892352
       29568          512          12.426     30277632      3784704
       29568         1024          21.657     60555264      7569408
       29568         2048          47.854    121110528     15138816
       29568         4096          63.587    242221056     30277632
       29568         8192         121.619    484442112     60555264
       29568        16384         237.466    968884224    121110528
       29568        32768         471.298   1937768448    242221056
       32448            1           2.007        64896         8112
       32448            2           5.506       129792        16224
       32448            4           5.409       259584        32448
       32448            8           4.427       519168        64896
       32448           16           4.405      1038336       129792
       32448           32           4.706      2076672       259584
       32448           64           2.556      4153344       519168
       32448          128           8.070      8306688      1038336
       32448          256           7.178     16613376      2076672
       32448          512          13.492     33226752      4153344
       32448         1024          27.378     66453504      8306688
       32448         2048          45.676    132907008     16613376
       32448         4096          68.059    265814016     33226752
       32448         8192         131.807    531628032     66453504
       32448        16384         257.839   1063256064    132907008
       32448        32768         523.690   2126512128    265814016
       35520            1           3.215        71040         8880
       35520            2          12.281       142080        17760
       35520            4           5.232       284160        35520
       35520            8          20.149       568320        71040
       35520           16           5.503      1136640       142080
       35520           32           5.077      2273280       284160
       35520           64           4.268      4546560       568320
       35520          128          24.996      9093120      1136640
       35520          256           6.724     18186240      2273280
       35520          512          13.052     36372480      4546560
       35520         1024          25.955     72744960      9093120
       35520         2048          52.455    145489920     18186240
       35520         4096          72.725    290979840     36372480
       35520         8192         138.870    581959680     72744960
       35520        16384         277.519   1163919360    145489920
       38976            1           3.417        77952         9744
       38976            2          14.685       155904        19488
       38976            4           3.343       311808        38976
       38976            8           3.142       623616        77952
       38976           16           3.956      1247232       155904
       38976           32           5.543      2494464       311808
       38976           64           4.727      4988928       623616
       38976          128           5.062      9977856      1247232
       38976          256           9.969     19955712      2494464
       38976          512          15.726     39911424      4988928
       38976         1024          34.710     79822848      9977856
       38976         2048          43.253    159645696     19955712
       38976         4096          81.622    319291392     39911424
       38976         8192         150.882    638582784     79822848
       38976        16384         295.708   1277165568    159645696
       42816            1           4.677        85632        10704
       42816            2           3.241       171264        21408
       42816            4           4.423       342528        42816
       42816            8           4.385       685056        85632
       42816           16           5.169      1370112       171264
       42816           32           5.410      2740224       342528
       42816           64           4.642      5480448       685056
       42816          128           5.926     10960896      1370112
       42816          256           9.224     21921792      2740224
       42816          512          17.088     43843584      5480448
       42816         1024          30.137     87687168     10960896
       42816         2048          55.004    175374336     21921792
       42816         4096          85.389    350748672     43843584
       42816         8192         185.637    701497344     87687168
       42816        16384         318.899   1402994688    175374336
       47040            1           4.301        94080        11760
       47040            2          14.370       188160        23520
       47040            4           3.512       376320        47040
       47040            8           5.252       752640        94080
       47040           16           4.072      1505280       188160
       47040           32           4.482      3010560       376320
       47040           64           4.236      6021120       752640
       47040          128           7.587     12042240      1505280
       47040          256           9.377     24084480      3010560
       47040          512          18.974     48168960      6021120
       47040         1024          38.797     96337920     12042240
       47040         2048          49.490    192675840     24084480
       47040         4096          89.615    385351680     48168960
       47040         8192         171.720    770703360     96337920
       47040        16384         338.203   1541406720    192675840
       51648            1           3.749       103296        12912
       51648            2          20.988       206592        25824
       51648            4           5.570       413184        51648
       51648            8           4.024       826368       103296
       51648           16           3.120      1652736       206592
       51648           32           4.112      3305472       413184
       51648           64           5.746      6610944       826368
       51648          128           7.711     13221888      1652736
       51648          256           9.988     26443776      3305472
       51648          512          19.553     52887552      6610944
       51648         1024          41.192    105775104     13221888
       51648         2048          53.095    211550208     26443776
       51648         4096          95.957    423100416     52887552
       51648         8192         188.022    846200832    105775104
       51648        16384         383.305   1692401664    211550208
       56640            1           3.704       113280        14160
       56640            2          18.119       226560        28320
       56640            4           4.711       453120        56640
       56640            8           5.792       906240       113280
       56640           16           5.877      1812480       226560
       56640           32           6.171      3624960       453120
       56640           64           6.796      7249920       906240
       56640          128           7.049     14499840      1812480
       56640          256          29.102     28999680      3624960
       56640          512          21.007     57999360      7249920
       56640         1024          44.666    115998720     14499840
       56640         2048          57.480    231997440     28999680
       56640         4096         106.600    463994880     57999360
       56640         8192         202.082    927989760    115998720
       56640        16384         398.960   1855979520    231997440
       62208            1           4.690       124416        15552
       62208            2          12.118       248832        31104
       62208            4          14.749       497664        62208
       62208            8           5.849       995328       124416
       62208           16           6.166      1990656       248832
       62208           32           4.001      3981312       497664
       62208           64           4.509      7962624       995328
       62208          128           7.707     15925248      1990656
       62208          256          13.055     31850496      3981312
       62208          512          22.536     63700992      7962624
       62208         1024          47.790    127401984     15925248
       62208         2048          65.653    254803968     31850496
       62208         4096         120.416    509607936     63700992
       62208         8192         260.187   1019215872    127401984
       62208        16384         460.456   2038431744    254803968
       68352            1           2.522       136704        17088
       68352            2          17.762       273408        34176
       68352            4          16.511       546816        68352
       68352            8           3.373      1093632       136704
       68352           16           4.529      2187264       273408
       68352           32           4.824      4374528       546816
       68352           64           6.596      8749056      1093632
       68352          128           9.035     17498112      2187264
       68352          256          13.982     34996224      4374528
       68352          512          28.158     69992448      8749056
       68352         1024          44.543    139984896     17498112
       68352         2048          69.128    279969792     34996224
       68352         4096         131.696    559939584     69992448
       68352         8192         253.032   1119879168    139984896
       75072            1           4.003       150144        18768
       75072            2           4.266       300288        37536
       75072            4           3.311       600576        75072
       75072            8           2.624      1201152       150144
       75072           16           5.181      2402304       300288
       75072           32           4.096      4804608       600576
       75072           64           6.152      9609216      1201152
       75072          128           8.080     19218432      2402304
       75072          256          15.245     38436864      4804608
       75072          512          28.169     76873728      9609216
       75072         1024          49.948    153747456     19218432
       75072         2048          75.405    307494912     38436864
       75072         4096         139.122    614989824     76873728
       75072         8192         291.584   1229979648    153747456
       82560            1           4.325       165120        20640
       82560            2           4.878       330240        41280
       82560            4           4.874       660480        82560
       82560            8          11.408      1320960       165120
       82560           16           5.277      2641920       330240
       82560           32           4.925      5283840       660480
       82560           64           5.464     10567680      1320960
       82560          128           9.804     21135360      2641920
       82560          256          15.223     42270720      5283840
       82560          512          34.635     84541440     10567680
       82560         1024          42.855    169082880     21135360
       82560         2048          92.744    338165760     42270720
       82560         4096         154.801    676331520     84541440
       82560         8192         296.815   1352663040    169082880
       90816            1           2.828       181632        22704
       90816            2          10.570       363264        45408
       90816            4           4.718       726528        90816
       90816            8          13.302      1453056       181632
       90816           16           3.727      2906112       363264
       90816           32           6.072      5812224       726528
       90816           64           6.825     11624448      1453056
       90816          128           9.594     23248896      2906112
       90816          256          19.123     46497792      5812224
       90816          512          31.974     92995584     11624448
       90816         1024          55.209    185991168     23248896
       90816         2048          88.992    371982336     46497792
       90816         4096         171.008    743964672     92995584
       90816         8192         324.530   1487929344    185991168
       99840            1           3.937       199680        24960
       99840            2           4.149       399360        49920
       99840            4           5.337       798720        99840
       99840            8           1.614      1597440       199680
       99840           16           5.290      3194880       399360
       99840           32           3.692      6389760       798720
       99840           64           7.751     12779520      1597440
       99840          128           9.783     25559040      3194880
       99840          256          19.601     51118080      6389760
       99840          512          39.372    102236160     12779520
       99840         1024          54.303    204472320     25559040
       99840         2048          93.753    408944640     51118080
       99840         4096         199.924    817889280    102236160
       99840         8192         357.442   1635778560    204472320
      109824            1           2.795       219648        27456
      109824            2          13.152       439296        54912
      109824            4           3.772       878592       109824
      109824            8          21.338      1757184       219648
      109824           16           3.850      3514368       439296
      109824           32           6.546      7028736       878592
      109824           64           6.668     14057472      1757184
      109824          128          12.406     28114944      3514368
      109824          256          21.695     56229888      7028736
      109824          512          44.069    112459776     14057472
      109824         1024          53.846    224919552     28114944
      109824         2048         101.257    449839104     56229888
      109824         4096         196.113    899678208    112459776
      109824         8192         392.344   1799356416    224919552
      120768            1           4.044       241536        30192
      120768            2           4.413       483072        60384
      120768            4           4.781       966144       120768
      120768            8           4.424      1932288       241536
      120768           16           3.508      3864576       483072
      120768           32           5.949      7729152       966144
      120768           64           6.263     15458304      1932288
      120768          128          12.319     30916608      3864576
      120768          256          23.730     61833216      7729152
      120768          512          46.585    123666432     15458304
      120768         1024          58.408    247332864     30916608
      120768         2048         109.916    494665728     61833216
      120768         4096         233.471    989331456    123666432
      120768         8192         422.256   1978662912    247332864
      132672            1           4.126       265344        33168
      132672            2          17.584       530688        66336
      132672            4          13.445      1061376       132672
      132672            8           3.582      2122752       265344
      132672           16           4.794      4245504       530688
      132672           32           5.592      8491008      1061376
      132672           64           6.233     16982016      2122752
      132672          128          13.967     33964032      4245504
      132672          256          26.552     67928064      8491008
      132672          512          48.222    135856128     16982016
      132672         1024          67.034    271712256     33964032
      132672         2048         123.425    543424512     67928064
      132672         4096         239.160   1086849024    135856128
      145920            1           2.730       291840        36480
      145920            2           3.289       583680        72960
      145920            4          13.396      1167360       145920
      145920            8          13.731      2334720       291840
      145920           16           4.873      4669440       583680
      145920           32           5.843      9338880      1167360
      145920           64           8.144     18677760      2334720
      145920          128          15.114     37355520      4669440
      145920          256          28.051     74711040      9338880
      145920          512          47.570    149422080     18677760
      145920         1024          70.324    298844160     37355520
      145920         2048         131.952    597688320     74711040
      145920         4096         283.193   1195376640    149422080
      160512            1           2.961       321024        40128
      160512            2           3.863       642048        80256
      160512            4          11.924      1284096       160512
      160512            8           5.572      2568192       321024
      160512           16          16.310      5136384       642048
      160512           32           5.126     10272768      1284096
      160512           64           8.337     20545536      2568192
      160512          128          15.667     41091072      5136384
      160512          256          26.573     82182144     10272768
      160512          512          51.013    164364288     20545536
      160512         1024          96.172    328728576     41091072
      160512         2048         146.081    657457152     82182144
      160512         4096         287.593   1314914304    164364288
      176448            1           3.573       352896        44112
      176448            2           1.859       705792        88224
      176448            4          13.880      1411584       176448
      176448            8           3.771      2823168       352896
      176448           16           2.844      5646336       705792
      176448           32           4.921     11292672      1411584
      176448           64           9.074     22585344      2823168
      176448          128          16.440     45170688      5646336
      176448          256          29.289     90341376     11292672
      176448          512          52.819    180682752     22585344
      176448         1024          80.542    361365504     45170688
      176448         2048         156.575    722731008     90341376
      176448         4096         306.544   1445462016    180682752
      193920            1           3.862       387840        48480
      193920            2           4.146       775680        96960
      193920            4           7.084      1551360       193920
      193920            8           4.307      3102720       387840
      193920           16           7.734      6205440       775680
      193920           32           6.588     12410880      1551360
      193920           64          10.106     24821760      3102720
      193920          128          21.501     49643520      6205440
      193920          256          38.463     99287040     12410880
      193920          512          48.491    198574080     24821760
      193920         1024          88.791    397148160     49643520
      193920         2048         170.642    794296320     99287040
      193920         4096         353.620   1588592640    198574080
      213312            1           4.752       426624        53328
      213312            2          13.170       853248       106656
      213312            4           5.864      1706496       213312
      213312            8           3.729      3412992       426624
      213312           16           4.862      6825984       853248
      213312           32           8.785     13651968      1706496
      213312           64          10.262     27303936      3412992
      213312          128          19.910     54607872      6825984
      213312          256          37.899    109215744     13651968
      213312          512          74.186    218431488     27303936
      213312         1024          96.376    436862976     54607872
      213312         2048         187.290    873725952    109215744
      213312         4096         366.005   1747451904    218431488
      234624            1           4.075       469248        58656
      234624            2           4.407       938496       117312
      234624            4           4.359      1876992       234624
      234624            8           4.990      3753984       469248
      234624           16           4.545      7507968       938496
      234624           32           7.075     15015936      1876992
      234624           64          10.443     30031872      3753984
      234624          128          21.864     60063744      7507968
      234624          256          41.369    120127488     15015936
      234624          512          56.848    240254976     30031872
      234624         1024         108.004    480509952     60063744
      234624         2048         207.855    961019904    120127488
      234624         4096         419.541   1922039808    240254976
      258048            1           6.646       516096        64512
      258048            2          14.690      1032192       129024
      258048            4          15.732      2064384       258048
      258048            8           3.489      4128768       516096
      258048           16           5.477      8257536      1032192
      258048           32           7.393     16515072      2064384
      258048           64          11.609     33030144      4128768
      258048          128          26.814     66060288      8257536
      258048          256          46.133    132120576     16515072
      258048          512          80.419    264241152     33030144
      258048         1024         115.844    528482304     66060288
      258048         2048         232.837   1056964608    132120576
      258048         4096         443.990   2113929216    264241152
      283776            1           5.524       567552        70944
      283776            2          13.129      1135104       141888
      283776            4          14.663      2270208       283776
      283776            8           4.142      4540416       567552
      283776           16           6.301      9080832      1135104
      283776           32           8.409     18161664      2270208
      283776           64          13.110     36323328      4540416
      283776          128          27.075     72646656      9080832
      283776          256          48.071    145293312     18161664
      283776          512          66.547    290586624     36323328
      283776         1024         133.073    581173248     72646656
      283776         2048         263.626   1162346496    145293312
      312000            1           7.774       624000        78000
      312000            2           2.871      1248000       156000
      312000            4          13.321      2496000       312000
      312000            8          10.309      4992000       624000
      312000           16           6.322      9984000      1248000
      312000           32           8.332     19968000      2496000
      312000           64          15.664     39936000      4992000
      312000          128          29.782     79872000      9984000
      312000          256          47.930    159744000     19968000
      312000          512          90.738    319488000     39936000
      312000         1024         136.989    638976000     79872000
      312000         2048         272.984   1277952000    159744000
      343104            1           4.234       686208        85776
      343104            2           5.486      1372416       171552
      343104            4          13.869      2744832       343104
      343104            8           5.417      5489664       686208
      343104           16           7.212     10979328      1372416
      343104           32           9.076     21958656      2744832
      343104           64          16.807     43917312      5489664
      343104          128          29.942     87834624     10979328
      343104          256          53.386    175669248     21958656
      343104          512          78.146    351338496     43917312
      343104         1024         150.953    702676992     87834624
      343104         2048         298.028   1405353984    175669248
      377280            1           6.259       754560        94320
      377280            2           4.410      1509120       188640
      377280            4          12.958      3018240       377280
      377280            8           4.451      6036480       754560
      377280           16           7.856     12072960      1509120
      377280           32          10.325     24145920      3018240
      377280           64          17.034     48291840      6036480
      377280          128          32.071     96583680     12072960
      377280          256          58.715    193167360     24145920
      377280          512          90.543    386334720     48291840
      377280         1024         170.199    772669440     96583680
      377280         2048         341.229   1545338880    193167360
      414912            1           5.955       829824       103728
      414912            2          22.630      1659648       207456
      414912            4          14.741      3319296       414912
      414912            8           6.165      6638592       829824
      414912           16           7.311     13277184      1659648
      414912           32          10.630     26554368      3319296
      414912           64          22.486     53108736      6638592
      414912          128          39.495    106217472     13277184
      414912          256          51.458    212434944     26554368
      414912          512          94.887    424869888     53108736
      414912         1024         179.886    849739776    106217472
      414912         2048         363.052   1699479552    212434944
      456384            1           7.774       912768       114096
      456384            2          11.668      1825536       228192
      456384            4           4.003      3651072       456384
      456384            8           6.942      7302144       912768
      456384           16           6.896     14604288      1825536
      456384           32          11.183     29208576      3651072
      456384           64          20.494     58417152      7302144
      456384          128          36.498    116834304     14604288
      456384          256          60.940    233668608     29208576
      456384          512         102.502    467337216     58417152
      456384         1024         201.921    934674432    116834304
      456384         2048         405.835   1869348864    233668608
      501888            1           8.460      1003776       125472
      501888            2           3.225      2007552       250944
      501888            4          10.172      4015104       501888
      501888            8           6.084      8030208      1003776
      501888           16           8.189     16060416      2007552
      501888           32          12.327     32120832      4015104
      501888           64          24.694     64241664      8030208
      501888          128          43.664    128483328     16060416
      501888          256          81.527    256966656     32120832
      501888          512         112.831    513933312     64241664
      501888         1024         225.740   1027866624    128483328
      501888         2048         428.131   2055733248    256966656
      552000            1           7.412      1104000       138000
      552000            2           2.715      2208000       276000
      552000            4           4.502      4416000       552000
      552000            8           9.020      8832000      1104000
      552000           16           7.362     17664000      2208000
      552000           32          14.256     35328000      4416000
      552000           64          28.509     70656000      8832000
      552000          128          47.704    141312000     17664000
      552000          256          64.130    282624000     35328000
      552000          512         123.520    565248000     70656000
      552000         1024         243.925   1130496000    141312000
      607104            1           8.561      1214208       151776
      607104            2           4.102      2428416       303552
      607104            4           3.702      4856832       607104
      607104            8          14.525      9713664      1214208
      607104           16          10.502     19427328      2428416
      607104           32          17.006     38854656      4856832
      607104           64          31.131     77709312      9713664
      607104          128          52.115    155418624     19427328
      607104          256          70.099    310837248     38854656
      607104          512         133.763    621674496     77709312
      607104         1024         284.800   1243348992    155418624
      667776            1           9.559      1335552       166944
      667776            2           4.809      2671104       333888
      667776            4          15.570      5342208       667776
      667776            8           6.981     10684416      1335552
      667776           16           7.684     21368832      2671104
      667776           32          17.933     42737664      5342208
      667776           64          32.104     85475328     10684416
      667776          128          71.037    170950656     21368832
      667776          256          78.240    341901312     42737664
      667776          512         149.478    683802624     85475328
      667776         1024         287.761   1367605248    170950656
      734400            1           8.326      1468800       183600
      734400            2           4.059      2937600       367200
      734400            4           3.933      5875200       734400
      734400            8           6.883     11750400      1468800
      734400           16          11.154     23500800      2937600
      734400           32          18.230     47001600      5875200
      734400           64          34.109     94003200     11750400
      734400          128          62.907    188006400     23500800
      734400          256          85.536    376012800     47001600
      734400          512         162.776    752025600     94003200
      734400         1024         319.463   1504051200    188006400
      807744            1          11.774      1615488       201936
      807744            2          13.196      3230976       403872
      807744            4           5.175      6461952       807744
      807744            8           6.506     12923904      1615488
      807744           16          13.598     25847808      3230976
      807744           32          19.368     51695616      6461952
      807744           64          37.171    103391232     12923904
      807744          128          66.734    206782464     25847808
      807744          256         104.316    413564928     51695616
      807744          512         216.495    827129856    103391232
      807744         1024         391.074   1654259712    206782464
      888384            1          12.439      1776768       222096
      888384            2           6.196      3553536       444192
      888384            4          15.100      7107072       888384
      888384            8          10.622     14214144      1776768
      888384           16          30.526     28428288      3553536
      888384           32          27.804     56856576      7107072
      888384           64          51.472    113713152     14214144
      888384          128          78.591    227426304     28428288
      888384          256         152.431    454852608     56856576
      888384          512         300.438    909705216    113713152
      888384         1024         608.180   1819410432    227426304
      977088            1          13.891      1954176       244272
      977088            2          12.644      3908352       488544
      977088            4           7.485      7816704       977088
      977088            8          17.212     15633408      1954176
      977088           16          30.256     31266816      3908352
      977088           32          31.093     62533632      7816704
      977088           64          52.820    125067264     15633408
      977088          128          87.348    250134528     31266816
      977088          256         167.936    500269056     62533632
      977088          512         329.423   1000538112    125067264
      977088         1024         669.091   2001076224    250134528
     1074624            1          12.789      2149248       268656
     1074624            2           7.278      4298496       537312
     1074624            4           6.627      8596992      1074624
     1074624            8          11.045     17193984      2149248
     1074624           16          20.109     34387968      4298496
     1074624           32          33.272     68775936      8596992
     1074624           64          80.319    137551872     17193984
     1074624          128          94.509    275103744     34387968
     1074624          256         184.359    550207488     68775936
     1074624          512         363.163   1100414976    137551872
     1181952            1          14.414      2363904       295488
     1181952            2           5.402      4727808       590976
     1181952            4           4.142      9455616      1181952
     1181952            8          11.197     18911232      2363904
     1181952           16          18.053     37822464      4727808
     1181952           32          35.027     75644928      9455616
     1181952           64          62.727    151289856     18911232
     1181952          128         105.802    302579712     37822464
     1181952          256         204.033    605159424     75644928
     1181952          512         414.396   1210318848    151289856
     1300032            1          15.254      2600064       325008
     1300032            2           4.993      5200128       650016
     1300032            4           7.638     10400256      1300032
     1300032            8          12.732     20800512      2600064
     1300032           16          21.088     41601024      5200128
     1300032           32          37.021     83202048     10400256
     1300032           64          66.257    166404096     20800512
     1300032          128         133.546    332808192     41601024
     1300032          256         224.061    665616384     83202048
     1300032          512         437.544   1331232768    166404096
     1430016            1          17.296      2860032       357504
     1430016            2          16.466      5720064       715008
     1430016            4           8.527     11440128      1430016
     1430016            8          12.633     22880256      2860032
     1430016           16          22.397     45760512      5720064
     1430016           32          38.883     91521024     11440128
     1430016           64          70.497    183042048     22880256
     1430016          128         123.758    366084096     45760512
     1430016          256         244.154    732168192     91521024
     1430016          512         499.200   1464336384    183042048
     1572864            1          51.713      3145728       393216
     1572864            2           5.262      6291456       786432
     1572864            4           9.338     12582912      1572864
     1572864            8          13.563     25165824      3145728
     1572864           16          25.336     50331648      6291456
     1572864           32          41.503    100663296     12582912
     1572864           64          75.951    201326592     25165824
     1572864          128         136.636    402653184     50331648
     1572864          256         266.710    805306368    100663296
     1572864          512         553.483   1610612736    201326592
     1730112            1          20.381      3460224       432528
     1730112            2          19.687      6920448       865056
     1730112            4          10.989     13840896      1730112
     1730112            8          16.702     27681792      3460224
     1730112           16          27.021     55363584      6920448
     1730112           32          47.405    110727168     13840896
     1730112           64          97.783    221454336     27681792
     1730112          128         151.436    442908672     55363584
     1730112          256         297.231    885817344    110727168
     1730112          512         592.903   1771634688    221454336
     1903104            1          22.455      3806208       475776
     1903104            2           6.708      7612416       951552
     1903104            4           9.057     15224832      1903104
     1903104            8          16.293     30449664      3806208
     1903104           16          29.553     60899328      7612416
     1903104           32          51.036    121798656     15224832
     1903104           64          90.566    243597312     30449664
     1903104          128         183.323    487194624     60899328
     1903104          256         323.410    974389248    121798656
     1903104          512         651.886   1948778496    243597312
     2093376            1          33.298      4186752       523344
     2093376            2           7.890      8373504      1046688
     2093376            4           9.416     16747008      2093376
     2093376            8          17.025     33494016      4186752
     2093376           16          27.292     66988032      8373504
     2093376           32          61.004    133976064     16747008
     2093376           64          93.989    267952128     33494016
     2093376          128         198.743    535904256     66988032
     2093376          256         361.601   1071808512    133976064
     2093376          512         715.910   2143617024    267952128
     2302656            1          36.551      4605312       575664
     2302656            2           6.719      9210624      1151328
     2302656            4          10.738     18421248      2302656
     2302656            8          20.412     36842496      4605312
     2302656           16          32.232     73684992      9210624
     2302656           32          61.833    147369984     18421248
     2302656           64         105.189    294739968     36842496
     2302656          128         216.176    589479936     73684992
     2302656          256         394.840   1178959872    147369984
     2532864            1          32.419      5065728       633216
     2532864            2           7.507     10131456      1266432
     2532864            4          11.829     20262912      2532864
     2532864            8          22.088     40525824      5065728
     2532864           16          36.333     81051648     10131456
     2532864           32          66.550    162103296     20262912
     2532864           64         111.364    324206592     40525824
     2532864          128         216.851    648413184     81051648
     2532864          256         444.857   1296826368    162103296
     2786112            1          33.930      5572224       696528
     2786112            2           9.794     11144448      1393056
     2786112            4          15.263     22288896      2786112
     2786112            8          21.285     44577792      5572224
     2786112           16          40.588     89155584     11144448
     2786112           32          72.491    178311168     22288896
     2786112           64         140.066    356622336     44577792
     2786112          128         240.891    713244672     89155584
     2786112          256         470.234   1426489344    178311168
     3064704            1          37.091      6129408       766176
     3064704            2           9.378     12258816      1532352
     3064704            4          13.649     24517632      3064704
     3064704            8          25.156     49035264      6129408
     3064704           16          43.406     98070528     12258816
     3064704           32          76.698    196141056     24517632
     3064704           64         134.044    392282112     49035264
     3064704          128         278.299    784564224     98070528
     3064704          256         517.931   1569128448    196141056
     3371136            1          39.773      6742272       842784
     3371136            2           8.836     13484544      1685568
     3371136            4          13.713     26969088      3371136
     3371136            8          25.965     53938176      6742272
     3371136           16          46.631    107876352     13484544
     3371136           32          82.821    215752704     26969088
     3371136           64         146.674    431505408     53938176
     3371136          128         294.942    863010816    107876352
     3371136          256         582.512   1726021632    215752704
     3708096            1          48.902      7416192       927024
     3708096            2          11.420     14832384      1854048
     3708096            4          22.141     29664768      3708096
     3708096            8          30.694     59329536      7416192
     3708096           16          69.635    118659072     14832384
     3708096           32          97.915    237318144     29664768
     3708096           64         193.467    474636288     59329536
     3708096          128         408.951    949272576    118659072
     3708096          256         926.803   1898545152    237318144
     4078848            1          51.784      8157696      1019712
     4078848            2          11.557     16315392      2039424
     4078848            4          20.624     32630784      4078848
     4078848            8          35.206     65261568      8157696
     4078848           16          67.556    130523136     16315392
     4078848           32         134.150    261046272     32630784
     4078848           64         252.987    522092544     65261568
     4078848          128         513.262   1044185088    130523136
     4078848          256        1004.518   2088370176    261046272
     4486656            1          56.226      8973312      1121664
     4486656            2          14.015     17946624      2243328
     4486656            4          22.525     35893248      4486656
     4486656            8          37.675     71786496      8973312
     4486656           16          75.608    143572992     17946624
     4486656           32         140.143    287145984     35893248
     4486656           64         272.126    574291968     71786496
     4486656          128         554.908   1148583936    143572992
     4935168            1          56.543      9870336      1233792
     4935168            2          11.159     19740672      2467584
     4935168            4          39.458     39481344      4935168
     4935168            8          35.709     78962688      9870336
     4935168           16          68.447    157925376     19740672
     4935168           32         117.358    315850752     39481344
     4935168           64         213.939    631701504     78962688
     4935168          128         426.210   1263403008    157925376
     5428608            1          65.341     10857216      1357152
     5428608            2          15.725     21714432      2714304
     5428608            4          24.820     43428864      5428608
     5428608            8          42.846     86857728     10857216
     5428608           16          70.542    173715456     21714432
     5428608           32         121.364    347430912     43428864
     5428608           64         250.079    694861824     86857728
     5428608          128         460.794   1389723648    173715456
     5971392            1          67.534     11942784      1492848
     5971392            2          13.939     23885568      2985696
     5971392            4          26.627     47771136      5971392
     5971392            8          45.688     95542272     11942784
     5971392           16          78.049    191084544     23885568
     5971392           32         132.735    382169088     47771136
     5971392           64         258.326    764338176     95542272
     5971392          128         520.412   1528676352    191084544
     6568512            1          75.110     13137024      1642128
     6568512            2          15.174     26274048      3284256
     6568512            4          31.780     52548096      6568512
     6568512            8          53.479    105096192     13137024
     6568512           16          81.322    210192384     26274048
     6568512           32         170.348    420384768     52548096
     6568512           64         286.650    840769536    105096192
     6568512          128         572.730   1681539072    210192384
     7225344            1          80.973     14450688      1806336
     7225344            2          18.423     28901376      3612672
     7225344            4          29.581     57802752      7225344
     7225344            8          51.565    115605504     14450688
     7225344           16          91.710    231211008     28901376
     7225344           32         178.641    462422016     57802752
     7225344           64         314.703    924844032    115605504
     7225344          128         624.157   1849688064    231211008
     7947840            1          92.471     15895680      1986960
     7947840            2          19.430     31791360      3973920
     7947840            4          32.315     63582720      7947840
     7947840            8          58.355    127165440     15895680
     7947840           16          93.007    254330880     31791360
     7947840           32         192.894    508661760     63582720
     7947840           64         348.579   1017323520    127165440
     7947840          128         684.182   2034647040    254330880
     8742528            1          98.071     17485056      2185632
     8742528            2          24.759     34970112      4371264
     8742528            4          37.299     69940224      8742528
     8742528            8          62.295    139880448     17485056
     8742528           16         100.965    279760896     34970112
     8742528           32         210.492    559521792     69940224
     8742528           64         377.201   1119043584    139880448
     9616704            1         104.887     19233408      2404176
     9616704            2          22.858     38466816      4808352
     9616704            4          40.216     76933632      9616704
     9616704            8          69.597    153867264     19233408
     9616704           16         110.870    307734528     38466816
     9616704           32         209.841    615469056     76933632
     9616704           64         427.177   1230938112    153867264
    10578240            1         119.600     21156480      2644560
    10578240            2          27.131     42312960      5289120
    10578240            4          44.950     84625920     10578240
    10578240            8          77.632    169251840     21156480
    10578240           16         138.922    338503680     42312960
    10578240           32         251.827    677007360     84625920
    10578240           64         455.854   1354014720    169251840
    11635968            1         128.155     23271936      2908992
    11635968            2          27.623     46543872      5817984
    11635968            4          48.031     93087744     11635968
    11635968            8          78.478    186175488     23271936
    11635968           16         132.513    372350976     46543872
    11635968           32         252.996    744701952     93087744
    11635968           64         512.726   1489403904    186175488
    12799488            1         144.697     25598976      3199872
    12799488            2          34.938     51197952      6399744
    12799488            4          50.482    102395904     12799488
    12799488            8         100.841    204791808     25598976
    12799488           16         144.980    409583616     51197952
    12799488           32         277.765    819167232    102395904
    12799488           64         557.201   1638334464    204791808
    14079360            1         160.183     28158720      3519840
    14079360            2          35.083     56317440      7039680
    14079360            4          52.820    112634880     14079360
    14079360            8          89.205    225269760     28158720
    14079360           16         158.511    450539520     56317440
    14079360           32         327.773    901079040    112634880
    14079360           64         598.045   1802158080    225269760
    15487296            1         174.609     30974592      3871824
    15487296            2          39.162     61949184      7743648
    15487296            4          56.514    123898368     15487296
    15487296            8          95.809    247796736     30974592
    15487296           16         175.303    495593472     61949184
    15487296           32         352.219    991186944    123898368
    15487296           64         658.489   1982373888    247796736
    17035968            1         181.756     34071936      4258992
    17035968            2          49.646     68143872      8517984
    17035968            4          68.630    136287744     17035968
    17035968            8         104.965    272575488     34071936
    17035968           16         232.923    545150976     68143872
    17035968           32         374.324   1090301952    136287744
    18739392            1         190.112     37478784      4684848
    18739392            2          50.596     74957568      9369696
    18739392            4          74.004    149915136     18739392
    18739392            8         112.827    299830272     37478784
    18739392           16         234.067    599660544     74957568
    18739392           32         408.315   1199321088    149915136
    20613312            1         246.396     41226624      5153328
    20613312            2          72.933     82453248     10306656
    20613312            4          78.216    164906496     20613312
    20613312            8         124.490    329812992     41226624
    20613312           16         231.631    659625984     82453248
    20613312           32         462.118   1319251968    164906496
    22674624            1         240.107     45349248      5668656
    22674624            2          73.394     90698496     11337312
    22674624            4          92.747    181396992     22674624
    22674624            8         169.168    362793984     45349248
    22674624           16         255.474    725587968     90698496
    22674624           32         494.745   1451175936    181396992
    24941952            1         232.527     49883904      6235488
    24941952            2          84.825     99767808     12470976
    24941952            4          93.984    199535616     24941952
    24941952            8         155.756    399071232     49883904
    24941952           16         309.574    798142464     99767808
    24941952           32         547.657   1596284928    199535616
    27436032            1         181.089     54872064      6859008
    27436032            2         106.579    109744128     13718016
    27436032            4         120.422    219488256     27436032
    27436032            8         195.624    438976512     54872064
    27436032           16         417.012    877953024    109744128
    27436032           32         682.425   1755906048    219488256
    30179520            1         153.780     60359040      7544880
    30179520            2         125.011    120718080     15089760
    30179520            4         154.017    241436160     30179520
    30179520            8         271.947    482872320     60359040
    30179520           16         453.094    965744640    120718080
    30179520           32         870.624   1931489280    241436160
    33197376            1         180.655     66394752      8299344
    33197376            2         156.655    132789504     16598688
    33197376            4         188.464    265579008     33197376
    33197376            8         312.499    531158016     66394752
    33197376           16         576.434   1062316032    132789504
    33197376           32        1072.071   2124632064    265579008
    36517056            1         189.384     73034112      9129264
    36517056            2         176.039    146068224     18258528
    36517056            4         218.096    292136448     36517056
    36517056            8         366.957    584272896     73034112
    36517056           16         674.118   1168545792    146068224
    40168704            1         199.243     80337408     10042176
    40168704            2         196.891    160674816     20084352
    40168704            4         249.278    321349632     40168704
    40168704            8         428.077    642699264     80337408
    40168704           16         746.409   1285398528    160674816
    44185536            1         194.990     88371072     11046384
    44185536            2         216.603    176742144     22092768
    44185536            4         278.350    353484288     44185536
    44185536            8         474.933    706968576     88371072
    44185536           16         843.584   1413937152    176742144
    48604032            1         252.766     97208064     12151008
    48604032            2         265.052    194416128     24302016
    48604032            4         309.122    388832256     48604032
    48604032            8         525.977    777664512     97208064
    48604032           16         941.848   1555329024    194416128
    53464320            1         259.596    106928640     13366080
    53464320            2         329.011    213857280     26732160
    53464320            4         359.103    427714560     53464320
    53464320            8         637.208    855429120    106928640
    53464320           16        1092.611   1710858240    213857280
    58810752            1         349.471    117621504     14702688
    58810752            2         363.285    235243008     29405376
    58810752            4         436.681    470486016     58810752
    58810752            8         878.353    940972032    117621504
    58810752           16        1418.133   1881944064    235243008
    64691712            1         364.069    129383424     16172928
    64691712            2         469.328    258766848     32345856
    64691712            4         525.860    517533696     64691712
    64691712            8         869.279   1035067392    129383424
    64691712           16        1597.821   2070134784    258766848
    71160768            1         450.364    142321536     17790192
    71160768            2         600.500    284643072     35580384
    71160768            4         708.416    569286144     71160768
    71160768            8        1147.287   1138572288    142321536
    78276672            1         472.743    156553344     19569168
    78276672            2         784.240    313106688     39138336
    78276672            4         952.514    626213376     78276672
    78276672            8        1608.924   1252426752    156553344
    86104320            1         553.996    172208640     21526080
    86104320            2         947.051    344417280     43052160
    86104320            4        1239.276    688834560     86104320
    86104320            8        2123.490   1377669120    172208640
    94714752            1         660.482    189429504     23678688
    94714752            2        1171.221    378859008     47357376
    94714752            4        1618.472    757718016     94714752
    94714752            8        2700.610   1515436032    189429504
   104186112            1         770.973    208372224     26046528
   104186112            2        1368.928    416744448     52093056
   104186112            4        1947.516    833488896    104186112
   104186112            8        3306.935   1666977792    208372224
   114604608            1         892.748    229209216     28651152
   114604608            2        1626.787    458418432     57302304
   114604608            4        2280.505    916836864    114604608
   114604608            8        3815.834   1833673728    229209216
   126064896            1         989.288    252129792     31516224
   126064896            2        1828.173    504259584     63032448
   126064896            4        2664.792   1008519168    126064896
   126064896            8        4500.180   2017038336    252129792
   138671232            1        1121.765    277342464     34667808
   138671232            2        2119.315    554684928     69335616
   138671232            4        3086.824   1109369856    138671232
   152538240            1        1296.000    305076480     38134560
   152538240            2        2472.484    610152960     76269120
   152538240            4        3523.956   1220305920    152538240
   167792064            1        1405.787    335584128     41948016
   167792064            2        2735.617    671168256     83896032
   167792064            4        4076.677   1342336512    167792064
   184571136            1        1614.368    369142272     46142784
   184571136            2        3096.973    738284544     92285568
   184571136            4        4602.288   1476569088    184571136
   203028096            1        1824.955    406056192     50757024
   203028096            2        3544.047    812112384    101514048
   203028096            4        5256.651   1624224768    203028096
   223330752            1        2047.728    446661504     55832688
   223330752            2        4008.567    893323008    111665376
   223330752            4        5826.066   1786646016    223330752
   245663808            1        2273.474    491327616     61415952
   245663808            2        4438.182    982655232    122831904
   245663808            4        6578.912   1965310464    245663808
   270230016            1        2528.462    540460032     67557504
   270230016            2        4961.216   1080920064    135115008
   297252864            1        2847.520    594505728     74313216
   297252864            2        5633.875   1189011456    148626432
   326978112            1        3144.681    653956224     81744528
   326978112            2        6239.039   1307912448    163489056
   359675904            1        3556.960    719351808     89918976
   359675904            2        6992.806   1438703616    179837952
   395643456            1        3897.660    791286912     98910864
   395643456            2        7727.054   1582573824    197821728
   435207744            1        4350.679    870415488    108801936
   435207744            2        8592.135   1740830976    217603872
   478728384            1        4813.380    957456768    119682096
   478728384            2        9594.233   1914913536    239364192
   526601088            1        5326.138   1053202176    131650272
   526601088            2       10642.584   2106404352    263300544
   579261120            1        5946.984   1158522240    144815280
   637187136            1        6538.453   1274374272    159296784
   700905792            1        7307.308   1401811584    175226448
   770996352            1        8641.898   1541992704    192749088
   848095872            1        8941.469   1696191744    212023968
   932905344            1        9897.101   1865810688    233226336
  1026195840            1       10898.585   2052391680    256548960

META_DATA
FLOPS          2
MPI_PROCS      1
OPENMP_THREADS 24
ERT_VERSION  1.1.0
HOSTNAME  ('deepv.deep', [], ['10.2.8.6'])
UNAME  uname_result(system='Linux', node='deepv', release='4.18.0-513.24.1.el8_9.x86_64', version='#1 SMP Thu Apr 4 18:13:02 UTC 2024', machine='x86_64')
TIMESTAMP_DATA  1713374398.987605
CONFIG  {'ERT_RESULTS': ['Results.cn.deep.fz-juelich.de.01.gcc2023-O3-fastmath'], 'ERT_DRIVER': ['driver1'], 'ERT_KERNEL': ['kernel1'], 'ERT_MPI': ['True'], 'ERT_MPI_CFLAGS': ['-I', '/p/software/deep/stages/2023/software/psmpi/5.9.2-1-GCC-11.3.0/include'], 'ERT_MPI_LDFLAGS': ['-L', '/p/software/deep/stages/2023/software/psmpi/5.9.2-1-GCC-11.3.0/lib', '-lmpi'], 'ERT_OPENMP': ['True'], 'ERT_OPENMP_CFLAGS': ['-fopenmp'], 'ERT_OPENMP_LDFLAGS': ['-fopenmp'], 'ERT_FLOPS': ['1,2,4,8,16,64,128'], 'ERT_ALIGN': ['64'], 'ERT_CC': ['mpicxx'], 'ERT_CFLAGS': ['-g', '-O3', '-mavx'], 'ERT_LD': ['mpicxx'], 'ERT_LDFLAGS': [], 'ERT_LDLIBS': [], 'ERT_PRECISION': ['FP64'], 'ERT_RUN': ['export', 'OMP_NUM_THREADS=ERT_OPENMP_THREADS;', 'export', 'OMP_PLACES="cores(ERT_OPENMP_THREADS)";', 'srun', '-p', 'dp-cn', '-n', 'ERT_MPI_PROCS', '-c', '48', '--ntasks-per-node', '1', 'ERT_CODE'], 'ERT_PROCS_THREADS': ['24'], 'ERT_MPI_PROCS': ['1'], 'ERT_OPENMP_THREADS': ['24'], 'ERT_NUM_EXPERIMENTS': ['5'], 'ERT_MEMORY_MAX': ['1073741824'], 'ERT_WORKING_SET_MIN': ['128'], 'ERT_TRIALS_MIN': ['1'], 'ERT_GNUPLOT': ['gnuplot'], 'ERT_GPU': [False], 'ERT_HIP': [False], 'ERT_OCL': [False], 'ERT_SYCL': [False], 'ERT_WSS_MULT': [1.1]}
