fp64
       24576            1           3.801        49152         6144
       24576            2           4.144        98304        12288
       24576            4           5.152       196608        24576
       24576            8           5.574       393216        49152
       24576           16           6.162       786432        98304
       24576           32           6.792      1572864       196608
       24576           64           3.972      3145728       393216
       24576          128           5.166      6291456       786432
       24576          256           4.995     12582912      1572864
       24576          512          10.524     25165824      3145728
       24576         1024          24.329     50331648      6291456
       24576         2048          41.685    100663296     12582912
       24576         4096          59.836    201326592     25165824
       24576         8192         105.799    402653184     50331648
       24576        16384         229.485    805306368    100663296
       24576        32768         404.972   1610612736    201326592
       26880            1           2.221        53760         6720
       26880            2           5.930       107520        13440
       26880            4           3.627       215040        26880
       26880            8           5.254       430080        53760
       26880           16           3.859       860160       107520
       26880           32           6.561      1720320       215040
       26880           64           4.537      3440640       430080
       26880          128           5.210      6881280       860160
       26880          256           8.079     13762560      1720320
       26880          512          14.731     27525120      3440640
       26880         1024          27.617     55050240      6881280
       26880         2048          41.006    110100480     13762560
       26880         4096          66.729    220200960     27525120
       26880         8192         126.355    440401920     55050240
       26880        16384         248.622    880803840    110100480
       26880        32768         505.910   1761607680    220200960
       29568            1           3.020        59136         7392
       29568            2          14.327       118272        14784
       29568            4           5.410       236544        29568
       29568            8           4.548       473088        59136
       29568           16           3.988       946176       118272
       29568           32           3.756      1892352       236544
       29568           64           5.922      3784704       473088
       29568          128           5.772      7569408       946176
       29568          256           6.388     15138816      1892352
       29568          512          14.028     30277632      3784704
       29568         1024          23.972     60555264      7569408
       29568         2048          63.675    121110528     15138816
       29568         4096          65.197    242221056     30277632
       29568         8192         123.299    484442112     60555264
       29568        16384         238.712    968884224    121110528
       29568        32768         470.649   1937768448    242221056
       32448            1           3.059        64896         8112
       32448            2           4.680       129792        16224
       32448            4          21.526       259584        32448
       32448            8           5.582       519168        64896
       32448           16           3.789      1038336       129792
       32448           32           4.603      2076672       259584
       32448           64           3.737      4153344       519168
       32448          128           6.035      8306688      1038336
       32448          256           7.088     16613376      2076672
       32448          512          14.724     33226752      4153344
       32448         1024          25.736     66453504      8306688
       32448         2048          52.603    132907008     16613376
       32448         4096          70.156    265814016     33226752
       32448         8192         131.450    531628032     66453504
       32448        16384         298.809   1063256064    132907008
       32448        32768         509.414   2126512128    265814016
       35520            1           2.925        71040         8880
       35520            2          14.489       142080        17760
       35520            4           4.801       284160        35520
       35520            8           6.009       568320        71040
       35520           16           5.289      1136640       142080
       35520           32           3.742      2273280       284160
       35520           64           4.274      4546560       568320
       35520          128           7.383      9093120      1136640
       35520          256           8.388     18186240      2273280
       35520          512          15.548     36372480      4546560
       35520         1024          27.404     72744960      9093120
       35520         2048          49.617    145489920     18186240
       35520         4096          72.775    290979840     36372480
       35520         8192         151.557    581959680     72744960
       35520        16384         288.631   1163919360    145489920
       38976            1           4.209        77952         9744
       38976            2          19.826       155904        19488
       38976            4          11.992       311808        38976
       38976            8           5.009       623616        77952
       38976           16           4.607      1247232       155904
       38976           32           5.246      2494464       311808
       38976           64           4.169      4988928       623616
       38976          128           5.583      9977856      1247232
       38976          256           8.647     19955712      2494464
       38976          512          17.277     39911424      4988928
       38976         1024          29.135     79822848      9977856
       38976         2048          56.803    159645696     19955712
       38976         4096          78.126    319291392     39911424
       38976         8192         169.608    638582784     79822848
       38976        16384         301.579   1277165568    159645696
       42816            1           3.384        85632        10704
       42816            2          18.575       171264        21408
       42816            4          14.257       342528        42816
       42816            8           4.318       685056        85632
       42816           16           3.867      1370112       171264
       42816           32           6.059      2740224       342528
       42816           64           5.688      5480448       685056
       42816          128           6.434     10960896      1370112
       42816          256           9.189     21921792      2740224
       42816          512          18.117     43843584      5480448
       42816         1024          51.414     87687168     10960896
       42816         2048          54.722    175374336     21921792
       42816         4096          84.821    350748672     43843584
       42816         8192         162.198    701497344     87687168
       42816        16384         320.255   1402994688    175374336
       47040            1           5.613        94080        11760
       47040            2          13.242       188160        23520
       47040            4          15.096       376320        47040
       47040            8           3.119       752640        94080
       47040           16           3.311      1505280       188160
       47040           32           2.513      3010560       376320
       47040           64           5.000      6021120       752640
       47040          128           5.790     12042240      1505280
       47040          256          11.007     24084480      3010560
       47040          512          19.460     48168960      6021120
       47040         1024          34.611     96337920     12042240
       47040         2048          55.217    192675840     24084480
       47040         4096          89.551    385351680     48168960
       47040         8192         181.095    770703360     96337920
       47040        16384         352.866   1541406720    192675840
       51648            1           3.326       103296        12912
       51648            2           6.291       206592        25824
       51648            4           5.110       413184        51648
       51648            8           4.925       826368       103296
       51648           16           3.751      1652736       206592
       51648           32           5.169      3305472       413184
       51648           64           5.434      6610944       826368
       51648          128           7.347     13221888      1652736
       51648          256          12.078     26443776      3305472
       51648          512          21.035     52887552      6610944
       51648         1024          41.790    105775104     13221888
       51648         2048          53.398    211550208     26443776
       51648         4096          96.505    423100416     52887552
       51648         8192         211.530    846200832    105775104
       51648        16384         369.183   1692401664    211550208
       56640            1           3.492       113280        14160
       56640            2          21.716       226560        28320
       56640            4          11.317       453120        56640
       56640            8           4.791       906240       113280
       56640           16           3.302      1812480       226560
       56640           32           4.988      3624960       453120
       56640           64           6.469      7249920       906240
       56640          128           5.671     14499840      1812480
       56640          256          10.708     28999680      3624960
       56640          512          23.010     57999360      7249920
       56640         1024          40.348    115998720     14499840
       56640         2048          61.162    231997440     28999680
       56640         4096         106.351    463994880     57999360
       56640         8192         203.394    927989760    115998720
       56640        16384         417.996   1855979520    231997440
       62208            1           2.495       124416        15552
       62208            2          15.938       248832        31104
       62208            4           5.307       497664        62208
       62208            8           4.226       995328       124416
       62208           16           4.071      1990656       248832
       62208           32           3.043      3981312       497664
       62208           64           6.002      7962624       995328
       62208          128           7.475     15925248      1990656
       62208          256          12.957     31850496      3981312
       62208          512          29.664     63700992      7962624
       62208         1024          50.970    127401984     15925248
       62208         2048          63.986    254803968     31850496
       62208         4096         121.640    509607936     63700992
       62208         8192         259.369   1019215872    127401984
       62208        16384         461.925   2038431744    254803968
       68352            1           4.229       136704        17088
       68352            2          19.856       273408        34176
       68352            4          14.622       546816        68352
       68352            8           6.849      1093632       136704
       68352           16           3.965      2187264       273408
       68352           32           5.050      4374528       546816
       68352           64           5.363      8749056      1093632
       68352          128           8.209     17498112      2187264
       68352          256          15.290     34996224      4374528
       68352          512          27.688     69992448      8749056
       68352         1024          46.423    139984896     17498112
       68352         2048          70.274    279969792     34996224
       68352         4096         130.099    559939584     69992448
       68352         8192         254.739   1119879168    139984896
       75072            1           2.666       150144        18768
       75072            2          15.301       300288        37536
       75072            4          15.888       600576        75072
       75072            8           4.621      1201152       150144
       75072           16           4.248      2402304       300288
       75072           32           3.922      4804608       600576
       75072           64           5.931      9609216      1201152
       75072          128           9.919     19218432      2402304
       75072          256          14.991     38436864      4804608
       75072          512          27.759     76873728      9609216
       75072         1024          49.141    153747456     19218432
       75072         2048          73.211    307494912     38436864
       75072         4096         139.755    614989824     76873728
       75072         8192         291.180   1229979648    153747456
       82560            1           4.791       165120        20640
       82560            2           5.221       330240        41280
       82560            4           4.680       660480        82560
       82560            8           5.500      1320960       165120
       82560           16           4.163      2641920       330240
       82560           32           4.937      5283840       660480
       82560           64           5.741     10567680      1320960
       82560          128           9.139     21135360      2641920
       82560          256          17.932     42270720      5283840
       82560          512          29.775     84541440     10567680
       82560         1024          52.342    169082880     21135360
       82560         2048          99.168    338165760     42270720
       82560         4096         156.377    676331520     84541440
       82560         8192         299.844   1352663040    169082880
       90816            1           3.437       181632        22704
       90816            2           5.544       363264        45408
       90816            4           5.574       726528        90816
       90816            8          10.564      1453056       181632
       90816           16           5.071      2906112       363264
       90816           32           5.035      5812224       726528
       90816           64           5.907     11624448      1453056
       90816          128           9.840     23248896      2906112
       90816          256          20.364     46497792      5812224
       90816          512          33.404     92995584     11624448
       90816         1024          54.508    185991168     23248896
       90816         2048          86.268    371982336     46497792
       90816         4096         166.681    743964672     92995584
       90816         8192         327.379   1487929344    185991168
       99840            1           4.903       199680        24960
       99840            2           4.344       399360        49920
       99840            4          14.001       798720        99840
       99840            8           3.673      1597440       199680
       99840           16           4.537      3194880       399360
       99840           32           6.272      6389760       798720
       99840           64           7.075     12779520      1597440
       99840          128           9.803     25559040      3194880
       99840          256          21.452     51118080      6389760
       99840          512          32.411    102236160     12779520
       99840         1024          64.664    204472320     25559040
       99840         2048          93.650    408944640     51118080
       99840         4096         181.052    817889280    102236160
       99840         8192         368.860   1635778560    204472320
      109824            1           3.668       219648        27456
      109824            2          10.216       439296        54912
      109824            4          13.317       878592       109824
      109824            8           4.428      1757184       219648
      109824           16           4.536      3514368       439296
      109824           32           3.509      7028736       878592
      109824           64           6.827     14057472      1757184
      109824          128          10.143     28114944      3514368
      109824          256          23.338     56229888      7028736
      109824          512          44.306    112459776     14057472
      109824         1024          54.869    224919552     28114944
      109824         2048         122.018    449839104     56229888
      109824         4096         198.953    899678208    112459776
      109824         8192         388.786   1799356416    224919552
      120768            1           3.761       241536        30192
      120768            2           7.102       483072        60384
      120768            4           3.512       966144       120768
      120768            8           2.791      1932288       241536
      120768           16           4.278      3864576       483072
      120768           32           7.654      7729152       966144
      120768           64           7.271     15458304      1932288
      120768          128          11.641     30916608      3864576
      120768          256          24.090     61833216      7729152
      120768          512          45.085    123666432     15458304
      120768         1024          58.614    247332864     30916608
      120768         2048         114.520    494665728     61833216
      120768         4096         219.476    989331456    123666432
      120768         8192         438.929   1978662912    247332864
      132672            1           4.281       265344        33168
      132672            2          21.809       530688        66336
      132672            4          19.579      1061376       132672
      132672            8           3.378      2122752       265344
      132672           16           5.391      4245504       530688
      132672           32           9.624      8491008      1061376
      132672           64           8.022     16982016      2122752
      132672          128          13.267     33964032      4245504
      132672          256          25.100     67928064      8491008
      132672          512          64.772    135856128     16982016
      132672         1024          65.456    271712256     33964032
      132672         2048         120.894    543424512     67928064
      132672         4096         237.070   1086849024    135856128
      145920            1           2.855       291840        36480
      145920            2           3.675       583680        72960
      145920            4           4.613      1167360       145920
      145920            8           2.706      2334720       291840
      145920           16           5.565      4669440       583680
      145920           32           5.699      9338880      1167360
      145920           64           9.475     18677760      2334720
      145920          128          12.801     37355520      4669440
      145920          256          31.893     74711040      9338880
      145920          512          51.713    149422080     18677760
      145920         1024          70.001    298844160     37355520
      145920         2048         133.719    597688320     74711040
      145920         4096         259.849   1195376640    149422080
      160512            1           3.992       321024        40128
      160512            2          14.356       642048        80256
      160512            4           4.155      1284096       160512
      160512            8           4.477      2568192       321024
      160512           16           5.168      5136384       642048
      160512           32           5.297     10272768      1284096
      160512           64           8.837     20545536      2568192
      160512          128          14.087     41091072      5136384
      160512          256          30.216     82182144     10272768
      160512          512          52.171    164364288     20545536
      160512         1024          78.409    328728576     41091072
      160512         2048         146.412    657457152     82182144
      160512         4096         284.234   1314914304    164364288
      176448            1           3.898       352896        44112
      176448            2           4.999       705792        88224
      176448            4           3.427      1411584       176448
      176448            8           2.497      2823168       352896
      176448           16           3.672      5646336       705792
      176448           32           6.285     11292672      1411584
      176448           64           9.355     22585344      2823168
      176448          128          15.425     45170688      5646336
      176448          256          33.312     90341376     11292672
      176448          512          54.684    180682752     22585344
      176448         1024          83.064    361365504     45170688
      176448         2048         157.209    722731008     90341376
      176448         4096         326.454   1445462016    180682752
      193920            1           5.601       387840        48480
      193920            2           6.528       775680        96960
      193920            4           4.596      1551360       193920
      193920            8           5.098      3102720       387840
      193920           16           5.802      6205440       775680
      193920           32           5.608     12410880      1551360
      193920           64          11.347     24821760      3102720
      193920          128          17.059     49643520      6205440
      193920          256          36.310     99287040     12410880
      193920          512          55.811    198574080     24821760
      193920         1024         108.181    397148160     49643520
      193920         2048         170.877    794296320     99287040
      193920         4096         334.394   1588592640    198574080
      213312            1           4.250       426624        53328
      213312            2           5.502       853248       106656
      213312            4           4.955      1706496       213312
      213312            8           4.803      3412992       426624
      213312           16           4.197      6825984       853248
      213312           32           8.872     13651968      1706496
      213312           64          10.682     27303936      3412992
      213312          128          18.902     54607872      6825984
      213312          256          34.110    109215744     13651968
      213312          512          58.817    218431488     27303936
      213312         1024          98.296    436862976     54607872
      213312         2048         186.688    873725952    109215744
      213312         4096         382.085   1747451904    218431488
      234624            1           5.708       469248        58656
      234624            2          32.802       938496       117312
      234624            4           3.227      1876992       234624
      234624            8           5.432      3753984       469248
      234624           16           4.437      7507968       938496
      234624           32           7.207     15015936      1876992
      234624           64          12.746     30031872      3753984
      234624          128          24.032     60063744      7507968
      234624          256          41.903    120127488     15015936
      234624          512          63.241    240254976     30031872
      234624         1024         106.396    480509952     60063744
      234624         2048         224.557    961019904    120127488
      234624         4096         404.796   1922039808    240254976
      258048            1           5.490       516096        64512
      258048            2           3.969      1032192       129024
      258048            4          22.730      2064384       258048
      258048            8           5.164      4128768       516096
      258048           16           8.169      8257536      1032192
      258048           32           7.673     16515072      2064384
      258048           64          12.972     33030144      4128768
      258048          128          22.485     66060288      8257536
      258048          256          42.394    132120576     16515072
      258048          512          64.928    264241152     33030144
      258048         1024         118.441    528482304     66060288
      258048         2048         227.499   1056964608    132120576
      258048         4096         458.313   2113929216    264241152
      283776            1           6.664       567552        70944
      283776            2          15.876      1135104       141888
      283776            4           3.531      2270208       283776
      283776            8           6.022      4540416       567552
      283776           16           6.684      9080832      1135104
      283776           32           7.359     18161664      2270208
      283776           64          13.238     36323328      4540416
      283776          128          25.927     72646656      9080832
      283776          256          46.136    145293312     18161664
      283776          512          66.448    290586624     36323328
      283776         1024         127.948    581173248     72646656
      283776         2048         249.353   1162346496    145293312
      312000            1           7.324       624000        78000
      312000            2          11.244      1248000       156000
      312000            4           6.010      2496000       312000
      312000            8           4.341      4992000       624000
      312000           16           4.762      9984000      1248000
      312000           32           8.337     19968000      2496000
      312000           64          14.412     39936000      4992000
      312000          128          28.640     79872000      9984000
      312000          256          72.697    159744000     19968000
      312000          512          72.915    319488000     39936000
      312000         1024         137.866    638976000     79872000
      312000         2048         269.523   1277952000    159744000
      343104            1           4.757       686208        85776
      343104            2          13.330      1372416       171552
      343104            4           4.593      2744832       343104
      343104            8           5.339      5489664       686208
      343104           16           6.748     10979328      1372416
      343104           32           8.765     21958656      2744832
      343104           64          18.753     43917312      5489664
      343104          128          30.946     87834624     10979328
      343104          256          51.430    175669248     21958656
      343104          512          79.045    351338496     43917312
      343104         1024         151.149    702676992     87834624
      343104         2048         297.476   1405353984    175669248
      377280            1           4.266       754560        94320
      377280            2          19.163      1509120       188640
      377280            4           6.980      3018240       377280
      377280            8           4.647      6036480       754560
      377280           16           8.320     12072960      1509120
      377280           32           9.739     24145920      3018240
      377280           64          18.832     48291840      6036480
      377280          128          31.013     96583680     12072960
      377280          256          56.343    193167360     24145920
      377280          512          86.071    386334720     48291840
      377280         1024         166.344    772669440     96583680
      377280         2048         342.464   1545338880    193167360
      414912            1           6.208       829824       103728
      414912            2           4.381      1659648       207456
      414912            4          20.981      3319296       414912
      414912            8           7.449      6638592       829824
      414912           16           6.545     13277184      1659648
      414912           32          11.175     26554368      3319296
      414912           64          19.666     53108736      6638592
      414912          128          34.071    106217472     13277184
      414912          256          53.731    212434944     26554368
      414912          512          94.393    424869888     53108736
      414912         1024         204.392    849739776    106217472
      414912         2048         355.149   1699479552    212434944
      456384            1           5.815       912768       114096
      456384            2          14.667      1825536       228192
      456384            4           3.262      3651072       456384
      456384            8           6.965      7302144       912768
      456384           16           6.353     14604288      1825536
      456384           32          12.226     29208576      3651072
      456384           64          19.007     58417152      7302144
      456384          128          36.237    116834304     14604288
      456384          256          62.378    233668608     29208576
      456384          512         103.488    467337216     58417152
      456384         1024         198.398    934674432    116834304
      456384         2048         403.125   1869348864    233668608
      501888            1           7.679      1003776       125472
      501888            2           6.781      2007552       250944
      501888            4          12.456      4015104       501888
      501888            8           7.063      8030208      1003776
      501888           16           7.017     16060416      2007552
      501888           32          13.298     32120832      4015104
      501888           64          24.128     64241664      8030208
      501888          128          42.989    128483328     16060416
      501888          256          78.698    256966656     32120832
      501888          512         156.368    513933312     64241664
      501888         1024         309.648   1027866624    128483328
      501888         2048         587.509   2055733248    256966656
      552000            1           6.669      1104000       138000
      552000            2          15.713      2208000       276000
      552000            4          16.038      4416000       552000
      552000            8           5.050      8832000      1104000
      552000           16           7.849     17664000      2208000
      552000           32          13.832     35328000      4416000
      552000           64          28.308     70656000      8832000
      552000          128          48.472    141312000     17664000
      552000          256          64.736    282624000     35328000
      552000          512         123.402    565248000     70656000
      552000         1024         257.671   1130496000    141312000
      607104            1           9.692      1214208       151776
      607104            2           7.064      2428416       303552
      607104            4          13.901      4856832       607104
      607104            8           5.998      9713664      1214208
      607104           16           8.988     19427328      2428416
      607104           32          13.326     38854656      4856832
      607104           64          28.922     77709312      9713664
      607104          128          52.353    155418624     19427328
      607104          256          70.692    310837248     38854656
      607104          512         133.946    621674496     77709312
      607104         1024         281.086   1243348992    155418624
      667776            1           7.917      1335552       166944
      667776            2           5.213      2671104       333888
      667776            4          14.561      5342208       667776
      667776            8           7.003     10684416      1335552
      667776           16           9.830     21368832      2671104
      667776           32          15.767     42737664      5342208
      667776           64          33.912     85475328     10684416
      667776          128          58.256    170950656     21368832
      667776          256          95.851    341901312     42737664
      667776          512         150.204    683802624     85475328
      667776         1024         290.201   1367605248    170950656
      734400            1           8.621      1468800       183600
      734400            2          13.613      2937600       367200
      734400            4           6.687      5875200       734400
      734400            8           7.939     11750400      1468800
      734400           16          11.261     23500800      2937600
      734400           32          19.339     47001600      5875200
      734400           64          34.669     94003200     11750400
      734400          128          53.954    188006400     23500800
      734400          256          87.257    376012800     47001600
      734400          512         163.974    752025600     94003200
      734400         1024         319.494   1504051200    188006400
      807744            1          10.393      1615488       201936
      807744            2           7.263      3230976       403872
      807744            4           6.358      6461952       807744
      807744            8           6.981     12923904      1615488
      807744           16          12.618     25847808      3230976
      807744           32          24.603     51695616      6461952
      807744           64          38.930    103391232     12923904
      807744          128          55.166    206782464     25847808
      807744          256         102.307    413564928     51695616
      807744          512         198.958    827129856    103391232
      807744         1024         407.583   1654259712    206782464
      888384            1          11.636      1776768       222096
      888384            2           7.742      3553536       444192
      888384            4           4.998      7107072       888384
      888384            8          16.303     14214144      1776768
      888384           16          14.627     28428288      3553536
      888384           32          26.726     56856576      7107072
      888384           64          49.016    113713152     14214144
      888384          128          98.379    227426304     28428288
      888384          256         154.060    454852608     56856576
      888384          512         301.335    909705216    113713152
      888384         1024         608.725   1819410432    227426304
      977088            1          12.427      1954176       244272
      977088            2          14.079      3908352       488544
      977088            4           6.258      7816704       977088
      977088            8          10.219     15633408      1954176
      977088           16          13.952     31266816      3908352
      977088           32          29.209     62533632      7816704
      977088           64          53.873    125067264     15633408
      977088          128          86.030    250134528     31266816
      977088          256         187.542    500269056     62533632
      977088          512         338.167   1000538112    125067264
      977088         1024         667.365   2001076224    250134528
     1074624            1          10.911      2149248       268656
     1074624            2           4.559      4298496       537312
     1074624            4          15.586      8596992      1074624
     1074624            8          10.489     17193984      2149248
     1074624           16          18.236     34387968      4298496
     1074624           32          32.953     68775936      8596992
     1074624           64          55.817    137551872     17193984
     1074624          128          95.680    275103744     34387968
     1074624          256         203.661    550207488     68775936
     1074624          512         384.221   1100414976    137551872
     1181952            1          12.218      2363904       295488
     1181952            2          13.638      4727808       590976
     1181952            4          27.322      9455616      1181952
     1181952            8           9.970     18911232      2363904
     1181952           16          20.316     37822464      4727808
     1181952           32          32.495     75644928      9455616
     1181952           64          61.392    151289856     18911232
     1181952          128         105.174    302579712     37822464
     1181952          256         221.582    605159424     75644928
     1181952          512         415.440   1210318848    151289856
     1300032            1          15.351      2600064       325008
     1300032            2          16.460      5200128       650016
     1300032            4           8.090     10400256      1300032
     1300032            8          11.678     20800512      2600064
     1300032           16          18.226     41601024      5200128
     1300032           32          36.292     83202048     10400256
     1300032           64          64.249    166404096     20800512
     1300032          128         115.174    332808192     41601024
     1300032          256         251.993    665616384     83202048
     1300032          512         438.680   1331232768    166404096
     1430016            1          16.365      2860032       357504
     1430016            2           8.162      5720064       715008
     1430016            4           6.230     11440128      1430016
     1430016            8          12.619     22880256      2860032
     1430016           16          38.391     45760512      5720064
     1430016           32          42.074     91521024     11440128
     1430016           64          74.330    183042048     22880256
     1430016          128         124.092    366084096     45760512
     1430016          256         243.848    732168192     91521024
     1430016          512         501.401   1464336384    183042048
     1572864            1          16.963      3145728       393216
     1572864            2          23.152      6291456       786432
     1572864            4           8.267     12582912      1572864
     1572864            8          13.607     25165824      3145728
     1572864           16          22.175     50331648      6291456
     1572864           32          42.669    100663296     12582912
     1572864           64          75.837    201326592     25165824
     1572864          128         137.437    402653184     50331648
     1572864          256         284.936    805306368    100663296
     1572864          512         527.595   1610612736    201326592
     1730112            1          19.468      3460224       432528
     1730112            2          22.936      6920448       865056
     1730112            4           9.431     13840896      1730112
     1730112            8          14.512     27681792      3460224
     1730112           16          24.235     55363584      6920448
     1730112           32          49.737    110727168     13840896
     1730112           64          77.727    221454336     27681792
     1730112          128         149.434    442908672     55363584
     1730112          256         310.683    885817344    110727168
     1730112          512         583.067   1771634688    221454336
     1903104            1          29.759      3806208       475776
     1903104            2           5.876      7612416       951552
     1903104            4           9.940     15224832      1903104
     1903104            8          15.787     30449664      3806208
     1903104           16          27.966     60899328      7612416
     1903104           32          53.388    121798656     15224832
     1903104           64          85.104    243597312     30449664
     1903104          128         165.413    487194624     60899328
     1903104          256         324.990    974389248    121798656
     1903104          512         654.033   1948778496    243597312
     2093376            1          34.368      4186752       523344
     2093376            2           9.607      8373504      1046688
     2093376            4          13.921     16747008      2093376
     2093376            8          18.227     33494016      4186752
     2093376           16          31.363     66988032      8373504
     2093376           32          56.787    133976064     16747008
     2093376           64          93.440    267952128     33494016
     2093376          128         180.404    535904256     66988032
     2093376          256         359.258   1071808512    133976064
     2093376          512         716.020   2143617024    267952128
     2302656            1          35.192      4605312       575664
     2302656            2           7.481      9210624      1151328
     2302656            4          11.679     18421248      2302656
     2302656            8          17.195     36842496      4605312
     2302656           16          34.710     73684992      9210624
     2302656           32          60.928    147369984     18421248
     2302656           64         101.540    294739968     36842496
     2302656          128         197.843    589479936     73684992
     2302656          256         404.593   1178959872    147369984
     2532864            1          36.208      5065728       633216
     2532864            2           7.236     10131456      1266432
     2532864            4          11.400     20262912      2532864
     2532864            8          19.922     40525824      5065728
     2532864           16          37.283     81051648     10131456
     2532864           32          64.898    162103296     20262912
     2532864           64         112.852    324206592     40525824
     2532864          128         235.541    648413184     81051648
     2532864          256         427.911   1296826368    162103296
     2786112            1          49.897      5572224       696528
     2786112            2           8.101     11144448      1393056
     2786112            4          13.268     22288896      2786112
     2786112            8          23.647     44577792      5572224
     2786112           16          45.386     89155584     11144448
     2786112           32          81.553    178311168     22288896
     2786112           64         156.260    356622336     44577792
     2786112          128         311.773    713244672     89155584
     2786112          256         584.000   1426489344    178311168
     3064704            1          35.971      6129408       766176
     3064704            2           8.548     12258816      1532352
     3064704            4          19.592     24517632      3064704
     3064704            8          27.101     49035264      6129408
     3064704           16          52.300     98070528     12258816
     3064704           32          96.480    196141056     24517632
     3064704           64         193.777    392282112     49035264
     3064704          128         393.534    784564224     98070528
     3064704          256         755.795   1569128448    196141056
     3371136            1          49.197      6742272       842784
     3371136            2           9.153     13484544      1685568
     3371136            4          18.321     26969088      3371136
     3371136            8          29.216     53938176      6742272
     3371136           16          55.121    107876352     13484544
     3371136           32         108.143    215752704     26969088
     3371136           64         220.888    431505408     53938176
     3371136          128         416.181    863010816    107876352
     3371136          256         825.173   1726021632    215752704
     3708096            1          51.652      7416192       927024
     3708096            2          10.055     14832384      1854048
     3708096            4          21.636     29664768      3708096
     3708096            8          26.694     59329536      7416192
     3708096           16          52.518    118659072     14832384
     3708096           32          86.887    237318144     29664768
     3708096           64         161.745    474636288     59329536
     3708096          128         318.201    949272576    118659072
     3708096          256         637.422   1898545152    237318144
     4078848            1          51.506      8157696      1019712
     4078848            2          10.022     16315392      2039424
     4078848            4          17.526     32630784      4078848
     4078848            8          29.613     65261568      8157696
     4078848           16          55.959    130523136     16315392
     4078848           32          92.002    261046272     32630784
     4078848           64         176.231    522092544     65261568
     4078848          128         345.580   1044185088    130523136
     4078848          256         697.378   2088370176    261046272
     4486656            1          58.969      8973312      1121664
     4486656            2          10.246     17946624      2243328
     4486656            4          22.180     35893248      4486656
     4486656            8          33.784     71786496      8973312
     4486656           16          78.321    143572992     17946624
     4486656           32         101.126    287145984     35893248
     4486656           64         193.276    574291968     71786496
     4486656          128         379.775   1148583936    143572992
     4935168            1          60.412      9870336      1233792
     4935168            2          12.065     19740672      2467584
     4935168            4          21.187     39481344      4935168
     4935168            8          36.538     78962688      9870336
     4935168           16          63.267    157925376     19740672
     4935168           32         109.523    315850752     39481344
     4935168           64         213.175    631701504     78962688
     4935168          128         442.758   1263403008    157925376
     5428608            1          67.495     10857216      1357152
     5428608            2          12.913     21714432      2714304
     5428608            4          25.002     43428864      5428608
     5428608            8          41.813     86857728     10857216
     5428608           16          69.395    173715456     21714432
     5428608           32         140.166    347430912     43428864
     5428608           64         234.444    694861824     86857728
     5428608          128         467.364   1389723648    173715456
     5971392            1          72.070     11942784      1492848
     5971392            2          14.306     23885568      2985696
     5971392            4          25.049     47771136      5971392
     5971392            8          43.285     95542272     11942784
     5971392           16          76.252    191084544     23885568
     5971392           32         131.885    382169088     47771136
     5971392           64         255.323    764338176     95542272
     5971392          128         525.980   1528676352    191084544
     6568512            1          98.007     13137024      1642128
     6568512            2          17.623     26274048      3284256
     6568512            4          27.734     52548096      6568512
     6568512            8          46.899    105096192     13137024
     6568512           16          81.510    210192384     26274048
     6568512           32         146.710    420384768     52548096
     6568512           64         282.573    840769536    105096192
     6568512          128         568.738   1681539072    210192384
     7225344            1          86.139     14450688      1806336
     7225344            2          17.736     28901376      3612672
     7225344            4          30.532     57802752      7225344
     7225344            8          49.877    115605504     14450688
     7225344           16          87.351    231211008     28901376
     7225344           32         178.333    462422016     57802752
     7225344           64         310.302    924844032    115605504
     7225344          128         628.932   1849688064    231211008
     7947840            1          90.159     15895680      1986960
     7947840            2          20.365     31791360      3973920
     7947840            4          32.499     63582720      7947840
     7947840            8          58.532    127165440     15895680
     7947840           16          91.737    254330880     31791360
     7947840           32         193.663    508661760     63582720
     7947840           64         349.493   1017323520    127165440
     7947840          128         681.372   2034647040    254330880
     8742528            1         102.645     17485056      2185632
     8742528            2          21.150     34970112      4371264
     8742528            4          34.872     69940224      8742528
     8742528            8          63.296    139880448     17485056
     8742528           16         100.103    279760896     34970112
     8742528           32         208.921    559521792     69940224
     8742528           64         376.017   1119043584    139880448
     9616704            1         115.417     19233408      2404176
     9616704            2          23.760     38466816      4808352
     9616704            4          58.030     76933632      9616704
     9616704            8          65.097    153867264     19233408
     9616704           16         109.311    307734528     38466816
     9616704           32         209.216    615469056     76933632
     9616704           64         416.365   1230938112    153867264
    10578240            1         119.511     21156480      2644560
    10578240            2          26.353     42312960      5289120
    10578240            4          43.069     84625920     10578240
    10578240            8          71.381    169251840     21156480
    10578240           16         120.620    338503680     42312960
    10578240           32         230.432    677007360     84625920
    10578240           64         467.570   1354014720    169251840
    11635968            1         135.223     23271936      2908992
    11635968            2          31.251     46543872      5817984
    11635968            4          65.725     93087744     11635968
    11635968            8          75.208    186175488     23271936
    11635968           16         130.800    372350976     46543872
    11635968           32         253.224    744701952     93087744
    11635968           64         517.995   1489403904    186175488
    12799488            1         148.004     25598976      3199872
    12799488            2          33.721     51197952      6399744
    12799488            4          48.661    102395904     12799488
    12799488            8          81.959    204791808     25598976
    12799488           16         143.774    409583616     51197952
    12799488           32         296.759    819167232    102395904
    12799488           64         549.451   1638334464    204791808
    14079360            1         158.344     28158720      3519840
    14079360            2          35.620     56317440      7039680
    14079360            4          52.745    112634880     14079360
    14079360            8          88.892    225269760     28158720
    14079360           16         160.400    450539520     56317440
    14079360           32         303.888    901079040    112634880
    14079360           64         616.778   1802158080    225269760
    15487296            1         190.257     30974592      3871824
    15487296            2          41.586     61949184      7743648
    15487296            4          60.788    123898368     15487296
    15487296            8          92.291    247796736     30974592
    15487296           16         172.515    495593472     61949184
    15487296           32         334.524    991186944    123898368
    15487296           64         676.004   1982373888    247796736
    17035968            1         219.011     34071936      4258992
    17035968            2          47.896     68143872      8517984
    17035968            4          65.120    136287744     17035968
    17035968            8         100.788    272575488     34071936
    17035968           16         190.608    545150976     68143872
    17035968           32         368.550   1090301952    136287744
    18739392            1         226.682     37478784      4684848
    18739392            2          53.111     74957568      9369696
    18739392            4          72.975    149915136     18739392
    18739392            8         111.305    299830272     37478784
    18739392           16         212.334    599660544     74957568
    18739392           32         420.656   1199321088    149915136
    20613312            1         238.214     41226624      5153328
    20613312            2          59.964     82453248     10306656
    20613312            4          76.547    164906496     20613312
    20613312            8         122.411    329812992     41226624
    20613312           16         249.984    659625984     82453248
    20613312           32         444.998   1319251968    164906496
    22674624            1         265.202     45349248      5668656
    22674624            2          70.691     90698496     11337312
    22674624            4          87.820    181396992     22674624
    22674624            8         136.365    362793984     45349248
    22674624           16         252.723    725587968     90698496
    22674624           32         512.286   1451175936    181396992
    24941952            1         255.832     49883904      6235488
    24941952            2          87.356     99767808     12470976
    24941952            4         117.742    199535616     24941952
    24941952            8         152.920    399071232     49883904
    24941952           16         282.612    798142464     99767808
    24941952           32         560.936   1596284928    199535616
    27436032            1         212.910     54872064      6859008
    27436032            2         104.394    109744128     13718016
    27436032            4         118.406    219488256     27436032
    27436032            8         214.440    438976512     54872064
    27436032           16         356.361    877953024    109744128
    27436032           32         697.954   1755906048    219488256
    30179520            1         189.574     60359040      7544880
    30179520            2         129.413    120718080     15089760
    30179520            4         172.291    241436160     30179520
    30179520            8         253.196    482872320     60359040
    30179520           16         456.063    965744640    120718080
    30179520           32         875.615   1931489280    241436160
    33197376            1         191.170     66394752      8299344
    33197376            2         156.532    132789504     16598688
    33197376            4         188.357    265579008     33197376
    33197376            8         308.706    531158016     66394752
    33197376           16         575.103   1062316032    132789504
    33197376           32        1069.404   2124632064    265579008
    36517056            1         222.339     73034112      9129264
    36517056            2         175.479    146068224     18258528
    36517056            4         220.208    292136448     36517056
    36517056            8         364.821    584272896     73034112
    36517056           16         673.454   1168545792    146068224
    40168704            1         247.034     80337408     10042176
    40168704            2         223.170    160674816     20084352
    40168704            4         249.904    321349632     40168704
    40168704            8         429.181    642699264     80337408
    40168704           16         746.925   1285398528    160674816
    44185536            1         288.208     88371072     11046384
    44185536            2         267.781    176742144     22092768
    44185536            4         293.158    353484288     44185536
    44185536            8         460.529    706968576     88371072
    44185536           16         843.831   1413937152    176742144
    48604032            1         303.818     97208064     12151008
    48604032            2         288.324    194416128     24302016
    48604032            4         312.010    388832256     48604032
    48604032            8         533.916    777664512     97208064
    48604032           16         956.728   1555329024    194416128
    53464320            1         366.008    106928640     13366080
    53464320            2         372.491    213857280     26732160
    53464320            4         372.004    427714560     53464320
    53464320            8         644.329    855429120    106928640
    53464320           16        1122.564   1710858240    213857280
    58810752            1         403.667    117621504     14702688
    58810752            2         458.365    235243008     29405376
    58810752            4         461.769    470486016     58810752
    58810752            8         752.247    940972032    117621504
    58810752           16        1358.870   1881944064    235243008
    64691712            1         461.025    129383424     16172928
    64691712            2         550.923    258766848     32345856
    64691712            4         552.806    517533696     64691712
    64691712            8         894.505   1035067392    129383424
    64691712           16        1563.046   2070134784    258766848
    71160768            1         478.273    142321536     17790192
    71160768            2         700.164    284643072     35580384
    71160768            4         693.813    569286144     71160768
    71160768            8        1102.479   1138572288    142321536
    78276672            1         563.791    156553344     19569168
    78276672            2         844.655    313106688     39138336
    78276672            4         960.053    626213376     78276672
    78276672            8        1609.701   1252426752    156553344
    86104320            1         634.132    172208640     21526080
    86104320            2        1055.966    344417280     43052160
    86104320            4        1334.690    688834560     86104320
    86104320            8        2138.587   1377669120    172208640
    94714752            1         730.339    189429504     23678688
    94714752            2        1286.381    378859008     47357376
    94714752            4        1626.788    757718016     94714752
    94714752            8        2768.803   1515436032    189429504
   104186112            1         814.754    208372224     26046528
   104186112            2        1467.425    416744448     52093056
   104186112            4        1983.341    833488896    104186112
   104186112            8        3346.879   1666977792    208372224
   114604608            1         961.197    229209216     28651152
   114604608            2        1711.518    458418432     57302304
   114604608            4        2336.495    916836864    114604608
   114604608            8        3888.880   1833673728    229209216
   126064896            1        1075.291    252129792     31516224
   126064896            2        1989.433    504259584     63032448
   126064896            4        2763.202   1008519168    126064896
   126064896            8        4594.691   2017038336    252129792
   138671232            1        1178.489    277342464     34667808
   138671232            2        2194.089    554684928     69335616
   138671232            4        3154.570   1109369856    138671232
   152538240            1        1374.339    305076480     38134560
   152538240            2        2534.889    610152960     76269120
   152538240            4        3626.823   1220305920    152538240
   167792064            1        1518.204    335584128     41948016
   167792064            2        2871.249    671168256     83896032
   167792064            4        4127.002   1342336512    167792064
   184571136            1        1703.190    369142272     46142784
   184571136            2        3255.701    738284544     92285568
   184571136            4        4770.340   1476569088    184571136
   203028096            1        1901.370    406056192     50757024
   203028096            2        3665.270    812112384    101514048
   203028096            4        5437.606   1624224768    203028096
   223330752            1        2126.777    446661504     55832688
   223330752            2        4187.632    893323008    111665376
   223330752            4        6094.357   1786646016    223330752
   245663808            1        2412.818    491327616     61415952
   245663808            2        4641.276    982655232    122831904
   245663808            4        6860.293   1965310464    245663808
   270230016            1        3544.887    540460032     67557504
   270230016            2        5215.488   1080920064    135115008
   297252864            1        2988.721    594505728     74313216
   297252864            2        5948.615   1189011456    148626432
   326978112            1        3382.553    653956224     81744528
   326978112            2        6556.484   1307912448    163489056
   359675904            1        3686.199    719351808     89918976
   359675904            2        7335.596   1438703616    179837952
   395643456            1        4140.216    791286912     98910864
   395643456            2        8149.650   1582573824    197821728
   435207744            1        4611.408    870415488    108801936
   435207744            2        9080.119   1740830976    217603872
   478728384            1        5101.211    957456768    119682096
   478728384            2       10007.209   1914913536    239364192
   526601088            1        5611.740   1053202176    131650272
   526601088            2       11182.103   2106404352    263300544
   579261120            1        6136.747   1158522240    144815280
   637187136            1        6793.573   1274374272    159296784
   700905792            1        7493.797   1401811584    175226448
   770996352            1        8229.025   1541992704    192749088
   848095872            1        9054.055   1696191744    212023968
   932905344            1        9997.507   1865810688    233226336
  1026195840            1       10970.048   2052391680    256548960

META_DATA
FLOPS          2
MPI_PROCS      1
OPENMP_THREADS 24
ERT_VERSION  1.1.0
HOSTNAME  ('deepv.deep', [], ['10.2.8.6'])
UNAME  uname_result(system='Linux', node='deepv', release='4.18.0-513.24.1.el8_9.x86_64', version='#1 SMP Thu Apr 4 18:13:02 UTC 2024', machine='x86_64')
TIMESTAMP_DATA  1713374479.7694516
CONFIG  {'ERT_RESULTS': ['Results.cn.deep.fz-juelich.de.01.gcc2023-O3-fastmath'], 'ERT_DRIVER': ['driver1'], 'ERT_KERNEL': ['kernel1'], 'ERT_MPI': ['True'], 'ERT_MPI_CFLAGS': ['-I', '/p/software/deep/stages/2023/software/psmpi/5.9.2-1-GCC-11.3.0/include'], 'ERT_MPI_LDFLAGS': ['-L', '/p/software/deep/stages/2023/software/psmpi/5.9.2-1-GCC-11.3.0/lib', '-lmpi'], 'ERT_OPENMP': ['True'], 'ERT_OPENMP_CFLAGS': ['-fopenmp'], 'ERT_OPENMP_LDFLAGS': ['-fopenmp'], 'ERT_FLOPS': ['1,2,4,8,16,64,128'], 'ERT_ALIGN': ['64'], 'ERT_CC': ['mpicxx'], 'ERT_CFLAGS': ['-g', '-O3', '-mavx'], 'ERT_LD': ['mpicxx'], 'ERT_LDFLAGS': [], 'ERT_LDLIBS': [], 'ERT_PRECISION': ['FP64'], 'ERT_RUN': ['export', 'OMP_NUM_THREADS=ERT_OPENMP_THREADS;', 'export', 'OMP_PLACES="cores(ERT_OPENMP_THREADS)";', 'srun', '-p', 'dp-cn', '-n', 'ERT_MPI_PROCS', '-c', '48', '--ntasks-per-node', '1', 'ERT_CODE'], 'ERT_PROCS_THREADS': ['24'], 'ERT_MPI_PROCS': ['1'], 'ERT_OPENMP_THREADS': ['24'], 'ERT_NUM_EXPERIMENTS': ['5'], 'ERT_MEMORY_MAX': ['1073741824'], 'ERT_WORKING_SET_MIN': ['128'], 'ERT_TRIALS_MIN': ['1'], 'ERT_GNUPLOT': ['gnuplot'], 'ERT_GPU': [False], 'ERT_HIP': [False], 'ERT_OCL': [False], 'ERT_SYCL': [False], 'ERT_WSS_MULT': [1.1]}
