fp64
       24576            1           3.099        49152        12288
       24576            2           4.053        98304        24576
       24576            4           2.146       196608        49152
       24576            8           2.146       393216        98304
       24576           16           3.815       786432       196608
       24576           32           1.907      1572864       393216
       24576           64           5.007      3145728       786432
       24576          128           5.007      6291456      1572864
       24576          256           6.914     12582912      3145728
       24576          512          11.921     25165824      6291456
       24576         1024          20.981     50331648     12582912
       24576         2048          48.161    100663296     25165824
       24576         4096          67.949    201326592     50331648
       24576         8192          79.155    402653184    100663296
       24576        16384         224.829    805306368    201326592
       24576        32768         415.802   1610612736    402653184
       26880            1           4.053        53760        13440
       26880            2           2.861       107520        26880
       26880            4           1.907       215040        53760
       26880            8          11.921       430080       107520
       26880           16           3.099       860160       215040
       26880           32          14.067      1720320       430080
       26880           64           4.053      3440640       860160
       26880          128           5.007      6881280      1720320
       26880          256           8.106     13762560      3440640
       26880          512          15.020     27525120      6881280
       26880         1024          28.133     55050240     13762560
       26880         2048          51.975    110100480     27525120
       26880         4096          57.936    220200960     55050240
       26880         8192         132.084    440401920    110100480
       26880        16384         201.941    880803840    220200960
       26880        32768         391.006   1761607680    440401920
       29568            1           3.099        59136        14784
       29568            2           1.907       118272        29568
       29568            4           1.907       236544        59136
       29568            8           2.146       473088       118272
       29568           16          12.159       946176       236544
       29568           32           2.861      1892352       473088
       29568           64           4.053      3784704       946176
       29568          128           5.007      7569408      1892352
       29568          256          10.014     15138816      3784704
       29568          512          15.974     30277632      7569408
       29568         1024          48.161     60555264     15138816
       29568         2048          47.922    121110528     30277632
       29568         4096          66.042    242221056     60555264
       29568         8192         113.964    484442112    121110528
       29568        16384         255.823    968884224    242221056
       29568        32768         509.024   1937768448    484442112
       32448            1           3.099        64896        16224
       32448            2           2.146       129792        32448
       32448            4           1.907       259584        64896
       32448            8           1.907       519168       129792
       32448           16          12.875      1038336       259584
       32448           32           2.861      2076672       519168
       32448           64          14.067      4153344      1038336
       32448          128           6.914      8306688      2076672
       32448          256          10.014     16613376      4153344
       32448          512          17.881     33226752      8306688
       32448         1024          30.994     66453504     16613376
       32448         2048          59.843    132907008     33226752
       32448         4096          79.155    265814016     66453504
       32448         8192         147.820    531628032    132907008
       32448        16384         499.010   1063256064    265814016
       32448        32768        1048.803   2126512128    531628032
       35520            1           2.861        71040        17760
       35520            2           1.907       142080        35520
       35520            4           3.099       284160        71040
       35520            8          16.212       568320       142080
       35520           16          18.835      1136640       284160
       35520           32           3.099      2273280       568320
       35520           64           5.007      4546560      1136640
       35520          128           7.153      9093120      2273280
       35520          256          11.206     18186240      4546560
       35520          512          20.981     36372480      9093120
       35520         1024          40.054     72744960     18186240
       35520         2048          44.107    145489920     36372480
       35520         4096          76.056    290979840     72744960
       35520         8192         136.852    581959680    145489920
       35520        16384         278.950   1163919360    290979840
       38976            1           2.146        77952        19488
       38976            2          13.828       155904        38976
       38976            4           2.146       311808        77952
       38976            8           2.146       623616       155904
       38976           16          18.120      1247232       311808
       38976           32           1.907      2494464       623616
       38976           64           4.053      4988928      1247232
       38976          128           5.960      9977856      2494464
       38976          256          10.014     19955712      4988928
       38976          512          17.881     39911424      9977856
       38976         1024          32.902     79822848     19955712
       38976         2048          37.909    159645696     39911424
       38976         4096          80.109    319291392     79822848
       38976         8192         130.177    638582784    159645696
       38976        16384         363.111   1277165568    319291392
       42816            1           4.053        85632        21408
       42816            2          12.875       171264        42816
       42816            4           1.907       342528        85632
       42816            8          11.921       685056       171264
       42816           16          11.921      1370112       342528
       42816           32           3.815      2740224       685056
       42816           64           4.053      5480448      1370112
       42816          128           6.914     10960896      2740224
       42816          256          15.020     21921792      5480448
       42816          512          20.027     43843584     10960896
       42816         1024          36.955     87687168     21921792
       42816         2048          50.068    175374336     43843584
       42816         4096          77.009    350748672     87687168
       42816         8192         174.999    701497344    175374336
       42816        16384         361.919   1402994688    350748672
       47040            1           3.099        94080        23520
       47040            2          11.921       188160        47040
       47040            4           1.907       376320        94080
       47040            8           1.907       752640       188160
       47040           16           2.861      1505280       376320
       47040           32           5.007      3010560       752640
       47040           64           5.007      6021120      1505280
       47040          128           6.914     12042240      3010560
       47040          256          11.921     24084480      6021120
       47040          512          21.935     48168960     12042240
       47040         1024          44.107     96337920     24084480
       47040         2048          48.876    192675840     48168960
       47040         4096          97.990    385351680     96337920
       47040         8192         194.073    770703360    192675840
       47040        16384         389.099   1541406720    385351680
       51648            1           3.099       103296        25824
       51648            2          14.782       206592        51648
       51648            4           3.099       413184       103296
       51648            8          22.173       826368       206592
       51648           16           2.861      1652736       413184
       51648           32           3.099      3305472       826368
       51648           64           5.007      6610944      1652736
       51648          128           6.914     13221888      3305472
       51648          256          11.921     26443776      6610944
       51648          512          22.173     52887552     13221888
       51648         1024          39.816    105775104     26443776
       51648         2048          55.790    211550208     52887552
       51648         4096         110.149    423100416    105775104
       51648         8192         164.032    846200832    211550208
       51648        16384         396.967   1692401664    423100416
       56640            1           3.099       113280        28320
       56640            2          14.067       226560        56640
       56640            4           1.907       453120       113280
       56640            8           1.907       906240       226560
       56640           16           2.861      1812480       453120
       56640           32           2.146      3624960       906240
       56640           64           5.007      7249920      1812480
       56640          128           7.153     14499840      3624960
       56640          256          13.113     28999680      7249920
       56640          512          24.080     57999360     14499840
       56640         1024          43.869    115998720     28999680
       56640         2048          59.128    231997440     57999360
       56640         4096         113.964    463994880    115998720
       56640         8192         226.021    927989760    231997440
       56640        16384         414.133   1855979520    463994880
       62208            1           2.861       124416        31104
       62208            2           2.861       248832        62208
       62208            4          11.921       497664       124416
       62208            8           3.099       995328       248832
       62208           16           3.815      1990656       497664
       62208           32           3.099      3981312       995328
       62208           64           4.053      7962624      1990656
       62208          128           8.106     15925248      3981312
       62208          256          13.113     31850496      7962624
       62208          512          27.895     63700992     15925248
       62208         1024          36.955    127401984     31850496
       62208         2048          58.889    254803968     63700992
       62208         4096          97.990    509607936    127401984
       62208         8192         182.867   1019215872    254803968
       62208        16384         375.032   2038431744    509607936
       68352            1           3.099       136704        34176
       68352            2          15.020       273408        68352
       68352            4           1.907       546816       136704
       68352            8          11.921      1093632       273408
       68352           16           3.099      2187264       546816
       68352           32           3.099      4374528      1093632
       68352           64           5.960      8749056      2187264
       68352          128           7.868     17498112      4374528
       68352          256          15.020     34996224      8749056
       68352          512          28.133     69992448     17498112
       68352         1024          46.015    139984896     34996224
       68352         2048          58.889    279969792     69992448
       68352         4096         106.096    559939584    139984896
       68352         8192         200.033   1119879168    279969792
       75072            1           2.861       150144        37536
       75072            2          11.921       300288        75072
       75072            4           2.146       600576       150144
       75072            8          14.067      1201152       300288
       75072           16           2.861      2402304       600576
       75072           32           4.053      4804608      1201152
       75072           64           5.960      9609216      2402304
       75072          128           8.821     19218432      4804608
       75072          256          15.020     38436864      9609216
       75072          512          26.941     76873728     19218432
       75072         1024          49.114    153747456     38436864
       75072         2048          62.943    307494912     76873728
       75072         4096         117.064    614989824    153747456
       75072         8192         220.060   1229979648    307494912
       82560            1           3.099       165120        41280
       82560            2           2.861       330240        82560
       82560            4           2.861       660480       165120
       82560            8          11.921      1320960       330240
       82560           16           4.053      2641920       660480
       82560           32           4.053      5283840      1320960
       82560           64           6.199     10567680      2641920
       82560          128          28.133     21135360      5283840
       82560          256          18.120     42270720     10567680
       82560          512          32.187     84541440     21135360
       82560         1024          49.829    169082880     42270720
       82560         2048          67.949    338165760     84541440
       82560         4096         123.024    676331520    169082880
       82560         8192         234.842   1352663040    338165760
       90816            1           3.099       181632        45408
       90816            2           2.146       363264        90816
       90816            4           2.861       726528       181632
       90816            8          12.875      1453056       363264
       90816           16           3.099      2906112       726528
       90816           32           2.861      5812224      1453056
       90816           64           5.960     11624448      2906112
       90816          128          10.014     23248896      5812224
       90816          256          18.120     46497792     11624448
       90816          512          33.855     92995584     23248896
       90816         1024          45.061    185991168     46497792
       90816         2048          77.009    371982336     92995584
       90816         4096         159.979    743964672    185991168
       90816         8192         265.837   1487929344    371982336
       99840            1           3.099       199680        49920
       99840            2           2.146       399360        99840
       99840            4           3.099       798720       199680
       99840            8           3.099      1597440       399360
       99840           16           3.815      3194880       798720
       99840           32           4.053      6389760      1597440
       99840           64           5.960     12779520      3194880
       99840          128          10.967     25559040      6389760
       99840          256          17.881     51118080     12779520
       99840          512          32.187    102236160     25559040
       99840         1024          52.929    204472320     51118080
       99840         2048          83.923    408944640    102236160
       99840         4096         153.065    817889280    204472320
       99840         8192         308.990   1635778560    408944640
      109824            1           3.099       219648        54912
      109824            2           1.907       439296       109824
      109824            4          12.875       878592       219648
      109824            8           3.099      1757184       439296
      109824           16           3.099      3514368       878592
      109824           32           5.007      7028736      1757184
      109824           64           8.106     14057472      3514368
      109824          128          12.875     28114944      7028736
      109824          256          20.981     56229888     14057472
      109824          512          43.154    112459776     28114944
      109824         1024          48.876    224919552     56229888
      109824         2048          87.023    449839104    112459776
      109824         4096         168.085    899678208    224919552
      109824         8192         340.939   1799356416    449839104
      120768            1           4.053       241536        60384
      120768            2           1.907       483072       120768
      120768            4          11.921       966144       241536
      120768            8           3.099      1932288       483072
      120768           16           3.815      3864576       966144
      120768           32           5.007      7729152      1932288
      120768           64           7.868     15458304      3864576
      120768          128          12.159     30916608      7729152
      120768          256          23.842     61833216     15458304
      120768          512          42.200    123666432     30916608
      120768         1024          51.975    247332864     61833216
      120768         2048          92.030    494665728    123666432
      120768         4096         175.953    989331456    247332864
      120768         8192         359.058   1978662912    494665728
      132672            1           4.053       265344        66336
      132672            2           1.907       530688       132672
      132672            4           3.099      1061376       265344
      132672            8           1.907      2122752       530688
      132672           16          12.875      4245504      1061376
      132672           32           5.960      8491008      2122752
      132672           64           8.106     16982016      4245504
      132672          128          12.159     33964032      8491008
      132672          256          24.796     67928064     16982016
      132672          512          47.922    135856128     33964032
      132672         1024          55.075    271712256     67928064
      132672         2048         100.851    543424512    135856128
      132672         4096         196.934   1086849024    271712256
      145920            1           2.861       291840        72960
      145920            2           1.907       583680       145920
      145920            4          11.921      1167360       291840
      145920            8          12.875      2334720       583680
      145920           16          24.080      4669440      1167360
      145920           32           5.007      9338880      2334720
      145920           64           8.106     18677760      4669440
      145920          128          15.020     37355520      9338880
      145920          256          26.941     74711040     18677760
      145920          512          46.015    149422080     37355520
      145920         1024          62.943    298844160     74711040
      145920         2048         109.196    597688320    149422080
      145920         4096         222.206   1195376640    298844160
      160512            1           3.815       321024        80256
      160512            2           1.907       642048       160512
      160512            4          12.875      1284096       321024
      160512            8           3.099      2568192       642048
      160512           16           2.146      5136384      1284096
      160512           32           5.960     10272768      2568192
      160512           64           7.868     20545536      5136384
      160512          128          15.020     41091072     10272768
      160512          256          25.988     82182144     20545536
      160512          512          49.114    164364288     41091072
      160512         1024          64.850    328728576     82182144
      160512         2048         157.118    657457152    164364288
      160512         4096         236.988   1314914304    328728576
      176448            1           5.007       352896        88224
      176448            2           1.907       705792       176448
      176448            4          11.921      1411584       352896
      176448            8           3.099      2823168       705792
      176448           16           4.053      5646336      1411584
      176448           32           5.007     11292672      2823168
      176448           64           8.821     22585344      5646336
      176448          128          16.928     45170688     11292672
      176448          256          29.087     90341376     22585344
      176448          512          51.022    180682752     45170688
      176448         1024          72.002    361365504     90341376
      176448         2048         149.965    722731008    180682752
      176448         4096         283.957   1445462016    361365504
      193920            1           5.007       387840        96960
      193920            2           2.146       775680       193920
      193920            4          13.113      1551360       387840
      193920            8          12.875      3102720       775680
      193920           16           4.053      6205440      1551360
      193920           32           6.914     12410880      3102720
      193920           64          10.014     24821760      6205440
      193920          128          17.881     49643520     12410880
      193920          256          33.140     99287040     24821760
      193920          512          52.929    198574080     49643520
      193920         1024          77.963    397148160     99287040
      193920         2048         154.018    794296320    198574080
      193920         4096         307.083   1588592640    397148160
      213312            1           5.007       426624       106656
      213312            2          12.875       853248       213312
      213312            4           4.053      1706496       426624
      213312            8          11.921      3412992       853248
      213312           16           5.007      6825984      1706496
      213312           32           6.199     13651968      3412992
      213312           64          10.014     27303936      6825984
      213312          128          16.928     54607872     13651968
      213312          256          33.855    109215744     27303936
      213312          512          54.836    218431488     54607872
      213312         1024          84.162    436862976    109215744
      213312         2048         161.886    873725952    218431488
      213312         4096         313.997   1747451904    436862976
      234624            1           3.815       469248       117312
      234624            2          15.974       938496       234624
      234624            4           1.907      1876992       469248
      234624            8           4.053      3753984       938496
      234624           16           4.053      7507968      1876992
      234624           32           6.914     15015936      3753984
      234624           64          10.967     30031872      7507968
      234624          128          19.073     60063744     15015936
      234624          256          34.094    120127488     30031872
      234624          512          54.836    240254976     60063744
      234624         1024          92.030    480509952    120127488
      234624         2048         173.092    961019904    240254976
      234624         4096         341.892   1922039808    480509952
      258048            1           5.007       516096       129024
      258048            2           3.099      1032192       258048
      258048            4           2.861      2064384       516096
      258048            8           3.099      4128768      1032192
      258048           16           5.007      8257536      2064384
      258048           32           7.153     16515072      4128768
      258048           64          11.921     33030144      8257536
      258048          128          20.981     66060288     16515072
      258048          256          41.008    132120576     33030144
      258048          512          56.028    264241152     66060288
      258048         1024         102.043    528482304    132120576
      258048         2048         204.086   1056964608    264241152
      258048         4096         406.027   2113929216    528482304
      283776            1           5.007       567552       141888
      283776            2          12.159      1135104       283776
      283776            4           2.861      2270208       567552
      283776            8          14.067      4540416      1135104
      283776           16           5.007      9080832      2270208
      283776           32           7.153     18161664      4540416
      283776           64          11.921     36323328      9080832
      283776          128          24.080     72646656     18161664
      283776          256          45.776    145293312     36323328
      283776          512          58.889    290586624     72646656
      283776         1024         108.004    581173248    145293312
      283776         2048         209.093   1162346496    290586624
      312000            1           6.199       624000       156000
      312000            2           1.907      1248000       312000
      312000            4           4.053      2496000       624000
      312000            8           2.861      4992000      1248000
      312000           16           5.007      9984000      2496000
      312000           32           9.060     19968000      4992000
      312000           64          12.875     39936000      9984000
      312000          128          24.796     79872000     19968000
      312000          256          46.968    159744000     39936000
      312000          512          83.923    319488000     79872000
      312000         1024         122.070    638976000    159744000
      312000         2048         242.949   1277952000    319488000
      343104            1           5.007       686208       171552
      343104            2           1.907      1372416       343104
      343104            4           2.861      2744832       686208
      343104            8          11.921      5489664      1372416
      343104           16           5.960     10979328      2744832
      343104           32           9.060     21958656      5489664
      343104           64          15.974     43917312     10979328
      343104          128          29.087     87834624     21958656
      343104          256          49.829    175669248     43917312
      343104          512          77.963    351338496     87834624
      343104         1024         154.018    702676992    175669248
      343104         2048         253.916   1405353984    351338496
      377280            1           6.914       754560       188640
      377280            2           2.861      1509120       377280
      377280            4           2.861      3018240       754560
      377280            8          14.067      6036480      1509120
      377280           16           6.914     12072960      3018240
      377280           32           9.060     24145920      6036480
      377280           64          16.928     48291840     12072960
      377280          128          30.041     96583680     24145920
      377280          256          51.022    193167360     48291840
      377280          512          83.923    386334720     96583680
      377280         1024         145.912    772669440    193167360
      377280         2048         301.838   1545338880    386334720
      414912            1           5.960       829824       207456
      414912            2          13.828      1659648       414912
      414912            4          14.067      3319296       829824
      414912            8           3.815      6638592      1659648
      414912           16           5.007     13277184      3319296
      414912           32          10.967     26554368      6638592
      414912           64          18.120     53108736     13277184
      414912          128          30.041    106217472     26554368
      414912          256          53.883    212434944     53108736
      414912          512          87.023    424869888    106217472
      414912         1024         162.125    849739776    212434944
      414912         2048         325.918   1699479552    424869888
      456384            1           5.960       912768       228192
      456384            2           2.861      1825536       456384
      456384            4          15.020      3651072       912768
      456384            8           5.007      7302144      1825536
      456384           16           6.914     14604288      3651072
      456384           32          10.967     29208576      7302144
      456384           64          19.073     58417152     14604288
      456384          128          37.909    116834304     29208576
      456384          256          50.068    233668608     58417152
      456384          512          93.937    467337216    116834304
      456384         1024         173.092    934674432    233668608
      456384         2048         334.024   1869348864    467337216
      501888            1           6.914      1003776       250944
      501888            2           4.053      2007552       501888
      501888            4           3.099      4015104      1003776
      501888            8           5.007      8030208      2007552
      501888           16           5.960     16060416      4015104
      501888           32          11.921     32120832      8030208
      501888           64          22.888     64241664     16060416
      501888          128          42.200    128483328     32120832
      501888          256          52.929    256966656     64241664
      501888          512         103.951    513933312    128483328
      501888         1024         189.066   1027866624    256966656
      501888         2048         375.032   2055733248    513933312
      552000            1           7.868      1104000       276000
      552000            2          15.974      2208000       552000
      552000            4          11.921      4416000      1104000
      552000            8           5.007      8832000      2208000
      552000           16           7.868     17664000      4416000
      552000           32          12.875     35328000      8832000
      552000           64          24.080     70656000     17664000
      552000          128          46.015    141312000     35328000
      552000          256          58.889    282624000     70656000
      552000          512         108.004    565248000    141312000
      552000         1024         210.047   1130496000    282624000
      607104            1           8.106      1214208       303552
      607104            2           2.146      2428416       607104
      607104            4          12.159      4856832      1214208
      607104            8           5.007      9713664      2428416
      607104           16           9.060     19427328      4856832
      607104           32          14.067     38854656      9713664
      607104           64          25.034     77709312     19427328
      607104          128          63.896    155418624     38854656
      607104          256          63.181    310837248     77709312
      607104          512         119.925    621674496    155418624
      607104         1024         229.120   1243348992    310837248
      667776            1           8.821      1335552       333888
      667776            2           2.861      2671104       667776
      667776            4          15.020      5342208      1335552
      667776            8           5.007     10684416      2671104
      667776           16           6.914     21368832      5342208
      667776           32          15.020     42737664     10684416
      667776           64          26.941     85475328     21368832
      667776          128          47.922    170950656     42737664
      667776          256          69.141    341901312     85475328
      667776          512         128.984    683802624    170950656
      667776         1024         272.036   1367605248    341901312
      734400            1          10.014      1468800       367200
      734400            2          12.875      2937600       734400
      734400            4           3.099      5875200      1468800
      734400            8           5.960     11750400      2937600
      734400           16          10.014     23500800      5875200
      734400           32          17.881     47001600     11750400
      734400           64          29.087     94003200     23500800
      734400          128          51.022    188006400     47001600
      734400          256          74.863    376012800     94003200
      734400          512         145.197    752025600    188006400
      734400         1024         296.116   1504051200    376012800
      807744            1          10.014      1615488       403872
      807744            2          17.881      3230976       807744
      807744            4           4.053      6461952      1615488
      807744            8           5.960     12923904      3230976
      807744           16          12.875     25847808      6461952
      807744           32          19.073     51695616     12923904
      807744           64          36.955    103391232     25847808
      807744          128          56.982    206782464     51695616
      807744          256          85.115    413564928    103391232
      807744          512         155.926    827129856    206782464
      807744         1024         298.023   1654259712    413564928
      888384            1          10.967      1776768       444192
      888384            2           3.099      3553536       888384
      888384            4           5.960      7107072      1776768
      888384            8           8.106     14214144      3553536
      888384           16          16.928     28428288      7107072
      888384           32          30.994     56856576     14214144
      888384           64          58.889    113713152     28428288
      888384          128         102.043    227426304     56856576
      888384          256         195.026    454852608    113713152
      888384          512         385.046    909705216    227426304
      888384         1024         777.960   1819410432    454852608
      977088            1          11.921      1954176       488544
      977088            2           4.053      3908352       977088
      977088            4           6.914      7816704      1954176
      977088            8          10.967     15633408      3908352
      977088           16          19.073     31266816      7816704
      977088           32          35.048     62533632     15633408
      977088           64          81.778    125067264     31266816
      977088          128         110.865    250134528     62533632
      977088          256         215.054    500269056    125067264
      977088          512         422.955   1000538112    250134528
      977088         1024         856.161   2001076224    500269056
     1074624            1          12.875      2149248       537312
     1074624            2           5.007      4298496      1074624
     1074624            4           5.960      8596992      2149248
     1074624            8          11.921     17193984      4298496
     1074624           16          19.073     34387968      8596992
     1074624           32          36.001     68775936     17193984
     1074624           64          69.141    137551872     34387968
     1074624          128         139.952    275103744     68775936
     1074624          256         236.988    550207488    137551872
     1074624          512         463.963   1100414976    275103744
     1181952            1          14.067      2363904       590976
     1181952            2           4.053      4727808      1181952
     1181952            4          15.974      9455616      2363904
     1181952            8          11.921     18911232      4727808
     1181952           16          40.054     37822464      9455616
     1181952           32          40.054     75644928     18911232
     1181952           64          73.910    151289856     37822464
     1181952          128         132.084    302579712     75644928
     1181952          256         257.969    605159424    151289856
     1181952          512         524.044   1210318848    302579712
     1300032            1          15.020      2600064       650016
     1300032            2           3.815      5200128      1300032
     1300032            4           7.153     10400256      2600064
     1300032            8          13.113     20800512      5200128
     1300032           16          21.935     41601024     10400256
     1300032           32          43.154     83202048     20800512
     1300032           64          77.009    166404096     41601024
     1300032          128         152.826    332808192     83202048
     1300032          256         303.030    665616384    166404096
     1300032          512         578.880   1331232768    332808192
     1430016            1          17.166      2860032       715008
     1430016            2          15.020      5720064      1430016
     1430016            4           7.868     11440128      2860032
     1430016            8          15.020     22880256      5720064
     1430016           16          25.034     45760512     11440128
     1430016           32          50.068     91521024     22880256
     1430016           64          84.877    183042048     45760512
     1430016          128         168.085    366084096     91521024
     1430016          256         309.944    732168192    183042048
     1430016          512         615.120   1464336384    366084096
     1572864            1          27.180      3145728       786432
     1572864            2          15.974      6291456      1572864
     1572864            4           8.106     12582912      3145728
     1572864            8          15.974     25165824      6291456
     1572864           16          25.988     50331648     12582912
     1572864           32          51.975    100663296     25165824
     1572864           64          93.222    201326592     50331648
     1572864          128         182.867    402653184    100663296
     1572864          256         365.019    805306368    201326592
     1572864          512         691.175   1610612736    402653184
     1730112            1          32.187      3460224       865056
     1730112            2           5.007      6920448      1730112
     1730112            4           8.821     13840896      3460224
     1730112            8          16.928     27681792      6920448
     1730112           16          27.895     55363584     13840896
     1730112           32          56.982    110727168     27681792
     1730112           64         119.925    221454336     55363584
     1730112          128         191.212    442908672    110727168
     1730112          256         375.032    885817344    221454336
     1730112          512         758.886   1771634688    442908672
     1903104            1          21.935      3806208       951552
     1903104            2           6.914      7612416      1903104
     1903104            4          10.014     15224832      3806208
     1903104            8          17.881     30449664      7612416
     1903104           16          30.994     60899328     15224832
     1903104           32          61.989    121798656     30449664
     1903104           64         112.057    243597312     60899328
     1903104          128         236.034    487194624    121798656
     1903104          256         411.987    974389248    243597312
     1903104          512         831.127   1948778496    487194624
     2093376            1          36.001      4186752      1046688
     2093376            2           5.960      8373504      2093376
     2093376            4          10.014     16747008      4186752
     2093376            8          18.835     33494016      8373504
     2093376           16          36.001     66988032     16747008
     2093376           32          66.042    133976064     33494016
     2093376           64         123.978    267952128     66988032
     2093376          128         262.976    535904256    133976064
     2093376          256         452.995   1071808512    267952128
     2093376          512         913.143   2143617024    535904256
     2302656            1          36.001      4605312      1151328
     2302656            2           6.914      9210624      2302656
     2302656            4          10.967     18421248      4605312
     2302656            8          20.027     36842496      9210624
     2302656           16          38.862     73684992     18421248
     2302656           32          70.810    147369984     36842496
     2302656           64         137.091    294739968     73684992
     2302656          128         276.089    589479936    147369984
     2302656          256         498.056   1178959872    294739968
     2532864            1          36.955      5065728      1266432
     2532864            2           7.153     10131456      2532864
     2532864            4          10.967     20262912      5065728
     2532864            8          22.173     40525824     10131456
     2532864           16          41.962     81051648     20262912
     2532864           32          77.963    162103296     40525824
     2532864           64         159.979    324206592     81051648
     2532864          128         275.135    648413184    162103296
     2532864          256         544.071   1296826368    324206592
     2786112            1          38.147      5572224      1393056
     2786112            2           7.153     11144448      2786112
     2786112            4          12.875     22288896      5572224
     2786112            8          24.080     44577792     11144448
     2786112           16          44.823     89155584     22288896
     2786112           32          82.016    178311168     44577792
     2786112           64         159.979    356622336     89155584
     2786112          128         319.004    713244672    178311168
     2786112          256         618.935   1426489344    356622336
     3064704            1          36.001      6129408      1532352
     3064704            2           8.106     12258816      3064704
     3064704            4          13.828     24517632      6129408
     3064704            8          25.988     49035264     12258816
     3064704           16          51.022     98070528     24517632
     3064704           32          90.122    196141056     49035264
     3064704           64         177.860    392282112     98070528
     3064704          128         352.144    784564224    196141056
     3064704          256         658.035   1569128448    392282112
     3371136            1          51.022      6742272      1685568
     3371136            2           8.106     13484544      3371136
     3371136            4          14.782     26969088      6742272
     3371136            8          25.988     53938176     13484544
     3371136           16          53.167    107876352     26969088
     3371136           32          97.036    215752704     53938176
     3371136           64         191.927    431505408    107876352
     3371136          128         381.947    863010816    215752704
     3371136          256         740.051   1726021632    431505408
     3708096            1          52.929      7416192      1854048
     3708096            2           8.821     14832384      3708096
     3708096            4          16.212     29664768      7416192
     3708096            8          29.087     59329536     14832384
     3708096           16          58.889    118659072     29664768
     3708096           32         123.978    237318144     59329536
     3708096           64         213.861    474636288    118659072
     3708096          128         403.166    949272576    237318144
     3708096          256         810.862   1898545152    474636288
     4078848            1          51.975      8157696      2039424
     4078848            2          10.014     16315392      4078848
     4078848            4          17.881     32630784      8157696
     4078848            8          33.140     65261568     16315392
     4078848           16          65.804    130523136     32630784
     4078848           32         117.064    261046272     65261568
     4078848           64         245.094    522092544    130523136
     4078848          128         441.074   1044185088    261046272
     4078848          256         888.824   2088370176    522092544
     4486656            1          55.075      8973312      2243328
     4486656            2          11.206     17946624      4486656
     4486656            4          20.027     35893248      8973312
     4486656            8          37.193     71786496     17946624
     4486656           16          69.857    143572992     35893248
     4486656           32         148.058    287145984     71786496
     4486656           64         247.955    574291968    143572992
     4486656          128         486.851   1148583936    287145984
     4935168            1          59.128      9870336      2467584
     4935168            2          12.159     19740672      4935168
     4935168            4          22.173     39481344      9870336
     4935168            8          41.008     78962688     19740672
     4935168           16          94.891    157925376     39481344
     4935168           32         137.806    315850752     78962688
     4935168           64         267.982    631701504    157925376
     4935168          128         547.886   1263403008    315850752
     5428608            1          64.135     10857216      2714304
     5428608            2          12.875     21714432      5428608
     5428608            4          24.080     43428864     10857216
     5428608            8          44.823     86857728     21714432
     5428608           16          81.062    173715456     43428864
     5428608           32         151.157    347430912     86857728
     5428608           64         300.884    694861824    173715456
     5428608          128         602.007   1389723648    347430912
     5971392            1          70.095     11942784      2985696
     5971392            2          13.828     23885568      5971392
     5971392            4          25.988     47771136     11942784
     5971392            8          48.161     95542272     23885568
     5971392           16          84.877    191084544     47771136
     5971392           32         166.178    382169088     95542272
     5971392           64         341.892    764338176    191084544
     5971392          128         640.154   1528676352    382169088
     6568512            1          69.857     13137024      3284256
     6568512            2          15.020     26274048      6568512
     6568512            4          28.133     52548096     13137024
     6568512            8          52.929    105096192     26274048
     6568512           16          92.030    210192384     52548096
     6568512           32         182.152    420384768    105096192
     6568512           64         362.158    840769536    210192384
     6568512          128         720.024   1681539072    420384768
     7225344            1          83.208     14450688      3612672
     7225344            2          15.974     28901376      7225344
     7225344            4          30.041     57802752     14450688
     7225344            8          57.936    115605504     28901376
     7225344           16         121.117    231211008     57802752
     7225344           32         196.934    462422016    115605504
     7225344           64         388.861    924844032    231211008
     7225344          128         787.020   1849688064    462422016
     7947840            1          87.023     15895680      3973920
     7947840            2          16.928     31791360      7947840
     7947840            4          31.948     63582720     15895680
     7947840            8          63.181    127165440     31791360
     7947840           16         110.865    254330880     63582720
     7947840           32         239.134    508661760    127165440
     7947840           64         427.961   1017323520    254330880
     7947840          128         864.983   2034647040    508661760
     8742528            1          92.983     17485056      4371264
     8742528            2          18.835     34970112      8742528
     8742528            4          35.048     69940224     17485056
     8742528            8          66.996    139880448     34970112
     8742528           16         122.070    279760896     69940224
     8742528           32         242.949    559521792    139880448
     8742528           64         492.096   1119043584    279760896
     9616704            1         108.004     19233408      4808352
     9616704            2          20.027     38466816      9616704
     9616704            4          37.193     76933632     19233408
     9616704            8          72.956    153867264     38466816
     9616704           16         135.899    307734528     76933632
     9616704           32         282.049    615469056    153867264
     9616704           64         519.991   1230938112    307734528
    10578240            1         113.964     21156480      5289120
    10578240            2          21.935     42312960     10578240
    10578240            4          41.962     84625920     21156480
    10578240            8          79.155    169251840     42312960
    10578240           16         173.807    338503680     84625920
    10578240           32         288.010    677007360    169251840
    10578240           64         566.959   1354014720    338503680
    11635968            1         148.058     23271936      5817984
    11635968            2          25.034     46543872     11635968
    11635968            4          46.015     93087744     23271936
    11635968            8          86.069    186175488     46543872
    11635968           16         160.933    372350976     93087744
    11635968           32         315.905    744701952    186175488
    11635968           64         641.108   1489403904    372350976
    12799488            1         140.905     25598976      6399744
    12799488            2          27.180     51197952     12799488
    12799488            4          50.068    102395904     25598976
    12799488            8          93.937    204791808     51197952
    12799488           16         175.953    409583616    102395904
    12799488           32         366.926    819167232    204791808
    12799488           64         685.930   1638334464    409583616
    14079360            1         144.005     28158720      7039680
    14079360            2          35.048     56317440     14079360
    14079360            4          59.843    112634880     28158720
    14079360            8         119.209    225269760     56317440
    14079360           16         233.889    450539520    112634880
    14079360           32         483.036    901079040    225269760
    14079360           64         945.091   1802158080    450539520
    15487296            1         177.860     30974592      7743648
    15487296            2          41.962     61949184     15487296
    15487296            4          66.042    123898368     30974592
    15487296            8         129.938    247796736     61949184
    15487296           16         257.015    495593472    123898368
    15487296           32         523.090    991186944    247796736
    15487296           64        1038.074   1982373888    495593472
    17035968            1         176.907     34071936      8517984
    17035968            2          42.915     68143872     17035968
    17035968            4          70.810    136287744     34071936
    17035968            8         142.097    272575488     68143872
    17035968           16         284.910    545150976    136287744
    17035968           32         588.179   1090301952    272575488
    18739392            1         217.199     37478784      9369696
    18739392            2          51.975     74957568     18739392
    18739392            4          82.970    149915136     37478784
    18739392            8         159.025    299830272     74957568
    18739392           16         308.990    599660544    149915136
    18739392           32         631.094   1199321088    299830272
    20613312            1         217.199     41226624     10306656
    20613312            2          52.929     82453248     20613312
    20613312            4         109.196    164906496     41226624
    20613312            8         150.919    329812992     82453248
    20613312           16         287.056    659625984    164906496
    20613312           32         581.026   1319251968    329812992
    22674624            1         217.915     45349248     11337312
    22674624            2          61.035     90698496     22674624
    22674624            4          92.030    181396992     45349248
    22674624            8         163.078    362793984     90698496
    22674624           16         316.143    725587968    181396992
    22674624           32         642.061   1451175936    362793984
    24941952            1         229.836     49883904     12470976
    24941952            2          75.817     99767808     24941952
    24941952            4         127.792    199535616     49883904
    24941952            8         190.973    399071232     99767808
    24941952           16         355.959    798142464    199535616
    24941952           32         730.991   1596284928    399071232
    27436032            1         174.046     54872064     13718016
    27436032            2          95.129    109744128     27436032
    27436032            4         133.038    219488256     54872064
    27436032            8         242.949    438976512    109744128
    27436032           16         499.964    877953024    219488256
    27436032           32         962.973   1755906048    438976512
    30179520            1         154.972     60359040     15089760
    30179520            2         113.964    120718080     30179520
    30179520            4         202.894    241436160     60359040
    30179520            8         359.774    482872320    120718080
    30179520           16         690.937    965744640    241436160
    30179520           32        1337.051   1931489280    482872320
    33197376            1         149.965     66394752     16598688
    33197376            2         138.998    132789504     33197376
    33197376            4         262.022    265579008     66394752
    33197376            8         466.108    531158016    132789504
    33197376           16         936.031   1062316032    265579008
    33197376           32        1842.022   2124632064    531158016
    36517056            1         179.052     73034112     18258528
    36517056            2         163.078    146068224     36517056
    36517056            4         307.083    292136448     73034112
    36517056            8         569.820    584272896    146068224
    36517056           16        1148.939   1168545792    292136448
    40168704            1         180.006     80337408     20084352
    40168704            2         200.033    160674816     40168704
    40168704            4         330.925    321349632     80337408
    40168704            8         669.003    642699264    160674816
    40168704           16        1308.918   1285398528    321349632
    44185536            1         221.968     88371072     22092768
    44185536            2         214.815    176742144     44185536
    44185536            4         385.046    353484288     88371072
    44185536            8         744.820    706968576    176742144
    44185536           16        1466.036   1413937152    353484288
    48604032            1         229.120     97208064     24302016
    48604032            2         241.041    194416128     48604032
    48604032            4         424.147    388832256     97208064
    48604032            8         823.021    777664512    194416128
    48604032           16        1625.776   1555329024    388832256
    53464320            1         261.068    106928640     26732160
    53464320            2         289.917    213857280     53464320
    53464320            4         469.923    427714560    106928640
    53464320            8         911.951    855429120    213857280
    53464320           16        1893.997   1710858240    427714560
    58810752            1         295.877    117621504     29405376
    58810752            2         344.992    235243008     58810752
    58810752            4         550.985    470486016    117621504
    58810752            8        1135.111    940972032    235243008
    58810752           16        2215.862   1881944064    470486016
    64691712            1         364.065    129383424     32345856
    64691712            2         432.014    258766848     64691712
    64691712            4         679.016    517533696    129383424
    64691712            8        1332.998   1035067392    258766848
    64691712           16        2645.969   2070134784    517533696
    71160768            1         426.054    142321536     35580384
    71160768            2         597.000    284643072     71160768
    71160768            4         911.951    569286144    142321536
    71160768            8        1758.099   1138572288    284643072
    78276672            1         481.844    156553344     39138336
    78276672            2         776.052    313106688     78276672
    78276672            4        1233.101    626213376    156553344
    78276672            8        2400.160   1252426752    313106688
    86104320            1         565.052    172208640     43052160
    86104320            2         962.019    344417280     86104320
    86104320            4        1609.087    688834560    172208640
    86104320            8        3123.045   1377669120    344417280
    94714752            1         651.121    189429504     47357376
    94714752            2        1124.144    378859008     94714752
    94714752            4        2031.088    757718016    189429504
    94714752            8        3977.060   1515436032    378859008
   104186112            1         760.078    208372224     52093056
   104186112            2        1340.151    416744448    104186112
   104186112            4        2468.109    833488896    208372224
   104186112            8        4928.112   1666977792    416744448
   114604608            1         849.962    229209216     57302304
   114604608            2        1538.038    458418432    114604608
   114604608            4        2940.893    916836864    229209216
   114604608            8        5888.939   1833673728    458418432
   126064896            1         962.019    252129792     63032448
   126064896            2        1796.007    504259584    126064896
   126064896            4        3461.838   1008519168    252129792
   126064896            8        6923.914   2017038336    504259584
   138671232            1        1121.998    277342464     69335616
   138671232            2        2103.090    554684928    138671232
   138671232            4        3979.921   1109369856    277342464
   152538240            1        1284.122    305076480     76269120
   152538240            2        2357.960    610152960    152538240
   152538240            4        4630.804   1220305920    305076480
   167792064            1        1410.961    335584128     83896032
   167792064            2        2712.011    671168256    167792064
   167792064            4        5250.931   1342336512    335584128
   184571136            1        1575.947    369142272     92285568
   184571136            2        3046.036    738284544    184571136
   184571136            4        5964.041   1476569088    369142272
   203028096            1        1797.915    406056192    101514048
   203028096            2        3447.056    812112384    203028096
   203028096            4        6744.146   1624224768    406056192
   223330752            1        2009.869    446661504    111665376
   223330752            2        3872.871    893323008    223330752
   223330752            4        7616.997   1786646016    446661504
   245663808            1        2257.109    491327616    122831904
   245663808            2        4376.888    982655232    245663808
   245663808            4        8615.971   1965310464    491327616
   270230016            1        2511.024    540460032    135115008
   270230016            2        4904.985   1080920064    270230016
   297252864            1        2792.835    594505728    148626432
   297252864            2        5427.122   1189011456    297252864
   326978112            1        3132.105    653956224    163489056
   326978112            2        6115.913   1307912448    326978112
   359675904            1        3472.805    719351808    179837952
   359675904            2        6862.164   1438703616    359675904
   395643456            1        3885.031    791286912    197821728
   395643456            2        7680.178   1582573824    395643456
   435207744            1        4278.183    870415488    217603872
   435207744            2        8463.860   1740830976    435207744
   478728384            1        4789.114    957456768    239364192
   478728384            2        9454.966   1914913536    478728384
   526601088            1        5302.906   1053202176    263300544
   526601088            2       10490.894   2106404352    526601088
   579261120            1        5834.103   1158522240    289630560
   637187136            1        6464.958   1274374272    318593568
   700905792            1        7109.880   1401811584    350452896
   770996352            1        7866.859   1541992704    385498176
   848095872            1        8687.973   1696191744    424047936
   932905344            1        9577.036   1865810688    466452672
  1026195840            1       10585.070   2052391680    513097920

META_DATA
FLOPS          4
MPI_PROCS      1
OPENMP_THREADS 24
ERT_VERSION  1.1.0
HOSTNAME  ('deepv.deep', [], ['10.2.8.6'])
UNAME  uname_result(system='Linux', node='deepv', release='4.18.0-372.32.1.el8_6.x86_64', version='#1 SMP Thu Oct 27 15:18:36 UTC 2022', machine='x86_64')
TIMESTAMP_DATA  1673470097.1366549
CONFIG  {'ERT_RESULTS': ['Results.cn.deep.fz-juelich.de.01'], 'ERT_DRIVER': ['driver1'], 'ERT_KERNEL': ['kernel1'], 'ERT_MPI': ['True'], 'ERT_MPI_CFLAGS': ['-I', '/p/deep/software/skylake/Stages/2022/software/psmpi/5.5.0-1-intel-compilers-2021.4.0/include'], 'ERT_MPI_LDFLAGS': ['-L', '/p/deep/software/skylake/Stages/2022/software/psmpi/5.5.0-1-intel-compilers-2021.4.0/lib', '-lmpi'], 'ERT_OPENMP': ['True'], 'ERT_OPENMP_CFLAGS': ['-qopenmp'], 'ERT_OPENMP_LDFLAGS': ['-qopenmp'], 'ERT_FLOPS': ['1,2,4,8,16,64,128'], 'ERT_ALIGN': ['64'], 'ERT_CC': ['icpc'], 'ERT_CFLAGS': ['-O3', '-fno-alias', '-fno-fnalias', '-xCore-AVX512', '-qopt-zmm-usage=high', '-DERT_INTEL'], 'ERT_LD': ['icpc'], 'ERT_LDFLAGS': [], 'ERT_LDLIBS': [], 'ERT_PRECISION': ['FP64'], 'ERT_RUN': ['export', 'OMP_NUM_THREADS=ERT_OPENMP_THREADS;', 'export', 'OMP_PLACES="cores";', 'srun', '-p', 'dp-cn', '-n', 'ERT_MPI_PROCS', '-c', '48', '--ntasks-per-node', '1', 'ERT_CODE'], 'ERT_PROCS_THREADS': ['24'], 'ERT_MPI_PROCS': ['1'], 'ERT_OPENMP_THREADS': ['24'], 'ERT_NUM_EXPERIMENTS': ['5'], 'ERT_MEMORY_MAX': ['1073741824'], 'ERT_WORKING_SET_MIN': ['128'], 'ERT_TRIALS_MIN': ['1'], 'ERT_GNUPLOT': ['gnuplot'], 'ERT_GPU': [False], 'ERT_HIP': [False], 'ERT_OCL': [False], 'ERT_SYCL': [False], 'ERT_WSS_MULT': [1.1]}
