fp64
       24576            1           2.861        49152        12288
       24576            2           0.954        98304        24576
       24576            4           1.907       196608        49152
       24576            8           1.907       393216        98304
       24576           16          11.921       786432       196608
       24576           32           3.099      1572864       393216
       24576           64           3.815      3145728       786432
       24576          128           4.053      6291456      1572864
       24576          256           5.960     12582912      3145728
       24576          512          10.014     25165824      6291456
       24576         1024          19.073     50331648     12582912
       24576         2048          46.968    100663296     25165824
       24576         4096          54.121    201326592     50331648
       24576         8192         102.043    402653184    100663296
       24576        16384         167.847    805306368    201326592
       24576        32768         291.824   1610612736    402653184
       26880            1           3.099        53760        13440
       26880            2           5.007       107520        26880
       26880            4           2.861       215040        53760
       26880            8          12.159       430080       107520
       26880           16           6.914       860160       215040
       26880           32          13.113      1720320       430080
       26880           64           2.861      3440640       860160
       26880          128           5.007      6881280      1720320
       26880          256           8.106     13762560      3440640
       26880          512          15.974     27525120      6881280
       26880         1024          25.034     55050240     13762560
       26880         2048          51.022    110100480     27525120
       26880         4096          59.128    220200960     55050240
       26880         8192         102.997    440401920    110100480
       26880        16384         199.080    880803840    220200960
       26880        32768         411.034   1761607680    440401920
       29568            1           3.099        59136        14784
       29568            2           2.146       118272        29568
       29568            4           1.907       236544        59136
       29568            8           2.146       473088       118272
       29568           16          10.014       946176       236544
       29568           32          20.981      1892352       473088
       29568           64           3.099      3784704       946176
       29568          128           5.960      7569408      1892352
       29568          256          10.014     15138816      3784704
       29568          512          16.928     30277632      7569408
       29568         1024          31.948     60555264     15138816
       29568         2048          60.081    121110528     30277632
       29568         4096          68.903    242221056     60555264
       29568         8192         108.004    484442112    121110528
       29568        16384         205.040    968884224    242221056
       29568        32768         412.941   1937768448    484442112
       32448            1           4.053        64896        16224
       32448            2           2.146       129792        32448
       32448            4           2.146       259584        64896
       32448            8           2.146       519168       129792
       32448           16          12.875      1038336       259584
       32448           32           3.099      2076672       519168
       32448           64           4.053      4153344      1038336
       32448          128           5.960      8306688      2076672
       32448          256          10.014     16613376      4153344
       32448          512          19.073     33226752      8306688
       32448         1024          32.902     66453504     16613376
       32448         2048          65.088    132907008     33226752
       32448         4096          72.956    265814016     66453504
       32448         8192         147.104    531628032    132907008
       32448        16384         283.003   1063256064    265814016
       32448        32768         451.088   2126512128    531628032
       35520            1           1.907        71040        17760
       35520            2           1.907       142080        35520
       35520            4           1.907       284160        71040
       35520            8           1.907       568320       142080
       35520           16          13.113      1136640       284160
       35520           32           3.099      2273280       568320
       35520           64           5.960      4546560      1136640
       35520          128           6.914      9093120      2273280
       35520          256          10.967     18186240      4546560
       35520          512          18.120     36372480      9093120
       35520         1024          40.054     72744960     18186240
       35520         2048          57.936    145489920     36372480
       35520         4096          84.877    290979840     72744960
       35520         8192         137.091    581959680    145489920
       35520        16384         262.976   1163919360    290979840
       38976            1           2.146        77952        19488
       38976            2           3.099       155904        38976
       38976            4           1.907       311808        77952
       38976            8           2.861       623616       155904
       38976           16           1.907      1247232       311808
       38976           32           3.099      2494464       623616
       38976           64          14.067      4988928      1247232
       38976          128           5.007      9977856      2494464
       38976          256          10.014     19955712      4988928
       38976          512          15.974     39911424      9977856
       38976         1024          31.948     79822848     19955712
       38976         2048          60.081    159645696     39911424
       38976         4096          64.850    319291392     79822848
       38976         8192         121.832    638582784    159645696
       38976        16384         230.789   1277165568    319291392
       42816            1           2.861        85632        21408
       42816            2           1.907       171264        42816
       42816            4           1.907       342528        85632
       42816            8           3.099       685056       171264
       42816           16           0.954      1370112       342528
       42816           32          15.974      2740224       685056
       42816           64           5.007      5480448      1370112
       42816          128           6.914     10960896      2740224
       42816          256           7.868     21921792      5480448
       42816          512          20.027     43843584     10960896
       42816         1024          30.994     87687168     21921792
       42816         2048          56.982    175374336     43843584
       42816         4096          95.129    350748672     87687168
       42816         8192         144.958    701497344    175374336
       42816        16384         350.952   1402994688    350748672
       47040            1           2.861        94080        23520
       47040            2          10.967       188160        47040
       47040            4           3.099       376320        94080
       47040            8          13.113       752640       188160
       47040           16           2.861      1505280       376320
       47040           32           4.053      3010560       752640
       47040           64           5.007      6021120      1505280
       47040          128           6.914     12042240      3010560
       47040          256          11.921     24084480      6021120
       47040          512          20.981     48168960     12042240
       47040         1024          39.101     96337920     24084480
       47040         2048          63.896    192675840     48168960
       47040         4096         102.997    385351680     96337920
       47040         8192         193.834    770703360    192675840
       47040        16384         405.073   1541406720    385351680
       51648            1           4.053       103296        25824
       51648            2           1.907       206592        51648
       51648            4           2.146       413184       103296
       51648            8          12.159       826368       206592
       51648           16          11.921      1652736       413184
       51648           32           4.053      3305472       826368
       51648           64           4.053      6610944      1652736
       51648          128           6.914     13221888      3305472
       51648          256          10.967     26443776      6610944
       51648          512          21.219     52887552     13221888
       51648         1024          33.855    105775104     26443776
       51648         2048          59.128    211550208     52887552
       51648         4096         109.911    423100416    105775104
       51648         8192         159.025    846200832    211550208
       51648        16384         365.019   1692401664    423100416
       56640            1           3.099       113280        28320
       56640            2           0.954       226560        56640
       56640            4           2.861       453120       113280
       56640            8           1.907       906240       226560
       56640           16           4.053      1812480       453120
       56640           32           2.861      3624960       906240
       56640           64           4.053      7249920      1812480
       56640          128           7.868     14499840      3624960
       56640          256          11.921     28999680      7249920
       56640          512          22.888     57999360     14499840
       56640         1024          39.101    115998720     28999680
       56640         2048          68.903    231997440     57999360
       56640         4096         113.964    463994880    115998720
       56640         8192         180.960    927989760    231997440
       56640        16384         368.118   1855979520    463994880
       62208            1           2.861       124416        31104
       62208            2           2.146       248832        62208
       62208            4          11.921       497664       124416
       62208            8           1.907       995328       248832
       62208           16           2.861      1990656       497664
       62208           32           3.099      3981312       995328
       62208           64           5.007      7962624      1990656
       62208          128           7.153     15925248      3981312
       62208          256          11.921     31850496      7962624
       62208          512          23.127     63700992     15925248
       62208         1024          38.862    127401984     31850496
       62208         2048          61.035    254803968     63700992
       62208         4096         106.096    509607936    127401984
       62208         8192         203.848   1019215872    254803968
       62208        16384         360.012   2038431744    509607936
       68352            1           2.146       136704        34176
       68352            2           3.099       273408        68352
       68352            4           0.954       546816       136704
       68352            8          11.921      1093632       273408
       68352           16           2.146      2187264       546816
       68352           32           3.815      4374528      1093632
       68352           64           5.007      8749056      2187264
       68352          128           8.106     17498112      4374528
       68352          256          15.020     34996224      8749056
       68352          512          28.133     69992448     17498112
       68352         1024          45.061    139984896     34996224
       68352         2048          65.804    279969792     69992448
       68352         4096         125.885    559939584    139984896
       68352         8192         205.040   1119879168    279969792
       75072            1           2.861       150144        37536
       75072            2           1.907       300288        75072
       75072            4          14.067       600576       150144
       75072            8           1.907      1201152       300288
       75072           16           3.099      2402304       600576
       75072           32           3.815      4804608      1201152
       75072           64           5.007      9609216      2402304
       75072          128           7.868     19218432      4804608
       75072          256          14.067     38436864      9609216
       75072          512          26.941     76873728     19218432
       75072         1024          49.829    153747456     38436864
       75072         2048          62.943    307494912     76873728
       75072         4096         114.918    614989824    153747456
       75072         8192         241.041   1229979648    307494912
       82560            1           3.099       165120        41280
       82560            2          15.974       330240        82560
       82560            4           1.907       660480       165120
       82560            8           2.861      1320960       330240
       82560           16           3.099      2641920       660480
       82560           32           4.053      5283840      1320960
       82560           64           5.007     10567680      2641920
       82560          128           8.821     21135360      5283840
       82560          256          16.212     42270720     10567680
       82560          512          31.948     84541440     21135360
       82560         1024          51.022    169082880     42270720
       82560         2048          67.949    338165760     84541440
       82560         4096         123.024    676331520    169082880
       82560         8192         252.962   1352663040    338165760
       90816            1           2.861       181632        45408
       90816            2           0.954       363264        90816
       90816            4          10.967       726528       181632
       90816            8           3.099      1453056       363264
       90816           16           2.146      2906112       726528
       90816           32           4.053      5812224      1453056
       90816           64           5.960     11624448      2906112
       90816          128           9.060     23248896      5812224
       90816          256          15.020     46497792     11624448
       90816          512          33.855     92995584     23248896
       90816         1024          56.028    185991168     46497792
       90816         2048          73.910    371982336     92995584
       90816         4096         136.852    743964672    185991168
       90816         8192         263.929   1487929344    371982336
       99840            1           2.861       199680        49920
       99840            2          20.027       399360        99840
       99840            4          11.921       798720       199680
       99840            8           2.861      1597440       399360
       99840           16           2.146      3194880       798720
       99840           32           5.007      6389760      1597440
       99840           64           5.960     12779520      3194880
       99840          128          10.014     25559040      6389760
       99840          256          17.166     51118080     12779520
       99840          512          32.902    102236160     25559040
       99840         1024          56.982    204472320     51118080
       99840         2048          80.109    408944640    102236160
       99840         4096         149.012    817889280    204472320
       99840         8192         288.010   1635778560    408944640
      109824            1           4.053       219648        54912
      109824            2          13.113       439296       109824
      109824            4           2.861       878592       219648
      109824            8           4.053      1757184       439296
      109824           16           5.007      3514368       878592
      109824           32           5.960      7028736      1757184
      109824           64           7.868     14057472      3514368
      109824          128          14.067     28114944      7028736
      109824          256          17.881     56229888     14057472
      109824          512          46.015    112459776     28114944
      109824         1024          44.823    224919552     56229888
      109824         2048          80.109    449839104    112459776
      109824         4096         161.171    899678208    224919552
      109824         8192         374.079   1799356416    449839104
      120768            1           4.053       241536        60384
      120768            2           2.861       483072       120768
      120768            4           3.099       966144       241536
      120768            8           2.861      1932288       483072
      120768           16           4.053      3864576       966144
      120768           32           6.914      7729152      1932288
      120768           64           7.153     15458304      3864576
      120768          128          13.113     30916608      7729152
      120768          256          20.027     61833216     15458304
      120768          512          46.015    123666432     30916608
      120768         1024          52.929    247332864     61833216
      120768         2048          93.937    494665728    123666432
      120768         4096         194.788    989331456    247332864
      120768         8192         342.131   1978662912    494665728
      132672            1           3.099       265344        66336
      132672            2           1.907       530688       132672
      132672            4           3.099      1061376       265344
      132672            8           2.861      2122752       530688
      132672           16           4.053      4245504      1061376
      132672           32           7.153      8491008      2122752
      132672           64           6.914     16982016      4245504
      132672          128          13.828     33964032      8491008
      132672          256          24.080     67928064     16982016
      132672          512          43.154    135856128     33964032
      132672         1024          77.963    271712256     67928064
      132672         2048         102.043    543424512    135856128
      132672         4096         191.212   1086849024    271712256
      145920            1           4.053       291840        72960
      145920            2           3.099       583680       145920
      145920            4           2.861      1167360       291840
      145920            8           3.099      2334720       583680
      145920           16           5.007      4669440      1167360
      145920           32           6.199      9338880      2334720
      145920           64           8.106     18677760      4669440
      145920          128          14.067     37355520      9338880
      145920          256          24.080     74711040     18677760
      145920          512          49.114    149422080     37355520
      145920         1024          66.042    298844160     74711040
      145920         2048         109.196    597688320    149422080
      145920         4096         224.113   1195376640    298844160
      160512            1           4.053       321024        80256
      160512            2           2.146       642048       160512
      160512            4           3.815      1284096       321024
      160512            8           4.053      2568192       642048
      160512           16           4.053      5136384      1284096
      160512           32           5.007     10272768      2568192
      160512           64           9.060     20545536      5136384
      160512          128          14.067     41091072     10272768
      160512          256          25.034     82182144     20545536
      160512          512          50.068    164364288     41091072
      160512         1024          74.863    328728576     82182144
      160512         2048         120.878    657457152    164364288
      160512         4096         253.916   1314914304    328728576
      176448            1           5.007       352896        88224
      176448            2           3.099       705792       176448
      176448            4          12.875      1411584       352896
      176448            8           5.007      2823168       705792
      176448           16           4.053      5646336      1411584
      176448           32           6.914     11292672      2823168
      176448           64          11.206     22585344      5646336
      176448          128          14.067     45170688     11292672
      176448          256          27.895     90341376     22585344
      176448          512          48.876    180682752     45170688
      176448         1024          80.109    361365504     90341376
      176448         2048         133.991    722731008    180682752
      176448         4096         278.950   1445462016    361365504
      193920            1           4.053       387840        96960
      193920            2          12.875       775680       193920
      193920            4           3.099      1551360       387840
      193920            8           4.053      3102720       775680
      193920           16           4.053      6205440      1551360
      193920           32           8.106     12410880      3102720
      193920           64          10.967     24821760      6205440
      193920          128          15.974     49643520     12410880
      193920          256          33.140     99287040     24821760
      193920          512          53.883    198574080     49643520
      193920         1024          78.917    397148160     99287040
      193920         2048         154.972    794296320    198574080
      193920         4096         303.030   1588592640    397148160
      213312            1           5.007       426624       106656
      213312            2           1.907       853248       213312
      213312            4           5.007      1706496       426624
      213312            8           3.099      3412992       853248
      213312           16           5.007      6825984      1706496
      213312           32           6.914     13651968      3412992
      213312           64          11.921     27303936      6825984
      213312          128          16.928     54607872     13651968
      213312          256          30.994    109215744     27303936
      213312          512          53.883    218431488     54607872
      213312         1024          89.884    436862976    109215744
      213312         2048         161.886    873725952    218431488
      213312         4096         326.872   1747451904    436862976
      234624            1           5.007       469248       117312
      234624            2          12.875       938496       234624
      234624            4           2.861      1876992       469248
      234624            8           2.146      3753984       938496
      234624           16           5.960      7507968      1876992
      234624           32           6.914     15015936      3753984
      234624           64          12.159     30031872      7507968
      234624          128          18.120     60063744     15015936
      234624          256          36.001    120127488     30031872
      234624          512          54.836    240254976     60063744
      234624         1024          91.076    480509952    120127488
      234624         2048         174.999    961019904    240254976
      234624         4096         356.197   1922039808    480509952
      258048            1           4.768       516096       129024
      258048            2           1.907      1032192       258048
      258048            4          15.020      2064384       516096
      258048            8           4.053      4128768      1032192
      258048           16           5.960      8257536      2064384
      258048           32           7.868     16515072      4128768
      258048           64          11.921     33030144      8257536
      258048          128          20.027     66060288     16515072
      258048          256          36.955    132120576     33030144
      258048          512          61.035    264241152     66060288
      258048         1024          99.897    528482304    132120576
      258048         2048         197.887   1056964608    264241152
      258048         4096         406.981   2113929216    528482304
      283776            1           5.007       567552       141888
      283776            2          14.067      1135104       283776
      283776            4           4.053      2270208       567552
      283776            8           4.053      4540416      1135104
      283776           16           5.007      9080832      2270208
      283776           32           9.060     18161664      4540416
      283776           64          13.113     36323328      9080832
      283776          128          20.981     72646656     18161664
      283776          256          46.015    145293312     36323328
      283776          512          59.128    290586624     72646656
      283776         1024         141.144    581173248    145293312
      283776         2048         210.047   1162346496    290586624
      312000            1           5.960       624000       156000
      312000            2           3.099      1248000       312000
      312000            4          13.113      2496000       624000
      312000            8           4.053      4992000      1248000
      312000           16           5.960      9984000      2496000
      312000           32           9.060     19968000      4992000
      312000           64          15.020     39936000      9984000
      312000          128          23.842     79872000     19968000
      312000          256          48.876    159744000     39936000
      312000          512          74.863    319488000     79872000
      312000         1024         119.925    638976000    159744000
      312000         2048         249.863   1277952000    319488000
      343104            1           5.007       686208       171552
      343104            2           6.914      1372416       343104
      343104            4           2.861      2744832       686208
      343104            8           3.815      5489664      1372416
      343104           16           3.815     10979328      2744832
      343104           32          10.014     21958656      5489664
      343104           64          15.020     43917312     10979328
      343104          128          25.988     87834624     21958656
      343104          256          47.922    175669248     43917312
      343104          512          71.049    351338496     87834624
      343104         1024         130.177    702676992    175669248
      343104         2048         251.055   1405353984    351338496
      377280            1           5.960       754560       188640
      377280            2           3.099      1509120       377280
      377280            4          15.020      3018240       754560
      377280            8           3.099      6036480      1509120
      377280           16           6.914     12072960      3018240
      377280           32          10.014     24145920      6036480
      377280           64          15.020     48291840     12072960
      377280          128          27.895     96583680     24145920
      377280          256          56.028    193167360     48291840
      377280          512          77.009    386334720     96583680
      377280         1024         144.958    772669440    193167360
      377280         2048         281.096   1545338880    386334720
      414912            1           7.153       829824       207456
      414912            2           2.146      1659648       414912
      414912            4          14.067      3319296       829824
      414912            8           4.053      6638592      1659648
      414912           16           5.960     13277184      3319296
      414912           32          10.014     26554368      6638592
      414912           64          16.928     53108736     13277184
      414912          128          30.994    106217472     26554368
      414912          256          56.028    212434944     53108736
      414912          512          84.162    424869888    106217472
      414912         1024         171.900    849739776    212434944
      414912         2048         325.918   1699479552    424869888
      456384            1           7.868       912768       228192
      456384            2          10.967      1825536       456384
      456384            4           3.099      3651072       912768
      456384            8           5.007      7302144      1825536
      456384           16           8.106     14604288      3651072
      456384           32          10.014     29208576      7302144
      456384           64          17.166     58417152     14604288
      456384          128          33.140    116834304     29208576
      456384          256          56.028    233668608     58417152
      456384          512          88.930    467337216    116834304
      456384         1024         173.092    934674432    233668608
      456384         2048         355.005   1869348864    467337216
      501888            1           6.914      1003776       250944
      501888            2           3.099      2007552       501888
      501888            4           3.815      4015104      1003776
      501888            8           3.815      8030208      2007552
      501888           16           7.153     16060416      4015104
      501888           32          11.921     32120832      8030208
      501888           64          17.166     64241664     16060416
      501888          128          36.001    128483328     32120832
      501888          256          62.227    256966656     64241664
      501888          512         100.851    513933312    128483328
      501888         1024         189.066   1027866624    256966656
      501888         2048         391.960   2055733248    513933312
      552000            1           9.060      1104000       276000
      552000            2          12.875      2208000       552000
      552000            4           3.815      4416000      1104000
      552000            8           5.960      8832000      2208000
      552000           16           8.106     17664000      4416000
      552000           32          13.113     35328000      8832000
      552000           64          20.981     70656000     17664000
      552000          128          39.101    141312000     35328000
      552000          256          63.181    282624000     70656000
      552000          512         113.964    565248000    141312000
      552000         1024         211.000   1130496000    282624000
      607104            1           7.868      1214208       303552
      607104            2           4.053      2428416       607104
      607104            4           3.099      4856832      1214208
      607104            8           5.007      9713664      2428416
      607104           16           9.060     19427328      4856832
      607104           32          13.828     38854656      9713664
      607104           64          21.935     77709312     19427328
      607104          128          42.915    155418624     38854656
      607104          256          65.088    310837248     77709312
      607104          512         126.839    621674496    155418624
      607104         1024         252.008   1243348992    310837248
      667776            1           9.060      1335552       333888
      667776            2           2.861      2671104       667776
      667776            4           3.815      5342208      1335552
      667776            8           5.007     10684416      2671104
      667776           16           9.060     21368832      5342208
      667776           32          13.828     42737664     10684416
      667776           64          23.842     85475328     21368832
      667776          128          43.869    170950656     42737664
      667776          256          77.963    341901312     85475328
      667776          512         131.130    683802624    170950656
      667776         1024         252.008   1367605248    341901312
      734400            1          10.014      1468800       367200
      734400            2          14.067      2937600       734400
      734400            4           5.007      5875200      1468800
      734400            8           5.007     11750400      2937600
      734400           16          10.014     23500800      5875200
      734400           32          15.020     47001600     11750400
      734400           64          28.849     94003200     23500800
      734400          128          54.836    188006400     47001600
      734400          256          82.970    376012800     94003200
      734400          512         142.097    752025600    188006400
      734400         1024         274.897   1504051200    376012800
      807744            1          10.967      1615488       403872
      807744            2          14.067      3230976       807744
      807744            4           5.007      6461952      1615488
      807744            8           5.960     12923904      3230976
      807744           16          10.967     25847808      6461952
      807744           32          17.166     51695616     12923904
      807744           64          38.147    103391232     25847808
      807744          128          62.943    206782464     51695616
      807744          256          82.970    413564928    103391232
      807744          512         152.111    827129856    206782464
      807744         1024         289.917   1654259712    413564928
      888384            1          11.206      1776768       444192
      888384            2           3.815      3553536       888384
      888384            4           6.199      7107072      1776768
      888384            8           8.821     14214144      3553536
      888384           16          15.974     28428288      7107072
      888384           32          28.849     56856576     14214144
      888384           64          59.128    113713152     28428288
      888384          128         121.832    227426304     56856576
      888384          256         206.947    454852608    113713152
      888384          512         415.802    909705216    227426304
      888384         1024         761.032   1819410432    454852608
      977088            1          11.921      1954176       488544
      977088            2          15.020      3908352       977088
      977088            4           5.007      7816704      1954176
      977088            8          10.967     15633408      3908352
      977088           16          18.120     31266816      7816704
      977088           32          32.187     62533632     15633408
      977088           64          62.943    125067264     31266816
      977088          128         113.964    250134528     62533632
      977088          256         228.882    500269056    125067264
      977088          512         452.995   1000538112    250134528
      977088         1024         849.962   2001076224    500269056
     1074624            1          13.113      2149248       537312
     1074624            2          14.067      4298496      1074624
     1074624            4           6.914      8596992      2149248
     1074624            8          11.921     17193984      4298496
     1074624           16          20.027     34387968      8596992
     1074624           32          36.001     68775936     17193984
     1074624           64          71.049    137551872     34387968
     1074624          128         127.077    275103744     68775936
     1074624          256         252.008    550207488    137551872
     1074624          512         486.851   1100414976    275103744
     1181952            1          13.828      2363904       590976
     1181952            2           4.053      4727808      1181952
     1181952            4           6.914      9455616      2363904
     1181952            8          14.067     18911232      4727808
     1181952           16          20.981     37822464      9455616
     1181952           32          39.816     75644928     18911232
     1181952           64          69.141    151289856     37822464
     1181952          128         149.965    302579712     75644928
     1181952          256         285.864    605159424    151289856
     1181952          512         520.945   1210318848    302579712
     1300032            1          15.974      2600064       650016
     1300032            2           3.815      5200128      1300032
     1300032            4           6.914     10400256      2600064
     1300032            8          14.067     20800512      5200128
     1300032           16          21.935     41601024     10400256
     1300032           32          43.869     83202048     20800512
     1300032           64          78.917    166404096     41601024
     1300032          128         163.078    332808192     83202048
     1300032          256         290.871    665616384    166404096
     1300032          512         579.119   1331232768    332808192
     1430016            1          16.928      2860032       715008
     1430016            2           5.007      5720064      1430016
     1430016            4           6.914     11440128      2860032
     1430016            8          14.067     22880256      5720064
     1430016           16          23.842     45760512     11440128
     1430016           32          46.968     91521024     22880256
     1430016           64          85.115    183042048     45760512
     1430016          128         174.999    366084096     91521024
     1430016          256         337.839    732168192    183042048
     1430016          512         624.895   1464336384    366084096
     1572864            1          30.041      3145728       786432
     1572864            2           5.007      6291456      1572864
     1572864            4           8.106     12582912      3145728
     1572864            8          15.020     25165824      6291456
     1572864           16          26.226     50331648     12582912
     1572864           32          52.929    100663296     25165824
     1572864           64          92.983    201326592     50331648
     1572864          128         191.927    402653184    100663296
     1572864          256         366.926    805306368    201326592
     1572864          512         700.951   1610612736    402653184
     1730112            1          20.981      3460224       865056
     1730112            2           5.007      6920448      1730112
     1730112            4           8.106     13840896      3460224
     1730112            8          15.974     27681792      6920448
     1730112           16          49.114     55363584     13840896
     1730112           32          55.075    110727168     27681792
     1730112           64          97.036    221454336     55363584
     1730112          128         208.855    442908672    110727168
     1730112          256         379.086    885817344    221454336
     1730112          512         770.092   1771634688    442908672
     1903104            1          20.981      3806208       951552
     1903104            2          15.020      7612416      1903104
     1903104            4           9.060     15224832      3806208
     1903104            8          18.120     30449664      7612416
     1903104           16          30.041     60899328     15224832
     1903104           32          60.797    121798656     30449664
     1903104           64         124.931    243597312     60899328
     1903104          128         207.901    487194624    121798656
     1903104          256         412.941    974389248    243597312
     1903104          512         829.220   1948778496    487194624
     2093376            1          36.955      4186752      1046688
     2093376            2           5.960      8373504      2093376
     2093376            4           9.775     16747008      4186752
     2093376            8          18.835     33494016      8373504
     2093376           16          31.948     66988032     16747008
     2093376           32          85.831    133976064     33494016
     2093376           64         116.825    267952128     66988032
     2093376          128         226.974    535904256    133976064
     2093376          256         449.896   1071808512    267952128
     2093376          512         907.898   2143617024    535904256
     2302656            1          59.128      4605312      1151328
     2302656            2           5.960      9210624      2302656
     2302656            4          11.921     18421248      4605312
     2302656            8          20.027     36842496      9210624
     2302656           16          37.193     73684992     18421248
     2302656           32          71.049    147369984     36842496
     2302656           64         130.892    294739968     73684992
     2302656          128         262.022    589479936    147369984
     2302656          256         524.998   1178959872    294739968
     2532864            1          36.001      5065728      1266432
     2532864            2           5.960     10131456      2532864
     2532864            4          10.967     20262912      5065728
     2532864            8          20.981     40525824     10131456
     2532864           16          41.962     81051648     20262912
     2532864           32          79.155    162103296     40525824
     2532864           64         147.104    324206592     81051648
     2532864          128         303.984    648413184    162103296
     2532864          256         543.118   1296826368    324206592
     2786112            1          33.140      5572224      1393056
     2786112            2           8.106     11144448      2786112
     2786112            4          12.159     22288896      5572224
     2786112            8          21.935     44577792     11144448
     2786112           16          44.823     89155584     22288896
     2786112           32         103.951    178311168     44577792
     2786112           64         153.065    356622336     89155584
     2786112          128         301.123    713244672    178311168
     2786112          256         612.020   1426489344    356622336
     3064704            1          52.929      6129408      1532352
     3064704            2           9.060     12258816      3064704
     3064704            4          14.067     24517632      6129408
     3064704            8          25.988     49035264     12258816
     3064704           16          50.783     98070528     24517632
     3064704           32          92.030    196141056     49035264
     3064704           64         176.191    392282112     98070528
     3064704          128         358.105    784564224    196141056
     3064704          256         656.843   1569128448    392282112
     3371136            1          51.975      6742272      1685568
     3371136            2           8.106     13484544      3371136
     3371136            4          15.020     26969088      6742272
     3371136            8          27.180     53938176     13484544
     3371136           16          54.121    107876352     26969088
     3371136           32          97.036    215752704     53938176
     3371136           64         195.980    431505408    107876352
     3371136          128         385.046    863010816    215752704
     3371136          256         739.813   1726021632    431505408
     3708096            1          51.975      7416192      1854048
     3708096            2          10.014     14832384      3708096
     3708096            4          18.120     29664768      7416192
     3708096            8          30.041     59329536     14832384
     3708096           16          78.201    118659072     29664768
     3708096           32         103.951    237318144     59329536
     3708096           64         212.908    474636288    118659072
     3708096          128         402.212    949272576    237318144
     3708096          256         813.007   1898545152    474636288
     4078848            1          54.121      8157696      2039424
     4078848            2           9.060     16315392      4078848
     4078848            4          19.073     32630784      8157696
     4078848            8          51.975     65261568     16315392
     4078848           16          65.088    130523136     32630784
     4078848           32         113.964    261046272     65261568
     4078848           64         223.160    522092544    130523136
     4078848          128         439.167   1044185088    261046272
     4078848          256         886.917   2088370176    522092544
     4486656            1          80.824      8973312      2243328
     4486656            2          11.206     17946624      4486656
     4486656            4          20.027     35893248      8973312
     4486656            8          34.094     71786496     17946624
     4486656           16          69.141    143572992     35893248
     4486656           32         127.077    287145984     71786496
     4486656           64         252.008    574291968    143572992
     4486656          128         513.077   1148583936    287145984
     4935168            1          55.075      9870336      2467584
     4935168            2          11.921     19740672      4935168
     4935168            4          21.935     39481344      9870336
     4935168            8          37.909     78962688     19740672
     4935168           16          75.817    157925376     39481344
     4935168           32         138.998    315850752     78962688
     4935168           64         277.996    631701504    157925376
     4935168          128         561.953   1263403008    315850752
     5428608            1          66.996     10857216      2714304
     5428608            2          13.113     21714432      5428608
     5428608            4          22.888     43428864     10857216
     5428608            8          41.962     86857728     21714432
     5428608           16         101.805    173715456     43428864
     5428608           32         149.965    347430912     86857728
     5428608           64         311.852    694861824    173715456
     5428608          128         602.961   1389723648    347430912
     5971392            1          72.002     11942784      2985696
     5971392            2          14.782     23885568      5971392
     5971392            4          25.988     47771136     11942784
     5971392            8          46.968     95542272     23885568
     5971392           16          88.930    191084544     47771136
     5971392           32         164.986    382169088     95542272
     5971392           64         355.959    764338176    191084544
     5971392          128         644.922   1528676352    382169088
     6568512            1         100.136     13137024      3284256
     6568512            2          15.974     26274048      6568512
     6568512            4          26.941     52548096     13137024
     6568512            8          51.975    105096192     26274048
     6568512           16          97.036    210192384     52548096
     6568512           32         182.152    420384768    105096192
     6568512           64         370.979    840769536    210192384
     6568512          128         722.885   1681539072    420384768
     7225344            1          85.831     14450688      3612672
     7225344            2          17.166     28901376      7225344
     7225344            4          28.849     57802752     14450688
     7225344            8          56.982    115605504     28901376
     7225344           16         103.951    231211008     57802752
     7225344           32         197.172    462422016    115605504
     7225344           64         401.020    924844032    231211008
     7225344          128         792.027   1849688064    462422016
     7947840            1          92.983     15895680      3973920
     7947840            2          17.881     31791360      7947840
     7947840            4          33.140     63582720     15895680
     7947840            8          61.989    127165440     31791360
     7947840           16         132.799    254330880     63582720
     7947840           32         228.882    508661760    127165440
     7947840           64         429.869   1017323520    254330880
     7947840          128         869.989   2034647040    508661760
     8742528            1          99.897     17485056      4371264
     8742528            2          18.835     34970112      8742528
     8742528            4          52.929     69940224     17485056
     8742528            8          66.996    139880448     34970112
     8742528           16         122.070    279760896     69940224
     8742528           32         237.942    559521792    139880448
     8742528           64         469.923   1119043584    279760896
     9616704            1         107.050     19233408      4808352
     9616704            2          23.127     38466816      9616704
     9616704            4          36.001     76933632     19233408
     9616704            8          72.002    153867264     38466816
     9616704           16         133.038    307734528     76933632
     9616704           32         262.976    615469056    153867264
     9616704           64         537.157   1230938112    307734528
    10578240            1         118.971     21156480      5289120
    10578240            2          24.080     42312960     10578240
    10578240            4          41.008     84625920     21156480
    10578240            8          78.917    169251840     42312960
    10578240           16         145.912    338503680     84625920
    10578240           32         311.136    677007360    169251840
    10578240           64         569.105   1354014720    338503680
    11635968            1         152.111     23271936      5817984
    11635968            2          29.802     46543872     11635968
    11635968            4          44.107     93087744     23271936
    11635968            8          86.069    186175488     46543872
    11635968           16         159.979    372350976     93087744
    11635968           32         314.951    744701952    186175488
    11635968           64         646.830   1489403904    372350976
    12799488            1         144.958     25598976      6399744
    12799488            2          30.994     51197952     12799488
    12799488            4          48.876    102395904     25598976
    12799488            8          93.937    204791808     51197952
    12799488           16         198.126    409583616    102395904
    12799488           32         347.137    819167232    204791808
    12799488           64         702.858   1638334464    409583616
    14079360            1         162.125     28158720      7039680
    14079360            2          35.048     56317440     14079360
    14079360            4          56.028    112634880     28158720
    14079360            8         102.997    225269760     56317440
    14079360           16         192.881    450539520    112634880
    14079360           32         401.974    901079040    225269760
    14079360           64         775.099   1802158080    450539520
    15487296            1         169.039     30974592      7743648
    15487296            2          39.101     61949184     15487296
    15487296            4          57.936    123898368     30974592
    15487296            8         109.911    247796736     61949184
    15487296           16         213.861    495593472    123898368
    15487296           32         440.836    991186944    247796736
    15487296           64         850.916   1982373888    495593472
    17035968            1         179.052     34071936      8517984
    17035968            2          42.915     68143872     17035968
    17035968            4          63.896    136287744     34071936
    17035968            8         121.117    272575488     68143872
    17035968           16         236.034    545150976    136287744
    17035968           32         484.228   1090301952    272575488
    18739392            1         205.040     37478784      9369696
    18739392            2          53.883     74957568     18739392
    18739392            4          76.056    149915136     37478784
    18739392            8         136.852    299830272     74957568
    18739392           16         295.877    599660544    149915136
    18739392           32         529.051   1199321088    299830272
    20613312            1         244.141     41226624     10306656
    20613312            2          73.195     82453248     20613312
    20613312            4          87.023    164906496     41226624
    20613312            8         159.979    329812992     82453248
    20613312           16         310.898    659625984    164906496
    20613312           32         627.995   1319251968    329812992
    22674624            1         252.962     45349248     11337312
    22674624            2          89.884     90698496     22674624
    22674624            4         106.096    181396992     45349248
    22674624            8         204.086    362793984     90698496
    22674624           16         403.881    725587968    181396992
    22674624           32         832.081   1451175936    362793984
    24941952            1         239.849     49883904     12470976
    24941952            2         100.136     99767808     24941952
    24941952            4         131.845    199535616     49883904
    24941952            8         256.062    399071232     99767808
    24941952           16         532.866    798142464    199535616
    24941952           32        1032.114   1596284928    399071232
    27436032            1         202.894     54872064     13718016
    27436032            2         114.202    109744128     27436032
    27436032            4         174.999    219488256     54872064
    27436032            8         369.072    438976512    109744128
    27436032           16         689.983    877953024    219488256
    27436032           32        1416.922   1755906048    438976512
    30179520            1         187.874     60359040     15089760
    30179520            2         127.077    120718080     30179520
    30179520            4         184.059    241436160     60359040
    30179520            8         360.012    482872320    120718080
    30179520           16         669.956    965744640    241436160
    30179520           32        1359.940   1931489280    482872320
    33197376            1         200.987     66394752     16598688
    33197376            2         154.018    132789504     33197376
    33197376            4         237.942    265579008     66394752
    33197376            8         478.983    531158016    132789504
    33197376           16         918.865   1062316032    265579008
    33197376           32        1836.061   2124632064    531158016
    36517056            1         226.974     73034112     18258528
    36517056            2         185.966    146068224     36517056
    36517056            4         285.149    292136448     73034112
    36517056            8         577.211    584272896    146068224
    36517056           16        1134.872   1168545792    292136448
    40168704            1         268.936     80337408     20084352
    40168704            2         233.173    160674816     40168704
    40168704            4         324.965    321349632     80337408
    40168704            8         663.042    642699264    160674816
    40168704           16        1317.024   1285398528    321349632
    44185536            1         328.064     88371072     22092768
    44185536            2         285.149    176742144     44185536
    44185536            4         364.065    353484288     88371072
    44185536            8         742.912    706968576    176742144
    44185536           16        1462.936   1413937152    353484288
    48604032            1         307.798     97208064     24302016
    48604032            2         316.143    194416128     48604032
    48604032            4         445.127    388832256     97208064
    48604032            8         813.007    777664512    194416128
    48604032           16        2721.071   1555329024    388832256
    53464320            1         361.204    106928640     26732160
    53464320            2         376.940    213857280     53464320
    53464320            4         480.890    427714560    106928640
    53464320            8         993.967    855429120    213857280
    53464320           16        2013.922   1710858240    427714560
    58810752            1         406.027    117621504     29405376
    58810752            2         523.806    235243008     58810752
    58810752            4         588.894    470486016    117621504
    58810752            8        1166.821    940972032    235243008
    58810752           16        2413.988   1881944064    470486016
    64691712            1         499.964    129383424     32345856
    64691712            2         676.870    258766848     64691712
    64691712            4         838.995    517533696    129383424
    64691712            8        1564.026   1035067392    258766848
    64691712           16        3087.997   2070134784    517533696
    71160768            1         506.878    142321536     35580384
    71160768            2         771.999    284643072     71160768
    71160768            4        1117.945    569286144    142321536
    71160768            8        2094.030   1138572288    284643072
    78276672            1         609.159    156553344     39138336
    78276672            2         944.853    313106688     78276672
    78276672            4        1379.013    626213376    156553344
    78276672            8        2679.110   1252426752    313106688
    86104320            1         736.952    172208640     43052160
    86104320            2        1158.953    344417280     86104320
    86104320            4        1718.044    688834560    172208640
    86104320            8        3291.130   1377669120    344417280
    94714752            1         813.961    189429504     47357376
    94714752            2        1345.873    378859008     94714752
    94714752            4        2075.195    757718016    189429504
    94714752            8        4159.212   1515436032    378859008
   104186112            1         926.971    208372224     52093056
   104186112            2        1591.206    416744448    104186112
   104186112            4        2516.985    833488896    208372224
   104186112            8        4994.869   1666977792    416744448
   114604608            1         993.013    229209216     57302304
   114604608            2        1760.006    458418432    114604608
   114604608            4        3034.115    916836864    229209216
   114604608            8        6038.904   1833673728    458418432
   126064896            1        1143.932    252129792     63032448
   126064896            2        2044.916    504259584    126064896
   126064896            4        3582.954   1008519168    252129792
   126064896            8        7067.919   2017038336    504259584
   138671232            1        1233.816    277342464     69335616
   138671232            2        2300.978    554684928    138671232
   138671232            4        4163.027   1109369856    277342464
   152538240            1        1341.820    305076480     76269120
   152538240            2        2540.112    610152960    152538240
   152538240            4        4777.908   1220305920    305076480
   167792064            1        1511.097    335584128     83896032
   167792064            2        2879.143    671168256    167792064
   167792064            4        5513.191   1342336512    335584128
   184571136            1        1713.037    369142272     92285568
   184571136            2        3206.015    738284544    184571136
   184571136            4        6165.028   1476569088    369142272
   203028096            1        1916.885    406056192    101514048
   203028096            2        3677.130    812112384    203028096
   203028096            4        7017.136   1624224768    406056192
   223330752            1        2125.025    446661504    111665376
   223330752            2        4091.024    893323008    223330752
   223330752            4        7912.874   1786646016    446661504
   245663808            1        2345.085    491327616    122831904
   245663808            2        4559.994    982655232    245663808
   245663808            4        8890.867   1965310464    491327616
   270230016            1        2634.048    540460032    135115008
   270230016            2        5168.915   1080920064    270230016
   297252864            1        2949.953    594505728    148626432
   297252864            2        5712.032   1189011456    297252864
   326978112            1        3262.997    653956224    163489056
   326978112            2        6412.983   1307912448    326978112
   359675904            1        3629.923    719351808    179837952
   359675904            2        7095.098   1438703616    359675904
   395643456            1        4005.909    791286912    197821728
   395643456            2        7884.026   1582573824    395643456
   435207744            1        4410.028    870415488    217603872
   435207744            2        8650.064   1740830976    435207744
   478728384            1        4868.984    957456768    239364192
   478728384            2        9574.175   1914913536    478728384
   526601088            1        5378.008   1053202176    263300544
   526601088            2       10641.098   2106404352    526601088
   579261120            1        5958.080   1158522240    289630560
   637187136            1        6638.050   1274374272    318593568
   700905792            1        7273.912   1401811584    350452896
   770996352            1        8053.064   1541992704    385498176
   848095872            1        8854.866   1696191744    424047936
   932905344            1        9809.017   1865810688    466452672
  1026195840            1       10839.939   2052391680    513097920

META_DATA
FLOPS          4
MPI_PROCS      1
OPENMP_THREADS 24
ERT_VERSION  1.1.0
HOSTNAME  ('deepv.deep', [], ['10.2.8.6'])
UNAME  uname_result(system='Linux', node='deepv', release='4.18.0-372.32.1.el8_6.x86_64', version='#1 SMP Thu Oct 27 15:18:36 UTC 2022', machine='x86_64')
TIMESTAMP_DATA  1673470130.981344
CONFIG  {'ERT_RESULTS': ['Results.cn.deep.fz-juelich.de.01'], 'ERT_DRIVER': ['driver1'], 'ERT_KERNEL': ['kernel1'], 'ERT_MPI': ['True'], 'ERT_MPI_CFLAGS': ['-I', '/p/deep/software/skylake/Stages/2022/software/psmpi/5.5.0-1-intel-compilers-2021.4.0/include'], 'ERT_MPI_LDFLAGS': ['-L', '/p/deep/software/skylake/Stages/2022/software/psmpi/5.5.0-1-intel-compilers-2021.4.0/lib', '-lmpi'], 'ERT_OPENMP': ['True'], 'ERT_OPENMP_CFLAGS': ['-qopenmp'], 'ERT_OPENMP_LDFLAGS': ['-qopenmp'], 'ERT_FLOPS': ['1,2,4,8,16,64,128'], 'ERT_ALIGN': ['64'], 'ERT_CC': ['icpc'], 'ERT_CFLAGS': ['-O3', '-fno-alias', '-fno-fnalias', '-xCore-AVX512', '-qopt-zmm-usage=high', '-DERT_INTEL'], 'ERT_LD': ['icpc'], 'ERT_LDFLAGS': [], 'ERT_LDLIBS': [], 'ERT_PRECISION': ['FP64'], 'ERT_RUN': ['export', 'OMP_NUM_THREADS=ERT_OPENMP_THREADS;', 'export', 'OMP_PLACES="cores";', 'srun', '-p', 'dp-cn', '-n', 'ERT_MPI_PROCS', '-c', '48', '--ntasks-per-node', '1', 'ERT_CODE'], 'ERT_PROCS_THREADS': ['24'], 'ERT_MPI_PROCS': ['1'], 'ERT_OPENMP_THREADS': ['24'], 'ERT_NUM_EXPERIMENTS': ['5'], 'ERT_MEMORY_MAX': ['1073741824'], 'ERT_WORKING_SET_MIN': ['128'], 'ERT_TRIALS_MIN': ['1'], 'ERT_GNUPLOT': ['gnuplot'], 'ERT_GPU': [False], 'ERT_HIP': [False], 'ERT_OCL': [False], 'ERT_SYCL': [False], 'ERT_WSS_MULT': [1.1]}
