fp64
 24576 32768 9033.645 9052.771 9059.415 177.78330455112166 177.9137830836547 178.29046149145776 177.78330455112166 177.9137830836547 178.29046149145776
 26880 32768 9866.597 9879.299 9919.614 177.58832954588758 178.3130240313609 178.542579574295 177.58832954588758 178.3130240313609 178.542579574295
 29568 32768 10890.269 10914.349 10943.501 177.0702490912186 177.54320005709914 177.93577440557252 177.0702490912186 177.54320005709914 177.93577440557252
 32448 32768 12037.813 12044.59 12085.693 175.9528500351614 176.55330135770498 176.65269663185498 175.9528500351614 176.55330135770498 176.65269663185498
 35520 16384 6559.622 6569.847 6574.053 177.0474561126903 177.16080146158657 177.43695597093856 177.0474561126903 177.16080146158657 177.43695597093856
 38976 16384 7216.508 7217.155 7229.669 176.6561606070762 176.96246900613886 176.9783346737785 176.6561606070762 176.96246900613886 176.9783346737785
 42816 16384 7920.474 7921.599 7923.021 177.07824931929372 177.11003649641947 177.13519266649948 177.07824931929372 177.11003649641947 177.13519266649948
 47040 16384 8700.187 8700.517 8726.261 176.6399973596939 177.16265826502033 177.16937808348257 176.6399973596939 177.16265826502033 177.16937808348257
 51648 16384 9536.295 9540.95 9547.729 177.25698582353982 177.38292979210664 177.4695166204485 177.25698582353982 177.38292979210664 177.4695166204485
 56640 16384 10460.084 10465.067 10488.825 176.94827780995487 177.34998925472718 177.43447566960262 176.94827780995487 177.34998925472718 177.43447566960262
 62208 16384 11431.492 11445.798 11549.606 176.4936175311954 178.09433156167879 178.31720863733273 176.4936175311954 178.09433156167879 178.31720863733273
 68352 8192 6279.894 6281.158 6303.098 177.67122897343498 178.29183217489512 178.32771827040392 177.67122897343498 178.29183217489512 178.32771827040392
 75072 8192 6921.267 6921.901 6925.792 177.59407848228767 177.6939092310046 177.71018629970496 177.59407848228767 177.6939092310046 177.71018629970496
 82560 8192 7580.224 7588.389 7635.236 177.16060643050193 178.25430931387413 178.44631504293275 177.16060643050193 178.25430931387413 178.44631504293275
 90816 8192 8365.573 8373.065 8393.315 177.27552748824513 177.70426289536746 177.8634104322561 177.27552748824513 177.70426289536746 177.8634104322561
 99840 8192 9167.845 9172.365 9180.433 178.18098122387036 178.33770897691053 178.42563437754458 178.18098122387036 178.33770897691053 178.42563437754458
 109824 8192 10084.309 10086.852 10086.885 178.38573712300675 178.38632072721995 178.4313051097502 178.38573712300675 178.38632072721995 178.4313051097502
 120768 8192 11111.219 11113.749 11138.384 177.64362514346786 178.0373942222377 178.07793294327115 177.64362514346786 178.0373942222377 178.07793294327115
 132672 4096 6102.838 6103.593 6103.782 178.06157297229814 178.06708671433367 178.0891159162344 178.06157297229814 178.06708671433367 178.0891159162344
 145920 4096 6702.252 6703.835 6708.831 178.17957256636814 178.31236001482736 178.3544754807787 178.17957256636814 178.31236001482736 178.3544754807787
 160512 4096 7366.493 7374.431 7379.708 178.179719847994 178.3072218046382 178.49936245103333 178.179719847994 178.3072218046382 178.49936245103333
 176448 4096 8109.287 8111.84 8167.166 176.98452755827418 178.1916329710645 178.2477320139243 176.98452755827418 178.1916329710645 178.2477320139243
 193920 4096 8894.422 8902.832 8912.359 178.24603340148212 178.4367760730518 178.6054945447832 178.24603340148212 178.4367760730518 178.6054945447832
 213312 4096 9792.182 9813.6 9836.212 177.6549655497462 178.06430912203473 178.45378118993295 177.6549655497462 178.06430912203473 178.45378118993295
 234624 4096 10771.901 10851.675 12857.273 149.4904718908901 177.11918279896884 178.430883091109 149.4904718908901 177.11918279896884 178.430883091109
 258048 4096 11843.582 11851.362 11888.146 177.81824146506946 178.37014986125646 178.48732047449832 177.81824146506946 178.37014986125646 178.48732047449832
 283776 2048 6506.602 6507.561 6519.565 178.28589729529503 178.61476765258138 178.64109346168706 178.28589729529503 178.61476765258138 178.64109346168706
 312000 2048 7162.6 7164.585 7190.209 177.73502828638223 178.37069418535756 178.42012676960877 177.73502828638223 178.37069418535756 178.42012676960877
 343104 2048 7877.982 7884.36 7929.077 177.24055195831747 178.2457909075689 178.39009837798562 177.24055195831747 178.2457909075689 178.39009837798562
 377280 2048 8654.211 8665.794 8691.144 177.80615302197273 178.32628839319284 178.56496450109663 177.80615302197273 178.32628839319284 178.56496450109663
 414912 2048 9518.496 9528.204 9528.854 178.35088584629378 178.36305268023227 178.5449667678591 178.35088584629378 178.36305268023227 178.5449667678591
 456384 2048 10471.134 10475.794 10492.5 178.16048263045033 178.44459942606736 178.5240131584602 178.16048263045033 178.44459942606736 178.5240131584602
 501888 2048 11505.894 11509.578 11541.797 178.11206071290283 178.61065349224796 178.66784171660194 178.11206071290283 178.61065349224796 178.66784171660194
 552000 1024 6327.924 6338.242 6346.377 178.13249984991435 178.36112915852692 178.65195599694306 178.13249984991435 178.36112915852692 178.65195599694306
 607104 1024 6962.946 6963.283 6964.552 178.52533687737562 178.55787162463452 178.56651365671945 178.52533687737562 178.55787162463452 178.56651365671945
 667776 1024 7660.244 7663.932 7687.626 177.89695388407293 178.44694446662626 178.53285717791758 177.89695388407293 178.44694446662626 178.53285717791758
 734400 1024 8421.061 8435.278 8450.43 177.98516761868922 178.30487625896856 178.60590251038437 177.98516761868922 178.30487625896856 178.60590251038437
 807744 1024 9275.632 9281.902 9320.735 177.48168057561983 178.22421654527272 178.34468982814326 177.48168057561983 178.22421654527272 178.34468982814326
 888384 1024 10187.434 10190.225 10203.459 178.31310264489716 178.5446770802411 178.5935920664615 178.31310264489716 178.5446770802411 178.5935920664615
 977088 1024 11203.256 11205.18 11222.096 178.3157285412636 178.5849244724315 178.61559389520335 178.3157285412636 178.5849244724315 178.61559389520335
 1074624 512 6159.499 6160.353 6169.139 178.3741582091115 178.6285584608544 178.6533248889236 178.3741582091115 178.6285584608544 178.6533248889236
 1181952 512 6776.218 6777.009 6777.151 178.58814832368353 178.59189031621472 178.61273766575988 178.58814832368353 178.59189031621472 178.61273766575988
 1300032 512 7447.389 7450.416 7468.965 178.23523982238504 178.67898490500394 178.7516091881329 178.23523982238504 178.67898490500394 178.7516091881329
 1430016 512 8190.813 8191.568 8203.466 178.5021579902934 178.76142687212024 178.77790446442864 178.5021579902934 178.76142687212024 178.77790446442864
 1572864 512 9014.418 9016.872 9021.781 178.52492052289895 178.62211374410109 178.67074014096085 178.52492052289895 178.62211374410109 178.67074014096085
 1730112 512 9910.618 9915.651 9936.934 178.28785901164284 178.67053691179734 178.76127280861797 178.28785901164284 178.67053691179734 178.76127280861797
 1903104 512 10902.962 10907.225 10932.607 178.2537775299158 178.66858857317055 178.73844703852038 178.2537775299158 178.66858857317055 178.73844703852038
 2093376 512 11993.225 11995.833 12004.554 178.56698582887793 178.6968044653506 178.73566317650173 178.56698582887793 178.6968044653506 178.73566317650173
 2302656 256 6596.163 6600.05 6603.868 178.52565678175276 178.628930386891 178.73419319686312 178.52565678175276 178.628930386891 178.73419319686312
 2532864 256 7247.231 7248.935 7273.973 178.28308793557525 178.8988821116481 178.94094558321655 178.28308793557525 178.8988821116481 178.94094558321655
 2786112 256 7972.788 7975.408 7980.998 178.73570999516602 178.8609866730329 178.9197635758031 178.73570999516602 178.8609866730329 178.9197635758031
 3064704 256 8768.696 8778.238 10421.853 150.56136830945516 178.75209671918216 178.94661281449376 150.56136830945516 178.75209671918216 178.94661281449376
 3371136 256 9639.368 9649.945 9654.192 178.78468047869777 178.86336471347764 179.05962631575014 178.78468047869777 178.86336471347764 179.05962631575014
 3708096 256 10604.077 10607.967 10615.696 178.84321028032454 178.9735160375216 179.0391706887832 178.84321028032454 178.9735160375216 179.0391706887832
 4078848 256 11664.642 11673.388 11678.969 178.81460050112304 178.9000910446907 179.03422805432007 178.81460050112304 178.9000910446907 179.03422805432007
 4486656 128 6402.305 6413.347 6421.411 178.86784322012718 179.09274767137973 179.40162738263797 178.86784322012718 179.09274767137973 179.40162738263797
 4935168 128 7044.218 7046.511 7065.149 178.82184905088343 179.29483229359892 179.35319548600003 178.82184905088343 179.29483229359892 179.35319548600003
 5428608 128 7742.597 7753.364 7761.604 179.05108892440273 179.24137806505667 179.49063447316192 179.05108892440273 179.24137806505667 179.49063447316192
 5971392 128 8517.751 8531.35 8548.144 178.8313757933886 179.1834061432247 179.46948108720247 178.8313757933886 179.1834061432247 179.46948108720247
 6568512 128 9373.38 9384.582 9423.401 178.4429073961726 179.18103033251774 179.39516716488612 178.4429073961726 179.18103033251774 179.39516716488612
 7225344 128 10311.694 10313.034 10474.842 176.5838629355937 179.35440375741996 179.3777107815651 176.5838629355937 179.35440375741996 179.3777107815651
 7947840 128 11341.343 11350.405 11356.381 179.1633302898168 179.25765996896143 179.4008910584928 179.1633302898168 179.25765996896143 179.4008910584928
 8742528 64 6210.614 6211.597 7723.004 144.89744974882828 180.15392563297328 180.1824399326701 144.89744974882828 180.15392563297328 180.1824399326701
 9616704 64 6834.12 6835.679 6840.441 179.95011023412087 180.07547048361985 180.11654931432284 179.95011023412087 180.07547048361985 180.11654931432284
 10578240 64 7512.884 7520.02 7524.767 179.94108256109456 180.05467006736683 180.22569229073682 179.94108256109456 180.05467006736683 180.22569229073682
 11635968 64 8264.961 8267.0 8289.36 179.67658588841599 180.16256247731945 180.2070093252709 179.67658588841599 180.16256247731945 180.2070093252709
 12799488 64 9093.177 9099.687 9131.467 179.41634832606852 180.04294697169252 180.17184357018456 179.41634832606852 180.04294697169252 180.17184357018456
 14079360 64 10001.609 10003.209 10026.616 179.7374188858933 180.15799529930845 180.18681594131505 179.7374188858933 180.15799529930845 180.18681594131505
 15487296 64 11001.878 11010.195 11017.012 179.93752643638763 180.04893537307922 180.18504549859574 179.93752643638763 180.04893537307922 180.18504549859574
 17035968 32 5997.557 5999.651 6002.13 181.65250536059696 181.72756248655128 181.79101124007659 181.65250536059696 181.72756248655128 181.79101124007659
 18739392 32 6591.11 6596.468 6632.784 180.81714827438975 181.81261365930982 181.96041152400736 180.81714827438975 181.81261365930982 181.96041152400736
 20613312 32 7256.569 7265.062 7285.659 181.07517357043477 181.58853537657353 181.80106438731585 181.07517357043477 181.58853537657353 181.80106438731585
 22674624 32 7992.995 7996.28 8006.456 181.2507226668079 181.4813808420916 181.55596694355498 181.2507226668079 181.4813808420916 181.55596694355498
 24941952 32 8800.596 8950.815 9885.627 161.4753346449345 178.33961801243797 181.38372992010997 161.4753346449345 178.33961801243797 181.38372992010997
 27436032 32 9673.777 9686.688 9689.098 181.22492392996747 181.27001179350464 181.51194181962225 181.22492392996747 181.27001179350464 181.51194181962225
 30179520 32 10639.294 10644.238 10654.617 181.28190623839413 181.45867087902397 181.54299336027373 181.28190623839413 181.45867087902397 181.54299336027373
 33197376 32 11712.345 11719.733 11835.131 179.51909987308127 181.2867293137139 181.4010827037626 179.51909987308127 181.2867293137139 181.4010827037626
 36517056 16 6321.995 6334.602 6336.56 184.4132766043405 184.47027800641618 184.8381392266207 184.4132766043405 184.47027800641618 184.8381392266207
 40168704 16 6956.588 6959.936 6961.194 184.65201917946834 184.68539480822812 184.77427842499802 184.65201917946834 184.68539480822812 184.77427842499802
 44185536 16 7647.569 7649.322 7654.094 184.72952540170004 184.84476820298582 184.8871389064943 184.72952540170004 184.84476820298582 184.8871389064943
 48604032 16 8425.974 8439.282 8461.318 183.8164011800526 184.29636834033985 184.58744638898716 183.8164011800526 184.29636834033985 184.58744638898716
 53464320 16 9298.563 9311.739 9347.592 183.0266276063397 183.7313352532755 183.99168129527112 183.0266276063397 183.7313352532755 183.99168129527112
 58810752 16 10262.205 10282.652 10330.016 182.18210542945917 183.02127350026043 183.3859354787787 182.18210542945917 183.02127350026043 183.3859354787787
 64691712 16 11352.401 11378.189 12402.719 166.90975454656353 181.9388642603845 182.35215475563274 166.90975454656353 181.9388642603845 182.35215475563274
 71160768 8 6066.139 6082.088 6086.363 187.0694022029248 187.2008902205953 187.69307594171516 187.0694022029248 187.2008902205953 187.69307594171516
 78276672 8 6679.635 6699.268 6750.979 185.51779704839845 186.94979093238246 187.49927982591862 185.51779704839845 186.94979093238246 187.49927982591862
 86104320 8 7389.106 7407.675 7412.079 185.86811068797297 185.9786127226154 186.44598142183912 185.86811068797297 185.9786127226154 186.44598142183912
 94714752 8 8121.873 8131.612 8140.956 186.14964041078224 186.36354415336098 186.58701410376645 186.14964041078224 186.36354415336098 186.58701410376645
 104186112 8 8948.448 8957.995 8976.22 185.7104429258641 186.0882699755916 186.28680548850483 185.7104429258641 186.0882699755916 186.28680548850483
 114604608 8 9867.979 9892.327 9924.823 184.7563153519211 185.36323435325178 185.82059487560727 184.7563153519211 185.36323435325178 185.82059487560727
 126064896 8 10902.8 10930.299 10940.786 184.35954564873128 184.53642814345702 185.00186520893718 184.35954564873128 184.53642814345702 185.00186520893718
 138671232 4 5785.065 5807.708 5831.912 190.22403904585667 191.0168100737847 191.76445830772863 190.22403904585667 191.0168100737847 191.76445830772863
 152538240 4 6434.345 6440.807 6472.716 188.53073732881217 189.4647549600539 189.65503403998386 188.53073732881217 189.4647549600539 189.65503403998386
 167792064 4 7142.189 7167.626 8725.328 153.84367349857794 187.2777000362463 187.94469202649213 153.84367349857794 187.2777000362463 187.94469202649213
 184571136 4 7909.396 7917.043 8345.501 176.92995159907116 186.50512419851702 186.68544197306596 176.92995159907116 186.50512419851702 186.68544197306596
 203028096 4 8730.731 9744.054 9788.585 165.93049638941687 166.68881022211082 186.03536954694857 165.93049638941687 166.68881022211082 186.03536954694857
 223330752 4 9697.439 9740.217 9785.124 182.5879790588244 183.42979586594424 184.2389538103823 182.5879790588244 183.42979586594424 184.2389538103823
 245663808 4 10730.176 10754.995 10817.678 181.6758147173543 182.73467016953515 183.15733721422652 181.6758147173543 182.73467016953515 183.15733721422652
 270230016 2 5744.944 5780.01 5886.614 183.6233977631284 187.01006814867102 188.1515405546164 183.6233977631284 187.01006814867102 188.1515405546164
 297252864 2 6397.615 6499.502 6504.822 182.78923789152108 182.93885531537646 185.85229902080698 182.78923789152108 182.93885531537646 185.85229902080698
 326978112 2 7051.865 7159.772 7192.033 181.85573508909093 182.6751533428718 185.47043200628485 181.85573508909093 182.6751533428718 185.47043200628485
 359675904 2 7827.222 7940.963 8048.766 178.748346765206 181.17495522898164 183.80769269097004 178.748346765206 181.17495522898164 183.80769269097004
 395643456 2 8742.842 8940.282 9340.593 169.42969509537562 177.01609680768462 181.0136594027434 169.42969509537562 177.01609680768462 181.0136594027434
 435207744 2 9671.983 9733.151 9901.599 175.81311624516403 178.8558480187968 179.98697640390807 175.81311624516403 178.8558480187968 179.98697640390807
 478728384 2 10673.064 10803.24 11200.272 170.97027072199674 177.25363279904917 179.4155395301668 170.97027072199674 177.25363279904917 179.4155395301668
 526601088 2 11792.766 11922.857 12010.233 175.3841371770223 176.6694301541988 178.61834551792177 175.3841371770223 176.6694301541988 178.61834551792177
 579261120 1 6544.607 6636.548 6959.635 166.46307457215786 174.56699476896722 177.01937488377834 166.46307457215786 174.56699476896722 177.01937488377834
 637187136 1 7209.353 7322.704 7976.266 159.77078397335296 174.030559203267 176.766801681094 159.77078397335296 174.030559203267 176.766801681094
 700905792 1 7968.395 8082.428 8142.315 172.16376227154075 173.43941498767452 175.92144766919813 172.16376227154075 173.43941498767452 175.92144766919813
 770996352 1 8823.088 8852.654 8984.644 171.62535365897637 174.1842281422046 174.7679161762866 171.62535365897637 174.1842281422046 174.7679161762866
 848095872 1 9667.74 9800.307 9816.809 172.7844296451118 173.07536835325666 175.44863060032645 172.7844296451118 173.07536835325666 175.44863060032645
 932905344 1 10671.164 10754.665 10798.815 172.77920660739164 173.48849899090303 174.84603254152967 172.77920660739164 173.48849899090303 174.84603254152967
 1026195840 1 11731.079 11842.003 12003.52 170.98248513769295 173.31457186761395 174.9533593627662 170.98248513769295 173.31457186761395 174.9533593627662
 
META_DATA
 FLOPS          16
 MPI_PROCS      1
 OPENMP_THREADS 24
 ERT_VERSION  1.1.0
 HOSTNAME  ('dp-cn26.deep', [], ['10.2.9.126'])
 UNAME  uname_result(system='Linux', node='dp-cn26', release='4.18.0-513.24.1.el8_9.x86_64', version='#1 SMP Thu Apr 4 18:13:02 UTC 2024', machine='x86_64')
 TIMESTAMP_DATA  1713441596.683474
 CONFIG  {'ERT_RESULTS': ['Results.cn.deep.fz-juelich.de.01.gcc2023-O3-only'], 'ERT_DRIVER': ['driver1'], 'ERT_KERNEL': ['kernel1'], 'ERT_MPI': ['True'], 'ERT_MPI_CFLAGS': ['-I', '/p/software/deep/stages/2023/software/psmpi/5.9.2-1-GCC-11.3.0/include'], 'ERT_MPI_LDFLAGS': ['-L', '/p/software/deep/stages/2023/software/psmpi/5.9.2-1-GCC-11.3.0/lib', '-lmpi'], 'ERT_OPENMP': ['True'], 'ERT_OPENMP_CFLAGS': ['-fopenmp'], 'ERT_OPENMP_LDFLAGS': ['-fopenmp'], 'ERT_FLOPS': ['1,2,4,8,16,64,128'], 'ERT_ALIGN': ['64'], 'ERT_CC': ['mpicxx'], 'ERT_CFLAGS': ['-g', '-O3'], 'ERT_LD': ['mpicxx'], 'ERT_LDFLAGS': [], 'ERT_LDLIBS': [], 'ERT_PRECISION': ['FP64'], 'ERT_RUN': ['export', 'OMP_NUM_THREADS=ERT_OPENMP_THREADS;', 'export', 'OMP_PLACES="cores(ERT_OPENMP_THREADS)";', 'srun', '-p', 'dp-cn', '-n', 'ERT_MPI_PROCS', '-c', '48', '--ntasks-per-node', '1', 'ERT_CODE'], 'ERT_PROCS_THREADS': ['24'], 'ERT_MPI_PROCS': ['1'], 'ERT_OPENMP_THREADS': ['24'], 'ERT_NUM_EXPERIMENTS': ['5'], 'ERT_MEMORY_MAX': ['1073741824'], 'ERT_WORKING_SET_MIN': ['128'], 'ERT_TRIALS_MIN': ['1'], 'ERT_GNUPLOT': ['gnuplot'], 'ERT_GPU': [False], 'ERT_HIP': [False], 'ERT_OCL': [False], 'ERT_SYCL': [False], 'ERT_WSS_MULT': [1.1]}
 TIMESTAMP_DATA  1713441600.3648858
 TIMESTAMP_DATA  1713441604.0515392
 TIMESTAMP_DATA  1713441607.690054
 TIMESTAMP_DATA  1713441611.3264866
 