fp64
       24576            1           3.506        49152        49152
       24576            2           2.991        98304        98304
       24576            4           4.050       196608       196608
       24576            8           7.006       393216       393216
       24576           16           8.935       786432       786432
       24576           32          13.458      1572864      1572864
       24576           64          24.828      3145728      3145728
       24576          128          46.059      6291456      6291456
       24576          256          91.754     12582912     12582912
       24576          512         147.882     25165824     25165824
       24576         1024         300.907     50331648     50331648
       24576         2048         564.783    100663296    100663296
       24576         4096        1134.402    201326592    201326592
       24576         8192        2270.892    402653184    402653184
       24576        16384        4517.251    805306368    805306368
       24576        32768        9052.771   1610612736   1610612736
       26880            1           3.153        53760        53760
       26880            2           6.234       107520       107520
       26880            4           4.225       215040       215040
       26880            8           3.885       430080       430080
       26880           16           8.091       860160       860160
       26880           32          13.852      1720320      1720320
       26880           64          29.857      3440640      3440640
       26880          128          60.569      6881280      6881280
       26880          256          95.873     13762560     13762560
       26880          512         186.135     27525120     27525120
       26880         1024         369.415     55050240     55050240
       26880         2048         627.787    110100480    110100480
       26880         4096        1238.587    220200960    220200960
       26880         8192        2478.559    440401920    440401920
       26880        16384        4941.639    880803840    880803840
       26880        32768        9879.299   1761607680   1761607680
       29568            1           3.463        59136        59136
       29568            2           6.062       118272       118272
       29568            4           8.016       236544       236544
       29568            8           5.528       473088       473088
       29568           16          10.465       946176       946176
       29568           32          14.256      1892352      1892352
       29568           64          33.415      3784704      3784704
       29568          128          56.753      7569408      7569408
       29568          256         101.324     15138816     15138816
       29568          512         179.829     30277632     30277632
       29568         1024         360.067     60555264     60555264
       29568         2048         679.419    121110528    121110528
       29568         4096        1374.080    242221056    242221056
       29568         8192        2747.559    484442112    484442112
       29568        16384        5448.164    968884224    968884224
       29568        32768       10896.397   1937768448   1937768448
       32448            1           2.834        64896        64896
       32448            2           6.419       129792       129792
       32448            4           4.224       259584       259584
       32448            8           4.868       519168       519168
       32448           16          10.638      1038336      1038336
       32448           32          16.993      2076672      2076672
       32448           64          35.979      4153344      4153344
       32448          128          67.847      8306688      8306688
       32448          256         110.382     16613376     16613376
       32448          512         210.039     33226752     33226752
       32448         1024         378.420     66453504     66453504
       32448         2048         762.595    132907008    132907008
       32448         4096        1506.027    265814016    265814016
       32448         8192        3029.480    531628032    531628032
       32448        16384        6022.181   1063256064   1063256064
       32448        32768       12044.590   2126512128   2126512128
       35520            1           2.848        71040        71040
       35520            2           3.890       142080       142080
       35520            4           4.879       284160       284160
       35520            8           6.724       568320       568320
       35520           16          10.395      1136640      1136640
       35520           32          16.604      2273280      2273280
       35520           64          37.803      4546560      4546560
       35520          128          69.722      9093120      9093120
       35520          256         115.030     18186240     18186240
       35520          512         209.100     36372480     36372480
       35520         1024         424.444     72744960     72744960
       35520         2048         829.174    145489920    145489920
       35520         4096        1639.512    290979840    290979840
       35520         8192        3282.190    581959680    581959680
       35520        16384        6569.847   1163919360   1163919360
       38976            1           3.695        77952        77952
       38976            2           4.051       155904       155904
       38976            4           5.118       311808       311808
       38976            8           7.730       623616       623616
       38976           16           9.636      1247232      1247232
       38976           32          18.657      2494464      2494464
       38976           64          37.690      4988928      4988928
       38976          128          90.240      9977856      9977856
       38976          256         123.307     19955712     19955712
       38976          512         230.743     39911424     39911424
       38976         1024         451.212     79822848     79822848
       38976         2048         909.979    159645696    159645696
       38976         4096        1812.492    319291392    319291392
       38976         8192        3618.964    638582784    638582784
       38976        16384        7216.508   1277165568   1277165568
       42816            1           6.132        85632        85632
       42816            2           4.200       171264       171264
       42816            4           3.638       342528       342528
       42816            8           9.460       685056       685056
       42816           16          12.687      1370112      1370112
       42816           32          20.907      2740224      2740224
       42816           64          41.926      5480448      5480448
       42816          128          85.232     10960896     10960896
       42816          256         144.593     21921792     21921792
       42816          512         251.277     43843584     43843584
       42816         1024         496.219     87687168     87687168
       42816         2048         996.975    175374336    175374336
       42816         4096        1984.190    350748672    350748672
       42816         8192        3964.801    701497344    701497344
       42816        16384        7921.523   1402994688   1402994688
       47040            1           4.669        94080        94080
       47040            2          20.460       188160       188160
       47040            4           3.957       376320       376320
       47040            8           8.304       752640       752640
       47040           16          13.867      1505280      1505280
       47040           32          26.173      3010560      3010560
       47040           64          42.794      6021120      6021120
       47040          128          87.020     12042240     12042240
       47040          256         140.704     24084480     24084480
       47040          512         273.938     48168960     48168960
       47040         1024         554.392     96337920     96337920
       47040         2048        1092.608    192675840    192675840
       47040         4096        2182.144    385351680    385351680
       47040         8192        4349.398    770703360    770703360
       47040        16384        8700.517   1541406720   1541406720
       51648            1           4.255       103296       103296
       51648            2           3.963       206592       206592
       51648            4           4.333       413184       413184
       51648            8           8.957       826368       826368
       51648           16          14.542      1652736      1652736
       51648           32          24.899      3305472      3305472
       51648           64          47.474      6610944      6610944
       51648          128         112.254     13221888     13221888
       51648          256         154.053     26443776     26443776
       51648          512         301.102     52887552     52887552
       51648         1024         607.983    105775104    105775104
       51648         2048        1196.149    211550208    211550208
       51648         4096        2387.352    423100416    423100416
       51648         8192        4778.632    846200832    846200832
       51648        16384        9547.729   1692401664   1692401664
       56640            1           5.635       113280       113280
       56640            2           3.767       226560       226560
       56640            4           7.622       453120       453120
       56640            8           7.687       906240       906240
       56640           16          16.536      1812480      1812480
       56640           32          27.827      3624960      3624960
       56640           64          52.118      7249920      7249920
       56640          128          97.982     14499840     14499840
       56640          256         167.394     28999680     28999680
       56640          512         345.603     57999360     57999360
       56640         1024         652.167    115998720    115998720
       56640         2048        1318.050    231997440    231997440
       56640         4096        2612.105    463994880    463994880
       56640         8192        5229.122    927989760    927989760
       56640        16384       10460.084   1855979520   1855979520
       62208            1           3.117       124416       124416
       62208            2           4.629       248832       248832
       62208            4           5.159       497664       497664
       62208            8           8.829       995328       995328
       62208           16          14.819      1990656      1990656
       62208           32          29.990      3981312      3981312
       62208           64          57.208      7962624      7962624
       62208          128         127.153     15925248     15925248
       62208          256         182.706     31850496     31850496
       62208          512         359.192     63700992     63700992
       62208         1024         723.160    127401984    127401984
       62208         2048        1430.760    254803968    254803968
       62208         4096        2865.793    509607936    509607936
       62208         8192        5725.383   1019215872   1019215872
       62208        16384       11549.606   2038431744   2038431744
       68352            1           3.887       136704       136704
       68352            2           6.125       273408       273408
       68352            4           7.946       546816       546816
       68352            8           8.689      1093632      1093632
       68352           16          16.883      2187264      2187264
       68352           32          35.770      4374528      4374528
       68352           64          64.403      8749056      8749056
       68352          128         110.801     17498112     17498112
       68352          256         199.417     34996224     34996224
       68352          512         405.757     69992448     69992448
       68352         1024         782.141    139984896    139984896
       68352         2048        1580.107    279969792    279969792
       68352         4096        3147.247    559939584    559939584
       68352         8192        6286.955   1119879168   1119879168
       75072            1           2.904       150144       150144
       75072            2           4.227       300288       300288
       75072            4           8.387       600576       600576
       75072            8           9.627      1201152      1201152
       75072           16          17.210      2402304      2402304
       75072           32          37.888      4804608      4804608
       75072           64          69.572      9609216      9609216
       75072          128         116.634     19218432     19218432
       75072          256         219.178     38436864     38436864
       75072          512         443.930     76873728     76873728
       75072         1024         872.801    153747456    153747456
       75072         2048        1727.219    307494912    307494912
       75072         4096        3473.485    614989824    614989824
       75072         8192        6925.792   1229979648   1229979648
       82560            1           4.193       165120       165120
       82560            2           4.264       330240       330240
       82560            4           6.395       660480       660480
       82560            8          10.880      1320960      1320960
       82560           16          19.400      2641920      2641920
       82560           32          42.372      5283840      5283840
       82560           64          75.569     10567680     10567680
       82560          128         129.523     21135360     21135360
       82560          256         258.043     42270720     42270720
       82560          512         474.257     84541440     84541440
       82560         1024         955.075    169082880    169082880
       82560         2048        1903.567    338165760    338165760
       82560         4096        3799.823    676331520    676331520
       82560         8192        7583.519   1352663040   1352663040
       90816            1           2.682       181632       181632
       90816            2           4.583       363264       363264
       90816            4           7.337       726528       726528
       90816            8          11.902      1453056      1453056
       90816           16          21.684      2906112      2906112
       90816           32          41.160      5812224      5812224
       90816           64          86.834     11624448     11624448
       90816          128         135.666     23248896     23248896
       90816          256         263.445     46497792     46497792
       90816          512         532.595     92995584     92995584
       90816         1024        1053.093    185991168    185991168
       90816         2048        2099.043    371982336    371982336
       90816         4096        4189.517    743964672    743964672
       90816         8192        8371.753   1487929344   1487929344
       99840            1           6.212       199680       199680
       99840            2           5.745       399360       399360
       99840            4           8.448       798720       798720
       99840            8          15.198      1597440      1597440
       99840           16          22.420      3194880      3194880
       99840           32          46.371      6389760      6389760
       99840           64          93.601     12779520     12779520
       99840          128         148.840     25559040     25559040
       99840          256         288.326     51118080     51118080
       99840          512         585.019    102236160    102236160
       99840         1024        1150.641    204472320    204472320
       99840         2048        2294.496    408944640    408944640
       99840         4096        4592.718    817889280    817889280
       99840         8192        9170.572   1635778560   1635778560
      109824            1           5.086       219648       219648
      109824            2           5.457       439296       439296
      109824            4           7.077       878592       878592
      109824            8          14.210      1757184      1757184
      109824           16          24.141      3514368      3514368
      109824           32          50.422      7028736      7028736
      109824           64         101.371     14057472     14057472
      109824          128         160.533     28114944     28114944
      109824          256         316.845     56229888     56229888
      109824          512         639.600    112459776    112459776
      109824         1024        1264.928    224919552    224919552
      109824         2048        2530.508    449839104    449839104
      109824         4096        5047.572    899678208    899678208
      109824         8192       10086.885   1799356416   1799356416
      120768            1           3.711       241536       241536
      120768            2           5.729       483072       483072
      120768            4           8.517       966144       966144
      120768            8          15.409      1932288      1932288
      120768           16          30.867      3864576      3864576
      120768           32          56.212      7729152      7729152
      120768           64          99.430     15458304     15458304
      120768          128         196.827     30916608     30916608
      120768          256         349.248     61833216     61833216
      120768          512         702.135    123666432    123666432
      120768         1024        1390.229    247332864    247332864
      120768         2048        2783.469    494665728    494665728
      120768         4096        5553.808    989331456    989331456
      120768         8192       11113.749   1978662912   1978662912
      132672            1           5.587       265344       265344
      132672            2           5.090       530688       530688
      132672            4          11.807      1061376      1061376
      132672            8          16.034      2122752      2122752
      132672           16          32.690      4245504      4245504
      132672           32          62.586      8491008      8491008
      132672           64         110.039     16982016     16982016
      132672          128         193.609     33964032     33964032
      132672          256         397.388     67928064     67928064
      132672          512         759.649    135856128    135856128
      132672         1024        1534.807    271712256    271712256
      132672         2048        3053.266    543424512    543424512
      132672         4096        6103.131   1086849024   1086849024
      145920            1           3.971       291840       291840
      145920            2           6.740       583680       583680
      145920            4           9.227      1167360      1167360
      145920            8          18.033      2334720      2334720
      145920           16          34.544      4669440      4669440
      145920           32          86.623      9338880      9338880
      145920           64         118.839     18677760     18677760
      145920          128         211.836     37355520     37355520
      145920          256         420.875     74711040     74711040
      145920          512         845.624    149422080    149422080
      145920         1024        1682.305    298844160    298844160
      145920         2048        3355.090    597688320    597688320
      145920         4096        6708.831   1195376640   1195376640
      160512            1           5.613       321024       321024
      160512            2           6.449       642048       642048
      160512            4           9.792      1284096      1284096
      160512            8          19.106      2568192      2568192
      160512           16          39.571      5136384      5136384
      160512           32          72.791     10272768     10272768
      160512           64         125.682     20545536     20545536
      160512          128         251.462     41091072     41091072
      160512          256         463.687     82182144     82182144
      160512          512         927.190    164364288    164364288
      160512         1024        1848.029    328728576    328728576
      160512         2048        3690.564    657457152    657457152
      160512         4096        7367.239   1314914304   1314914304
      176448            1           5.102       352896       352896
      176448            2           7.354       705792       705792
      176448            4          10.419      1411584      1411584
      176448            8          21.197      2823168      2823168
      176448           16          40.710      5646336      5646336
      176448           32          98.613     11292672     11292672
      176448           64         131.638     22585344     22585344
      176448          128         256.473     45170688     45170688
      176448          256         506.375     90341376     90341376
      176448          512        1017.371    180682752    180682752
      176448         1024        2030.097    361365504    361365504
      176448         2048        4071.115    722731008    722731008
      176448         4096        8167.166   1445462016   1445462016
      193920            1           6.222       387840       387840
      193920            2           6.563       775680       775680
      193920            4          10.762      1551360      1551360
      193920            8          21.886      3102720      3102720
      193920           16          45.580      6205440      6205440
      193920           32          89.382     12410880     12410880
      193920           64         142.475     24821760     24821760
      193920          128         297.835     49643520     49643520
      193920          256         555.807     99287040     99287040
      193920          512        1115.847    198574080    198574080
      193920         1024        2236.283    397148160    397148160
      193920         2048        4449.832    794296320    794296320
      193920         4096        8912.359   1588592640   1588592640
      213312            1           4.764       426624       426624
      213312            2           6.679       853248       853248
      213312            4          14.538      1706496      1706496
      213312            8          22.979      3412992      3412992
      213312           16          46.834      6825984      6825984
      213312           32          97.166     13651968     13651968
      213312           64         173.607     27303936     27303936
      213312          128         307.942     54607872     54607872
      213312          256         610.212    109215744    109215744
      213312          512        1236.859    218431488    218431488
      213312         1024        2456.130    436862976    436862976
      213312         2048        4906.511    873725952    873725952
      213312         4096        9813.631   1747451904   1747451904
      234624            1           6.005       469248       469248
      234624            2           6.329       938496       938496
      234624            4          13.489      1876992      1876992
      234624            8          26.363      3753984      3753984
      234624           16          52.653      7507968      7507968
      234624           32          99.764     15015936     15015936
      234624           64         190.352     30031872     30031872
      234624          128         337.060     60063744     60063744
      234624          256         680.541    120127488    120127488
      234624          512        1347.260    240254976    240254976
      234624         1024        3390.679    480509952    480509952
      234624         2048        8301.725    961019904    961019904
      234624         4096       12857.273   1922039808   1922039808
      258048            1           6.037       516096       516096
      258048            2           7.502      1032192      1032192
      258048            4          15.202      2064384      2064384
      258048            8          30.430      4128768      4128768
      258048           16          59.484      8257536      8257536
      258048           32         108.247     16515072     16515072
      258048           64         187.422     33030144     33030144
      258048          128         385.507     66060288     66060288
      258048          256         737.427    132120576    132120576
      258048          512        1499.006    264241152    264241152
      258048         1024        2969.096    528482304    528482304
      258048         2048        5960.083   1056964608   1056964608
      258048         4096       11851.362   2113929216   2113929216
      283776            1           7.197       567552       567552
      283776            2           8.979      1135104      1135104
      283776            4          16.775      2270208      2270208
      283776            8          32.053      4540416      4540416
      283776           16          65.807      9080832      9080832
      283776           32         114.533     18161664     18161664
      283776           64         205.903     36323328     36323328
      283776          128         425.135     72646656     72646656
      283776          256         819.204    145293312    145293312
      283776          512        1628.833    290586624    290586624
      283776         1024        3265.348    581173248    581173248
      283776         2048        6508.135   1162346496   1162346496
      312000            1           5.037       624000       624000
      312000            2          11.167      1248000      1248000
      312000            4          18.755      2496000      2496000
      312000            8          36.516      4992000      4992000
      312000           16          86.693      9984000      9984000
      312000           32         123.839     19968000     19968000
      312000           64         226.326     39936000     39936000
      312000          128         446.895     79872000     79872000
      312000          256         899.710    159744000    159744000
      312000          512        1796.879    319488000    319488000
      312000         1024        3593.497    638976000    638976000
      312000         2048        7190.209   1277952000   1277952000
      343104            1           5.799       686208       686208
      343104            2           8.972      1372416      1372416
      343104            4          18.342      2744832      2744832
      343104            8          40.682      5489664      5489664
      343104           16          74.097     10979328     10979328
      343104           32         130.598     21958656     21958656
      343104           64         265.860     43917312     43917312
      343104          128         490.981     87834624     87834624
      343104          256         988.582    175669248    175669248
      343104          512        1972.823    351338496    351338496
      343104         1024        3941.347    702676992    702676992
      343104         2048        7884.360   1405353984   1405353984
      377280            1           8.152       754560       754560
      377280            2          10.338      1509120      1509120
      377280            4          19.693      3018240      3018240
      377280            8          42.967      6036480      6036480
      377280           16          82.377     12072960     12072960
      377280           32         155.518     24145920     24145920
      377280           64         272.908     48291840     48291840
      377280          128         539.305     96583680     96583680
      377280          256        1086.102    193167360    193167360
      377280          512        2177.986    386334720    386334720
      377280         1024        4328.470    772669440    772669440
      377280         2048        8691.144   1545338880   1545338880
      414912            1          10.804       829824       829824
      414912            2          11.130      1659648      1659648
      414912            4          21.723      3319296      3319296
      414912            8          44.284      6638592      6638592
      414912           16          91.892     13277184     13277184
      414912           32         188.308     26554368     26554368
      414912           64         352.720     53108736     53108736
      414912          128         628.161    106217472    106217472
      414912          256        1194.666    212434944    212434944
      414912          512        2387.957    424869888    424869888
      414912         1024        4756.068    849739776    849739776
      414912         2048        9528.204   1699479552   1699479552
      456384            1           7.725       912768       912768
      456384            2          25.583      1825536      1825536
      456384            4          23.151      3651072      3651072
      456384            8          50.749      7302144      7302144
      456384           16          96.663     14604288     14604288
      456384           32         181.087     29208576     29208576
      456384           64         327.964     58417152     58417152
      456384          128         661.972    116834304    116834304
      456384          256        1307.803    233668608    233668608
      456384          512        2614.061    467337216    467337216
      456384         1024        5236.184    934674432    934674432
      456384         2048       10475.794   1869348864   1869348864
      501888            1           8.623      1003776      1003776
      501888            2          29.631      2007552      2007552
      501888            4          27.065      4015104      4015104
      501888            8          52.197      8030208      8030208
      501888           16         107.636     16060416     16060416
      501888           32         180.221     32120832     32120832
      501888           64         359.404     64241664     64241664
      501888          128         726.332    128483328    128483328
      501888          256        1436.438    256966656    256966656
      501888          512        2883.536    513933312    513933312
      501888         1024        5761.682   1027866624   1027866624
      501888         2048       11541.797   2055733248   2055733248
      552000            1           8.437      1104000      1104000
      552000            2          12.188      2208000      2208000
      552000            4          28.315      4416000      4416000
      552000            8          56.355      8832000      8832000
      552000           16         114.965     17664000     17664000
      552000           32         198.894     35328000     35328000
      552000           64         411.960     70656000     70656000
      552000          128         796.109    141312000    141312000
      552000          256        1581.067    282624000    282624000
      552000          512        3168.094    565248000    565248000
      552000         1024        6346.377   1130496000   1130496000
      607104            1          10.213      1214208      1214208
      607104            2          13.295      2428416      2428416
      607104            4          31.131      4856832      4856832
      607104            8          64.628      9713664      9713664
      607104           16         121.287     19427328     19427328
      607104           32         217.209     38854656     38854656
      607104           64         450.522     77709312     77709312
      607104          128         872.739    155418624    155418624
      607104          256        1742.253    310837248    310837248
      607104          512        3489.078    621674496    621674496
      607104         1024        6962.946   1243348992   1243348992
      667776            1          10.333      1335552      1335552
      667776            2          14.493      2671104      2671104
      667776            4          32.526      5342208      5342208
      667776            8          72.078     10684416     10684416
      667776           16         130.604     21368832     21368832
      667776           32         258.191     42737664     42737664
      667776           64         477.287     85475328     85475328
      667776          128         959.946    170950656    170950656
      667776          256        1918.718    341901312    341901312
      667776          512        3832.882    683802624    683802624
      667776         1024        7660.244   1367605248   1367605248
      734400            1          11.460      1468800      1468800
      734400            2          17.105      2937600      2937600
      734400            4          35.690      5875200      5875200
      734400            8          78.364     11750400     11750400
      734400           16         140.513     23500800     23500800
      734400           32         261.937     47001600     47001600
      734400           64         539.152     94003200     94003200
      734400          128        1053.861    188006400    188006400
      734400          256        2110.640    376012800    376012800
      734400          512        4212.793    752025600    752025600
      734400         1024        8445.457   1504051200   1504051200
      807744            1          10.468      1615488      1615488
      807744            2          19.374      3230976      3230976
      807744            4          38.812      6461952      6461952
      807744            8          85.295     12923904     12923904
      807744           16         151.528     25847808     25847808
      807744           32         306.068     51695616     51695616
      807744           64         574.605    103391232    103391232
      807744          128        1159.074    206782464    206782464
      807744          256        2329.979    413564928    413564928
      807744          512        4633.559    827129856    827129856
      807744         1024        9320.735   1654259712   1654259712
      888384            1          15.517      1776768      1776768
      888384            2          20.633      3553536      3553536
      888384            4          46.503      7107072      7107072
      888384            8          91.452     14214144     14214144
      888384           16         157.256     28428288     28428288
      888384           32         314.860     56856576     56856576
      888384           64         640.714    113713152    113713152
      888384          128        1272.295    227426304    227426304
      888384          256        2553.207    454852608    454852608
      888384          512        5104.573    909705216    909705216
      888384         1024       10188.427   1819410432   1819410432
      977088            1          34.755      1954176      1954176
      977088            2          21.968      3908352      3908352
      977088            4          51.061      7816704      7816704
      977088            8         109.145     15633408     15633408
      977088           16         205.186     31266816     31266816
      977088           32         406.706     62533632     62533632
      977088           64         706.406    125067264    125067264
      977088          128        1396.924    250134528    250134528
      977088          256        2802.923    500269056    500269056
      977088          512        5606.200   1000538112   1000538112
      977088         1024       11203.256   2001076224   2001076224
     1074624            1          15.514      2149248      2149248
     1074624            2          23.744      4298496      4298496
     1074624            4          55.038      8596992      8596992
     1074624            8         125.706     17193984     17193984
     1074624           16         190.283     34387968     34387968
     1074624           32         381.928     68775936     68775936
     1074624           64         771.040    137551872    137551872
     1074624          128        1535.953    275103744    275103744
     1074624          256        3090.458    550207488    550207488
     1074624          512        6159.499   1100414976   1100414976
     1181952            1          14.883      2363904      2363904
     1181952            2          27.274      4727808      4727808
     1181952            4          57.870      9455616      9455616
     1181952            8         119.390     18911232     18911232
     1181952           16         207.853     37822464     37822464
     1181952           32         436.407     75644928     75644928
     1181952           64         846.702    151289856    151289856
     1181952          128        1691.123    302579712    302579712
     1181952          256        3549.887    605159424    605159424
     1181952          512        6777.151   1210318848   1210318848
     1300032            1          17.374      2600064      2600064
     1300032            2          29.906      5200128      5200128
     1300032            4          60.569     10400256     10400256
     1300032            8         125.598     20800512     20800512
     1300032           16         227.859     41601024     41601024
     1300032           32         475.078     83202048     83202048
     1300032           64         931.475    166404096    166404096
     1300032          128        1863.675    332808192    332808192
     1300032          256        3730.694    665616384    665616384
     1300032          512        7459.232   1331232768   1331232768
     1430016            1          18.039      2860032      2860032
     1430016            2          31.226      5720064      5720064
     1430016            4          66.119     11440128     11440128
     1430016            8         138.586     22880256     22880256
     1430016           16         267.427     45760512     45760512
     1430016           32         503.923     91521024     91521024
     1430016           64        1021.636    183042048    183042048
     1430016          128        2046.121    366084096    366084096
     1430016          256        4097.428    732168192    732168192
     1430016          512        8203.466   1464336384   1464336384
     1572864            1          25.026      3145728      3145728
     1572864            2          34.519      6291456      6291456
     1572864            4          72.019     12582912     12582912
     1572864            8         147.206     25165824     25165824
     1572864           16         276.478     50331648     50331648
     1572864           32         569.533    100663296    100663296
     1572864           64        1121.900    201326592    201326592
     1572864          128        2249.282    402653184    402653184
     1572864          256        4508.302    805306368    805306368
     1572864          512        9014.418   1610612736   1610612736
     1730112            1          22.341      3460224      3460224
     1730112            2          36.834      6920448      6920448
     1730112            4          82.615     13840896     13840896
     1730112            8         157.770     27681792     27681792
     1730112           16         319.809     55363584     55363584
     1730112           32         608.650    110727168    110727168
     1730112           64        1244.302    221454336    221454336
     1730112          128        2470.379    442908672    442908672
     1730112          256        4956.887    885817344    885817344
     1730112          512        9921.261   1771634688   1771634688
     1903104            1          22.976      3806208      3806208
     1903104            2          39.684      7612416      7612416
     1903104            4          89.927     15224832     15224832
     1903104            8         187.166     30449664     30449664
     1903104           16         330.821     60899328     60899328
     1903104           32         679.656    121798656    121798656
     1903104           64        1353.488    243597312    243597312
     1903104          128        2727.128    487194624    487194624
     1903104          256        6479.694    974389248    974389248
     1903104          512       10902.962   1948778496   1948778496
     2093376            1          25.408      4186752      4186752
     2093376            2          42.780      8373504      8373504
     2093376            4          94.476     16747008     16747008
     2093376            8         203.628     33494016     33494016
     2093376           16         363.756     66988032     66988032
     2093376           32         746.603    133976064    133976064
     2093376           64        1487.769    267952128    267952128
     2093376          128        2992.881    535904256    535904256
     2093376          256        5991.787   1071808512   1071808512
     2093376          512       11993.225   2143617024   2143617024
     2302656            1          27.824      4605312      4605312
     2302656            2          44.746      9210624      9210624
     2302656            4         105.158     18421248     18421248
     2302656            8         197.338     36842496     36842496
     2302656           16         400.470     73684992     73684992
     2302656           32         817.254    147369984    147369984
     2302656           64        1646.111    294739968    294739968
     2302656          128        3289.263    589479936    589479936
     2302656          256        6600.050   1178959872   1178959872
     2532864            1          42.442      5065728      5065728
     2532864            2          50.241     10131456     10131456
     2532864            4         115.302     20262912     20262912
     2532864            8         214.458     40525824     40525824
     2532864           16         453.704     81051648     81051648
     2532864           32         899.730    162103296    162103296
     2532864           64        1808.094    324206592    324206592
     2532864          128        3616.323    648413184    648413184
     2532864          256        7248.935   1296826368   1296826368
     2786112            1          39.537      5572224      5572224
     2786112            2          53.791     11144448     11144448
     2786112            4         122.745     22288896     22288896
     2786112            8         234.879     44577792     44577792
     2786112           16         492.496     89155584     89155584
     2786112           32         986.859    178311168    178311168
     2786112           64        1986.335    356622336    356622336
     2786112          128        3981.875    713244672    713244672
     2786112          256        7977.300   1426489344   1426489344
     3064704            1          46.232      6129408      6129408
     3064704            2          58.483     12258816     12258816
     3064704            4         133.184     24517632     24517632
     3064704            8         257.881     49035264     49035264
     3064704           16         547.211     98070528     98070528
     3064704           32        1082.824    196141056    196141056
     3064704           64        2179.011    392282112    392282112
     3064704          128        4385.958    784564224    784564224
     3064704          256        8768.696   1569128448   1569128448
     3371136            1          47.028      6742272      6742272
     3371136            2          62.722     13484544     13484544
     3371136            4         143.597     26969088     26969088
     3371136            8         283.359     53938176     53938176
     3371136           16         592.426    107876352    107876352
     3371136           32        1190.834    215752704    215752704
     3371136           64        2395.436    431505408    431505408
     3371136          128        4820.626    863010816    863010816
     3371136          256        9649.945   1726021632   1726021632
     3708096            1          50.099      7416192      7416192
     3708096            2          70.754     14832384     14832384
     3708096            4         156.909     29664768     29664768
     3708096            8         328.391     59329536     59329536
     3708096           16         640.455    118659072    118659072
     3708096           32        1318.056    237318144    237318144
     3708096           64        2634.845    474636288    474636288
     3708096          128        5303.958    949272576    949272576
     3708096          256       10604.718   1898545152   1898545152
     4078848            1          49.927      8157696      8157696
     4078848            2          77.330     16315392     16315392
     4078848            4         170.147     32630784     32630784
     4078848            8         341.497     65261568     65261568
     4078848           16         717.242    130523136    130523136
     4078848           32        1439.775    261046272    261046272
     4078848           64        3944.159    522092544    522092544
     4078848          128        5824.341   1044185088   1044185088
     4078848          256       11678.969   2088370176   2088370176
     4486656            1          59.957      8973312      8973312
     4486656            2          82.342     17946624     17946624
     4486656            4         184.428     35893248     35893248
     4486656            8         390.858     71786496     71786496
     4486656           16         784.043    143572992    143572992
     4486656           32        1579.615    287145984    287145984
     4486656           64        3190.701    574291968    574291968
     4486656          128        6417.731   1148583936   1148583936
     4935168            1          74.162      9870336      9870336
     4935168            2          88.918     19740672     19740672
     4935168            4         203.775     39481344     39481344
     4935168            8         429.627     78962688     78962688
     4935168           16         862.325    157925376    157925376
     4935168           32        1733.817    315850752    315850752
     4935168           64        3529.789    631701504    631701504
     4935168          128        7065.149   1263403008   1263403008
     5428608            1          67.050     10857216     10857216
     5428608            2          96.430     21714432     21714432
     5428608            4         237.162     43428864     43428864
     5428608            8         452.604     86857728     86857728
     5428608           16         947.495    173715456    173715456
     5428608           32        1925.157    347430912    347430912
     5428608           64        3865.296    694861824    694861824
     5428608          128        7750.221   1389723648   1389723648
     5971392            1          82.208     11942784     11942784
     5971392            2         106.831     23885568     23885568
     5971392            4         238.713     47771136     47771136
     5971392            8         509.698     95542272     95542272
     5971392           16        1037.245    191084544    191084544
     5971392           32        2103.928    382169088    382169088
     5971392           64        4242.815    764338176    764338176
     5971392          128        8538.611   1528676352   1528676352
     6568512            1          89.999     13137024     13137024
     6568512            2         117.540     26274048     26274048
     6568512            4         267.359     52548096     52548096
     6568512            8         561.670    105096192    105096192
     6568512           16        1139.144    210192384    210192384
     6568512           32        2311.636    420384768    420384768
     6568512           64        4677.561    840769536    840769536
     6568512          128        9423.401   1681539072   1681539072
     7225344            1          96.459     14450688     14450688
     7225344            2         127.307     28901376     28901376
     7225344            4         285.286     57802752     57802752
     7225344            8         612.540    115605504    115605504
     7225344           16        1251.265    231211008    231211008
     7225344           32        2551.816    462422016    462422016
     7225344           64        5133.771    924844032    924844032
     7225344          128       10313.034   1849688064   1849688064
     7947840            1          93.755     15895680     15895680
     7947840            2         138.081     31791360     31791360
     7947840            4         323.922     63582720     63582720
     7947840            8         658.757    127165440    127165440
     7947840           16        1386.364    254330880    254330880
     7947840           32        2804.766    508661760    508661760
     7947840           64        5640.449   1017323520   1017323520
     7947840          128       11350.660   2034647040   2034647040
     8742528            1         106.450     17485056     17485056
     8742528            2         153.274     34970112     34970112
     8742528            4         336.581     69940224     69940224
     8742528            8         739.445    139880448    139880448
     8742528           16        1525.614    279760896    279760896
     8742528           32        3080.253    559521792    559521792
     8742528           64        7723.004   1119043584   1119043584
     9616704            1         125.748     19233408     19233408
     9616704            2         163.224     38466816     38466816
     9616704            4         370.050     76933632     76933632
     9616704            8         814.106    153867264    153867264
     9616704           16        1672.285    307734528    307734528
     9616704           32        3387.278    615469056    615469056
     9616704           64        6834.120   1230938112   1230938112
    10578240            1         133.786     21156480     21156480
    10578240            2         194.756     42312960     42312960
    10578240            4         407.417     84625920     84625920
    10578240            8         888.867    169251840    169251840
    10578240           16        1844.654    338503680    338503680
    10578240           32        3731.195    677007360    677007360
    10578240           64        7516.090   1354014720   1354014720
    11635968            1         136.609     23271936     23271936
    11635968            2         210.912     46543872     46543872
    11635968            4         447.533     93087744     93087744
    11635968            8         973.314    186175488    186175488
    11635968           16        2014.214    372350976    372350976
    11635968           32        4125.186    744701952    744701952
    11635968           64        8289.360   1489403904   1489403904
    12799488            1         159.191     25598976     25598976
    12799488            2         218.331     51197952     51197952
    12799488            4         493.016    102395904    102395904
    12799488            8        1082.135    204791808    204791808
    12799488           16        2215.323    409583616    409583616
    12799488           32        4502.304    819167232    819167232
    12799488           64        9126.493   1638334464   1638334464
    14079360            1         172.178     28158720     28158720
    14079360            2         235.220     56317440     56317440
    14079360            4         551.767    112634880    112634880
    14079360            8        1176.456    225269760    225269760
    14079360           16        2432.824    450539520    450539520
    14079360           32        4958.589    901079040    901079040
    14079360           64       10019.013   1802158080   1802158080
    15487296            1         185.780     30974592     30974592
    15487296            2         272.401     61949184     61949184
    15487296            4         594.415    123898368    123898368
    15487296            8        1298.835    247796736    247796736
    15487296           16        2675.764    495593472    495593472
    15487296           32        5457.693    991186944    991186944
    15487296           64       11011.066   1982373888   1982373888
    17035968            1         218.074     34071936     34071936
    17035968            2         281.534     68143872     68143872
    17035968            4         666.463    136287744    136287744
    17035968            8        1431.861    272575488    272575488
    17035968           16        2946.719    545150976    545150976
    17035968           32        5997.557   1090301952   1090301952
    18739392            1         223.307     37478784     37478784
    18739392            2         309.703     74957568     74957568
    18739392            4         733.727    149915136    149915136
    18739392            8        1558.618    299830272    299830272
    18739392           16        3250.237    599660544    599660544
    18739392           32        6591.110   1199321088   1199321088
    20613312            1         263.044     41226624     41226624
    20613312            2         344.932     82453248     82453248
    20613312            4         801.250    164906496    164906496
    20613312            8        1723.628    329812992    329812992
    20613312           16        3561.565    659625984    659625984
    20613312           32        7256.569   1319251968   1319251968
    22674624            1         276.465     45349248     45349248
    22674624            2         370.030     90698496     90698496
    22674624            4         880.654    181396992    181396992
    22674624            8        1898.601    362793984    362793984
    22674624           16        3926.744    725587968    725587968
    22674624           32        7992.995   1451175936   1451175936
    24941952            1         259.701     49883904     49883904
    24941952            2         419.488     99767808     99767808
    24941952            4         966.074    199535616    199535616
    24941952            8        2083.303    399071232    399071232
    24941952           16        4331.795    798142464    798142464
    24941952           32        9885.627   1596284928   1596284928
    27436032            1         263.723     54872064     54872064
    27436032            2         447.550    109744128    109744128
    27436032            4        1059.928    219488256    219488256
    27436032            8        2289.723    438976512    438976512
    27436032           16        4758.119    877953024    877953024
    27436032           32        9689.098   1755906048   1755906048
    30179520            1         260.938     60359040     60359040
    30179520            2         505.628    120718080    120718080
    30179520            4        1164.731    241436160    241436160
    30179520            8        2514.039    482872320    482872320
    30179520           16        5240.118    965744640    965744640
    30179520           32       10642.384   1931489280   1931489280
    33197376            1         312.096     66394752     66394752
    33197376            2         537.187    132789504    132789504
    33197376            4        1291.056    265579008    265579008
    33197376            8        2762.351    531158016    531158016
    33197376           16        5757.988   1062316032   1062316032
    33197376           32       11712.345   2124632064   2124632064
    36517056            1         318.370     73034112     73034112
    36517056            2         605.930    146068224    146068224
    36517056            4        1404.881    292136448    292136448
    36517056            8        3046.810    584272896    584272896
    36517056           16        6334.602   1168545792   1168545792
    40168704            1         359.254     80337408     80337408
    40168704            2         671.736    160674816    160674816
    40168704            4        1558.312    321349632    321349632
    40168704            8        3347.186    642699264    642699264
    40168704           16        6956.588   1285398528   1285398528
    44185536            1         408.479     88371072     88371072
    44185536            2         725.636    176742144    176742144
    44185536            4        1716.696    353484288    353484288
    44185536            8        3694.814    706968576    706968576
    44185536           16        7648.188   1413937152   1413937152
    48604032            1         430.928     97208064     97208064
    48604032            2         815.797    194416128    194416128
    48604032            4        1881.179    388832256    388832256
    48604032            8        4065.982    777664512    777664512
    48604032           16        8439.282   1555329024   1555329024
    53464320            1         496.093    106928640    106928640
    53464320            2         925.762    213857280    213857280
    53464320            4        2093.671    427714560    427714560
    53464320            8        4496.098    855429120    855429120
    53464320           16        9347.592   1710858240   1710858240
    58810752            1         511.160    117621504    117621504
    58810752            2        1016.169    235243008    235243008
    58810752            4        2343.769    470486016    470486016
    58810752            8        4997.637    940972032    940972032
    58810752           16       10330.016   1881944064   1881944064
    64691712            1         596.512    129383424    129383424
    64691712            2        1124.573    258766848    258766848
    64691712            4        2600.417    517533696    517533696
    64691712            8        5497.194   1035067392   1035067392
    64691712           16       11378.189   2070134784   2070134784
    71160768            1         675.146    142321536    142321536
    71160768            2        1256.377    284643072    284643072
    71160768            4        2868.151    569286144    569286144
    71160768            8        6078.968   1138572288   1138572288
    78276672            1         733.006    156553344    156553344
    78276672            2        1379.825    313106688    313106688
    78276672            4        3206.985    626213376    626213376
    78276672            8        6682.140   1252426752   1252426752
    86104320            1         814.083    172208640    172208640
    86104320            2        1567.023    344417280    344417280
    86104320            4        3475.401    688834560    688834560
    86104320            8        7412.079   1377669120   1377669120
    94714752            1         903.409    189429504    189429504
    94714752            2        1735.554    378859008    378859008
    94714752            4        3845.712    757718016    757718016
    94714752            8        8131.612   1515436032   1515436032
   104186112            1        1000.649    208372224    208372224
   104186112            2        1944.109    416744448    416744448
   104186112            4        4233.132    833488896    833488896
   104186112            8        8966.438   1666977792   1666977792
   114604608            1        1127.110    229209216    229209216
   114604608            2        2193.994    458418432    458418432
   114604608            4        4695.420    916836864    916836864
   114604608            8        9924.823   1833673728   1833673728
   126064896            1        1258.119    252129792    252129792
   126064896            2        2443.572    504259584    504259584
   126064896            4        5249.727   1008519168   1008519168
   126064896            8       10910.584   2017038336   2017038336
   138671232            1        1403.842    277342464    277342464
   138671232            2        2726.154    554684928    554684928
   138671232            4        5831.912   1109369856   1109369856
   152538240            1        1584.713    305076480    305076480
   152538240            2        3047.131    610152960    610152960
   152538240            4        6438.272   1220305920   1220305920
   167792064            1        1765.644    335584128    335584128
   167792064            2        3447.165    671168256    671168256
   167792064            4        7147.869   1342336512   1342336512
   184571136            1        1935.928    369142272    369142272
   184571136            2        3796.595    738284544    738284544
   184571136            4        7909.396   1476569088   1476569088
   203028096            1        2148.474    406056192    406056192
   203028096            2        4208.318    812112384    812112384
   203028096            4        8730.731   1624224768   1624224768
   223330752            1        2410.106    446661504    446661504
   223330752            2        4729.123    893323008    893323008
   223330752            4        9697.439   1786646016   1786646016
   245663808            1        2642.219    491327616    491327616
   245663808            2        5185.062    982655232    982655232
   245663808            4       10744.718   1965310464   1965310464
   270230016            1        2933.498    540460032    540460032
   270230016            2        5744.944   1080920064   1080920064
   297252864            1        3265.862    594505728    594505728
   297252864            2        6399.156   1189011456   1189011456
   326978112            1        3558.036    653956224    653956224
   326978112            2        7051.865   1307912448   1307912448
   359675904            1        3954.633    719351808    719351808
   359675904            2        7827.222   1438703616   1438703616
   395643456            1        4446.508    791286912    791286912
   395643456            2        9340.593   1582573824   1582573824
   435207744            1        4911.750    870415488    870415488
   435207744            2        9901.599   1740830976   1740830976
   478728384            1        5676.727    957456768    957456768
   478728384            2       11200.272   1914913536   1914913536
   526601088            1        6055.127   1053202176   1053202176
   526601088            2       12010.233   2106404352   2106404352
   579261120            1        6959.635   1158522240   1158522240
   637187136            1        7515.761   1274374272   1274374272
   700905792            1        8142.315   1401811584   1401811584
   770996352            1        8852.654   1541992704   1541992704
   848095872            1        9800.307   1696191744   1696191744
   932905344            1       10671.164   1865810688   1865810688
  1026195840            1       11842.003   2052391680   2052391680

META_DATA
FLOPS          16
MPI_PROCS      1
OPENMP_THREADS 24
ERT_VERSION  1.1.0
HOSTNAME  ('dp-cn26.deep', [], ['10.2.9.126'])
UNAME  uname_result(system='Linux', node='dp-cn26', release='4.18.0-513.24.1.el8_9.x86_64', version='#1 SMP Thu Apr 4 18:13:02 UTC 2024', machine='x86_64')
TIMESTAMP_DATA  1713441596.683474
CONFIG  {'ERT_RESULTS': ['Results.cn.deep.fz-juelich.de.01.gcc2023-O3-only'], 'ERT_DRIVER': ['driver1'], 'ERT_KERNEL': ['kernel1'], 'ERT_MPI': ['True'], 'ERT_MPI_CFLAGS': ['-I', '/p/software/deep/stages/2023/software/psmpi/5.9.2-1-GCC-11.3.0/include'], 'ERT_MPI_LDFLAGS': ['-L', '/p/software/deep/stages/2023/software/psmpi/5.9.2-1-GCC-11.3.0/lib', '-lmpi'], 'ERT_OPENMP': ['True'], 'ERT_OPENMP_CFLAGS': ['-fopenmp'], 'ERT_OPENMP_LDFLAGS': ['-fopenmp'], 'ERT_FLOPS': ['1,2,4,8,16,64,128'], 'ERT_ALIGN': ['64'], 'ERT_CC': ['mpicxx'], 'ERT_CFLAGS': ['-g', '-O3'], 'ERT_LD': ['mpicxx'], 'ERT_LDFLAGS': [], 'ERT_LDLIBS': [], 'ERT_PRECISION': ['FP64'], 'ERT_RUN': ['export', 'OMP_NUM_THREADS=ERT_OPENMP_THREADS;', 'export', 'OMP_PLACES="cores(ERT_OPENMP_THREADS)";', 'srun', '-p', 'dp-cn', '-n', 'ERT_MPI_PROCS', '-c', '48', '--ntasks-per-node', '1', 'ERT_CODE'], 'ERT_PROCS_THREADS': ['24'], 'ERT_MPI_PROCS': ['1'], 'ERT_OPENMP_THREADS': ['24'], 'ERT_NUM_EXPERIMENTS': ['5'], 'ERT_MEMORY_MAX': ['1073741824'], 'ERT_WORKING_SET_MIN': ['128'], 'ERT_TRIALS_MIN': ['1'], 'ERT_GNUPLOT': ['gnuplot'], 'ERT_GPU': [False], 'ERT_HIP': [False], 'ERT_OCL': [False], 'ERT_SYCL': [False], 'ERT_WSS_MULT': [1.1]}
