fp64
       24576            1           4.404        49152        49152
       24576            2           3.126        98304        98304
       24576            4           4.036       196608       196608
       24576            8           6.054       393216       393216
       24576           16           7.783       786432       786432
       24576           32          14.353      1572864      1572864
       24576           64          23.754      3145728      3145728
       24576          128          45.396      6291456      6291456
       24576          256          95.917     12582912     12582912
       24576          512         158.061     25165824     25165824
       24576         1024         301.558     50331648     50331648
       24576         2048         565.454    100663296    100663296
       24576         4096        1134.756    201326592    201326592
       24576         8192        2284.062    402653184    402653184
       24576        16384        4513.408    805306368    805306368
       24576        32768        9059.415   1610612736   1610612736
       26880            1           3.900        53760        53760
       26880            2           3.738       107520       107520
       26880            4           4.115       215040       215040
       26880            8           5.758       430080       430080
       26880           16           7.422       860160       860160
       26880           32          13.676      1720320      1720320
       26880           64          28.193      3440640      3440640
       26880          128          48.524      6881280      6881280
       26880          256          97.844     13762560     13762560
       26880          512         159.289     27525120     27525120
       26880         1024         314.953     55050240     55050240
       26880         2048         629.148    110100480    110100480
       26880         4096        1237.328    220200960    220200960
       26880         8192        2480.156    440401920    440401920
       26880        16384        4940.541    880803840    880803840
       26880        32768        9919.614   1761607680   1761607680
       29568            1           3.080        59136        59136
       29568            2           3.690       118272       118272
       29568            4           4.585       236544       236544
       29568            8           5.419       473088       473088
       29568           16           9.234       946176       946176
       29568           32          15.574      1892352      1892352
       29568           64          31.450      3784704      3784704
       29568          128          55.857      7569408      7569408
       29568          256         103.398     15138816     15138816
       29568          512         194.016     30277632     30277632
       29568         1024         343.176     60555264     60555264
       29568         2048         689.862    121110528    121110528
       29568         4096        1363.005    242221056    242221056
       29568         8192        2730.830    484442112    484442112
       29568        16384        5446.166    968884224    968884224
       29568        32768       10914.349   1937768448   1937768448
       32448            1           4.537        64896        64896
       32448            2           3.183       129792       129792
       32448            4           5.694       259584       259584
       32448            8           8.992       519168       519168
       32448           16          11.019      1038336      1038336
       32448           32          16.376      2076672      2076672
       32448           64          51.807      4153344      4153344
       32448          128          64.036      8306688      8306688
       32448          256         108.539     16613376     16613376
       32448          512         192.081     33226752     33226752
       32448         1024         377.871     66453504     66453504
       32448         2048         762.391    132907008    132907008
       32448         4096        1514.945    265814016    265814016
       32448         8192        3018.151    531628032    531628032
       32448        16384        6024.813   1063256064   1063256064
       32448        32768       12039.367   2126512128   2126512128
       35520            1           3.759        71040        71040
       35520            2           3.392       142080       142080
       35520            4           4.462       284160       284160
       35520            8           6.818       568320       568320
       35520           16          10.402      1136640      1136640
       35520           32          18.804      2273280      2273280
       35520           64          37.058      4546560      4546560
       35520          128          71.204      9093120      9093120
       35520          256         112.173     18186240     18186240
       35520          512         226.051     36372480     36372480
       35520         1024         411.379     72744960     72744960
       35520         2048         828.281    145489920    145489920
       35520         4096        1641.111    290979840    290979840
       35520         8192        3291.598    581959680    581959680
       35520        16384        6559.622   1163919360   1163919360
       38976            1           4.026        77952        77952
       38976            2           4.038       155904       155904
       38976            4           7.871       311808       311808
       38976            8           7.804       623616       623616
       38976           16          11.119      1247232      1247232
       38976           32          18.483      2494464      2494464
       38976           64          37.923      4988928      4988928
       38976          128          78.435      9977856      9977856
       38976          256         119.406     19955712     19955712
       38976          512         228.077     39911424     39911424
       38976         1024         465.233     79822848     79822848
       38976         2048         908.664    159645696    159645696
       38976         4096        1801.941    319291392    319291392
       38976         8192        3615.607    638582784    638582784
       38976        16384        7216.874   1277165568   1277165568
       42816            1           3.165        85632        85632
       42816            2           3.712       171264       171264
       42816            4           3.995       342528       342528
       42816            8           7.659       685056       685056
       42816           16          12.217      1370112      1370112
       42816           32          20.839      2740224      2740224
       42816           64          40.778      5480448      5480448
       42816          128          83.107     10960896     10960896
       42816          256         131.189     21921792     21921792
       42816          512         250.192     43843584     43843584
       42816         1024         507.789     87687168     87687168
       42816         2048         995.113    175374336    175374336
       42816         4096        1984.097    350748672    350748672
       42816         8192        3962.880    701497344    701497344
       42816        16384        7920.474   1402994688   1402994688
       47040            1           4.894        94080        94080
       47040            2           3.785       188160       188160
       47040            4           6.413       376320       376320
       47040            8           6.108       752640       752640
       47040           16          13.704      1505280      1505280
       47040           32          22.508      3010560      3010560
       47040           64          43.246      6021120      6021120
       47040          128          89.919     12042240     12042240
       47040          256         140.513     24084480     24084480
       47040          512         292.007     48168960     48168960
       47040         1024         543.301     96337920     96337920
       47040         2048        1092.119    192675840    192675840
       47040         4096        2189.391    385351680    385351680
       47040         8192        4347.775    770703360    770703360
       47040        16384        8726.261   1541406720   1541406720
       51648            1           4.391       103296       103296
       51648            2           2.974       206592       206592
       51648            4           6.497       413184       413184
       51648            8           7.154       826368       826368
       51648           16          13.757      1652736      1652736
       51648           32          25.847      3305472      3305472
       51648           64          48.662      6610944      6610944
       51648          128          95.887     13221888     13221888
       51648          256         152.774     26443776     26443776
       51648          512         317.946     52887552     52887552
       51648         1024         595.928    105775104    105775104
       51648         2048        1207.242    211550208    211550208
       51648         4096        2385.610    423100416    423100416
       51648         8192        4776.637    846200832    846200832
       51648        16384        9536.295   1692401664   1692401664
       56640            1           4.977       113280       113280
       56640            2           3.772       226560       226560
       56640            4           7.717       453120       453120
       56640            8           8.524       906240       906240
       56640           16          16.860      1812480      1812480
       56640           32          29.629      3624960      3624960
       56640           64          49.626      7249920      7249920
       56640          128         102.028     14499840     14499840
       56640          256         168.247     28999680     28999680
       56640          512         330.636     57999360     57999360
       56640         1024         664.530    115998720    115998720
       56640         2048        1309.263    231997440    231997440
       56640         4096        2621.893    463994880    463994880
       56640         8192        5227.404    927989760    927989760
       56640        16384       10471.506   1855979520   1855979520
       62208            1           4.367       124416       124416
       62208            2           4.513       248832       248832
       62208            4           4.303       497664       497664
       62208            8           9.330       995328       995328
       62208           16          15.823      1990656      1990656
       62208           32          31.000      3981312      3981312
       62208           64          57.490      7962624      7962624
       62208          128         129.282     15925248     15925248
       62208          256         229.767     31850496     31850496
       62208          512         414.838     63700992     63700992
       62208         1024         723.821    127401984    127401984
       62208         2048        1429.759    254803968    254803968
       62208         4096        2866.139    509607936    509607936
       62208         8192        5722.191   1019215872   1019215872
       62208        16384       11437.854   2038431744   2038431744
       68352            1           3.212       136704       136704
       68352            2           4.234       273408       273408
       68352            4           6.467       546816       546816
       68352            8           9.075      1093632      1093632
       68352           16          16.545      2187264      2187264
       68352           32          34.633      4374528      4374528
       68352           64          63.471      8749056      8749056
       68352          128         111.263     17498112     17498112
       68352          256         200.235     34996224     34996224
       68352          512         404.906     69992448     69992448
       68352         1024         785.803    139984896    139984896
       68352         2048        1579.115    279969792    279969792
       68352         4096        3143.383    559939584    559939584
       68352         8192        6279.894   1119879168   1119879168
       75072            1           4.035       150144       150144
       75072            2           4.020       300288       300288
       75072            4           7.229       600576       600576
       75072            8           9.112      1201152      1201152
       75072           16          18.262      2402304      2402304
       75072           32          36.723      4804608      4804608
       75072           64          70.847      9609216      9609216
       75072          128         120.788     19218432     19218432
       75072          256         218.696     38436864     38436864
       75072          512         447.967     76873728     76873728
       75072         1024         873.545    153747456    153747456
       75072         2048        1728.715    307494912    307494912
       75072         4096        3470.698    614989824    614989824
       75072         8192        6921.267   1229979648   1229979648
       82560            1           3.504       165120       165120
       82560            2           5.192       330240       330240
       82560            4          10.177       660480       660480
       82560            8           9.682      1320960      1320960
       82560           16          19.250      2641920      2641920
       82560           32          41.276      5283840      5283840
       82560           64          79.620     10567680     10567680
       82560          128         122.771     21135360     21135360
       82560          256         240.222     42270720     42270720
       82560          512         474.714     84541440     84541440
       82560         1024         954.329    169082880    169082880
       82560         2048        1901.203    338165760    338165760
       82560         4096        3798.516    676331520    676331520
       82560         8192        7635.236   1352663040   1352663040
       90816            1           6.335       181632       181632
       90816            2           4.796       363264       363264
       90816            4           6.638       726528       726528
       90816            8          12.013      1453056      1453056
       90816           16          21.276      2906112      2906112
       90816           32          40.806      5812224      5812224
       90816           64          87.477     11624448     11624448
       90816          128         135.536     23248896     23248896
       90816          256         281.028     46497792     46497792
       90816          512         522.324     92995584     92995584
       90816         1024        1050.937    185991168    185991168
       90816         2048        2093.952    371982336    371982336
       90816         4096        4182.801    743964672    743964672
       90816         8192        8375.922   1487929344   1487929344
       99840            1           4.008       199680       199680
       99840            2           4.166       399360       399360
       99840            4           6.525       798720       798720
       99840            8          11.903      1597440      1597440
       99840           16          22.871      3194880      3194880
       99840           32          44.463      6389760      6389760
       99840           64          90.233     12779520     12779520
       99840          128         163.609     25559040     25559040
       99840          256         289.384     51118080     51118080
       99840          512         572.848    102236160    102236160
       99840         1024        1159.695    204472320    204472320
       99840         2048        2294.309    408944640    408944640
       99840         4096        4593.727    817889280    817889280
       99840         8192        9167.845   1635778560   1635778560
      109824            1           4.863       219648       219648
      109824            2           4.619       439296       439296
      109824            4           6.606       878592       878592
      109824            8          14.334      1757184      1757184
      109824           16          25.651      3514368      3514368
      109824           32          49.704      7028736      7028736
      109824           64          98.951     14057472     14057472
      109824          128         161.032     28114944     28114944
      109824          256         334.727     56229888     56229888
      109824          512         628.874    112459776    112459776
      109824         1024        1272.335    224919552    224919552
      109824         2048        2520.751    449839104    449839104
      109824         4096        5045.889    899678208    899678208
      109824         8192       10086.852   1799356416   1799356416
      120768            1           3.731       241536       241536
      120768            2           4.441       483072       483072
      120768            4           6.902       966144       966144
      120768            8          14.410      1932288      1932288
      120768           16          27.856      3864576      3864576
      120768           32          56.194      7729152      7729152
      120768           64         103.551     15458304     15458304
      120768          128         178.599     30916608     30916608
      120768          256         363.981     61833216     61833216
      120768          512         694.042    123666432    123666432
      120768         1024        1399.832    247332864    247332864
      120768         2048        2776.014    494665728    494665728
      120768         4096        5561.444    989331456    989331456
      120768         8192       11114.159   1978662912   1978662912
      132672            1          21.101       265344       265344
      132672            2           6.024       530688       530688
      132672            4           9.125      1061376      1061376
      132672            8          17.585      2122752      2122752
      132672           16          33.067      4245504      4245504
      132672           32          59.218      8491008      8491008
      132672           64         112.967     16982016     16982016
      132672          128         193.951     33964032     33964032
      132672          256         383.074     67928064     67928064
      132672          512         769.758    135856128    135856128
      132672         1024        1534.281    271712256    271712256
      132672         2048        3055.506    543424512    543424512
      132672         4096        6103.630   1086849024   1086849024
      145920            1           3.583       291840       291840
      145920            2           5.086       583680       583680
      145920            4           8.627      1167360      1167360
      145920            8          20.252      2334720      2334720
      145920           16          36.444      4669440      4669440
      145920           32          67.941      9338880      9338880
      145920           64         118.106     18677760     18677760
      145920          128         212.817     37355520     37355520
      145920          256         419.611     74711040     74711040
      145920          512         843.204    149422080    149422080
      145920         1024        1682.360    298844160    298844160
      145920         2048        3352.241    597688320    597688320
      145920         4096        6702.252   1195376640   1195376640
      160512            1           4.412       321024       321024
      160512            2           5.150       642048       642048
      160512            4           8.558      1284096      1284096
      160512            8          19.503      2568192      2568192
      160512           16          38.719      5136384      5136384
      160512           32          74.643     10272768     10272768
      160512           64         126.698     20545536     20545536
      160512          128         250.311     41091072     41091072
      160512          256         461.897     82182144     82182144
      160512          512         930.062    164364288    164364288
      160512         1024        1847.513    328728576    328728576
      160512         2048        3689.855    657457152    657457152
      160512         4096        7374.431   1314914304   1314914304
      176448            1           6.163       352896       352896
      176448            2           4.477       705792       705792
      176448            4           9.816      1411584      1411584
      176448            8          21.786      2823168      2823168
      176448           16          41.961      5646336      5646336
      176448           32          95.437     11292672     11292672
      176448           64         133.042     22585344     22585344
      176448          128         255.435     45170688     45170688
      176448          256         507.977     90341376     90341376
      176448          512        1018.427    180682752    180682752
      176448         1024        2040.278    361365504    361365504
      176448         2048        4057.683    722731008    722731008
      176448         4096        8115.568   1445462016   1445462016
      193920            1           3.949       387840       387840
      193920            2           5.570       775680       775680
      193920            4          12.493      1551360      1551360
      193920            8          22.279      3102720      3102720
      193920           16          44.287      6205440      6205440
      193920           32          88.706     12410880     12410880
      193920           64         144.160     24821760     24821760
      193920          128         298.499     49643520     49643520
      193920          256         554.702     99287040     99287040
      193920          512        1116.598    198574080    198574080
      193920         1024        2236.659    397148160    397148160
      193920         2048        4766.933    794296320    794296320
      193920         4096        8902.832   1588592640   1588592640
      213312            1           5.928       426624       426624
      213312            2           9.444       853248       853248
      213312            4          11.853      1706496      1706496
      213312            8          25.015      3412992      3412992
      213312           16          46.569      6825984      6825984
      213312           32          98.207     13651968     13651968
      213312           64         156.094     27303936     27303936
      213312          128         309.693     54607872     54607872
      213312          256         623.931    109215744    109215744
      213312          512        1226.633    218431488    218431488
      213312         1024        2460.573    436862976    436862976
      213312         2048        4904.670    873725952    873725952
      213312         4096        9802.626   1747451904   1747451904
      234624            1           7.837       469248       469248
      234624            2           7.832       938496       938496
      234624            4          14.037      1876992      1876992
      234624            8          27.387      3753984      3753984
      234624           16          53.163      7507968      7507968
      234624           32         100.021     15015936     15015936
      234624           64         170.354     30031872     30031872
      234624          128         354.357     60063744     60063744
      234624          256         670.541    120127488    120127488
      234624          512        1356.882    240254976    240254976
      234624         1024        2687.921    480509952    480509952
      234624         2048        5391.981    961019904    961019904
      234624         4096       10771.901   1922039808   1922039808
      258048            1           6.971       516096       516096
      258048            2           7.647      1032192      1032192
      258048            4          16.645      2064384      2064384
      258048            8          33.900      4128768      4128768
      258048           16          70.666      8257536      8257536
      258048           32         139.176     16515072     16515072
      258048           64         298.463     33030144     33030144
      258048          128         558.025     66060288     66060288
      258048          256        1131.759    132120576    132120576
      258048          512        2268.508    264241152    264241152
      258048         1024        4499.574    528482304    528482304
      258048         2048        7569.970   1056964608   1056964608
      258048         4096       11888.146   2113929216   2113929216
      283776            1           5.947       567552       567552
      283776            2           7.724      1135104      1135104
      283776            4          16.106      2270208      2270208
      283776            8          32.235      4540416      4540416
      283776           16          65.223      9080832      9080832
      283776           32         114.581     18161664     18161664
      283776           64         222.296     36323328     36323328
      283776          128         407.192     72646656     72646656
      283776          256         819.635    145293312    145293312
      283776          512        1633.985    290586624    290586624
      283776         1024        3257.457    581173248    581173248
      283776         2048        6507.561   1162346496   1162346496
      312000            1           6.510       624000       624000
      312000            2           8.551      1248000      1248000
      312000            4          17.329      2496000      2496000
      312000            8          35.597      4992000      4992000
      312000           16          71.117      9984000      9984000
      312000           32         121.270     19968000     19968000
      312000           64         225.544     39936000     39936000
      312000          128         461.502     79872000     79872000
      312000          256         903.016    159744000    159744000
      312000          512        1786.723    319488000    319488000
      312000         1024        3589.486    638976000    638976000
      312000         2048        7162.600   1277952000   1277952000
      343104            1           5.653       686208       686208
      343104            2           7.941      1372416      1372416
      343104            4          19.120      2744832      2744832
      343104            8          58.020      5489664      5489664
      343104           16          75.740     10979328     10979328
      343104           32         129.254     21958656     21958656
      343104           64         246.880     43917312     43917312
      343104          128         493.477     87834624     87834624
      343104          256         989.180    175669248    175669248
      343104          512        1972.531    351338496    351338496
      343104         1024        3940.526    702676992    702676992
      343104         2048        7905.479   1405353984   1405353984
      377280            1           5.708       754560       754560
      377280            2           9.393      1509120      1509120
      377280            4          21.077      3018240      3018240
      377280            8          42.474      6036480      6036480
      377280           16          82.331     12072960     12072960
      377280           32         136.955     24145920     24145920
      377280           64         270.813     48291840     48291840
      377280          128         552.203     96583680     96583680
      377280          256        1084.732    193167360    193167360
      377280          512        2166.054    386334720    386334720
      377280         1024        4328.932    772669440    772669440
      377280         2048        8664.412   1545338880   1545338880
      414912            1           9.316       829824       829824
      414912            2           9.804      1659648      1659648
      414912            4          21.802      3319296      3319296
      414912            8          44.217      6638592      6638592
      414912           16          89.936     13277184     13277184
      414912           32         150.174     26554368     26554368
      414912           64         309.038     53108736     53108736
      414912          128         593.898    106217472    106217472
      414912          256        1190.642    212434944    212434944
      414912          512        2390.758    424869888    424869888
      414912         1024        4767.060    849739776    849739776
      414912         2048        9518.496   1699479552   1699479552
      456384            1           8.029       912768       912768
      456384            2          10.148      1825536      1825536
      456384            4          25.347      3651072      3651072
      456384            8          50.341      7302144      7302144
      456384           16          97.044     14604288     14604288
      456384           32         166.021     29208576     29208576
      456384           64         327.912     58417152     58417152
      456384          128         662.264    116834304    116834304
      456384          256        1310.907    233668608    233668608
      456384          512        2626.258    467337216    467337216
      456384         1024        5239.342    934674432    934674432
      456384         2048       10492.500   1869348864   1869348864
      501888            1           8.697      1003776      1003776
      501888            2          13.389      2007552      2007552
      501888            4          27.603      4015104      4015104
      501888            8          53.902      8030208      8030208
      501888           16         106.952     16060416     16060416
      501888           32         181.705     32120832     32120832
      501888           64         376.199     64241664     64241664
      501888          128         715.973    128483328    128483328
      501888          256        1447.938    256966656    256966656
      501888          512        2882.571    513933312    513933312
      501888         1024        5761.693   1027866624   1027866624
      501888         2048       11505.894   2055733248   2055733248
      552000            1          10.098      1104000      1104000
      552000            2          30.404      2208000      2208000
      552000            4          29.319      4416000      4416000
      552000            8          58.335      8832000      8832000
      552000           16         118.878     17664000     17664000
      552000           32         198.136     35328000     35328000
      552000           64         394.846     70656000     70656000
      552000          128         797.545    141312000    141312000
      552000          256        1589.643    282624000    282624000
      552000          512        3167.710    565248000    565248000
      552000         1024        6336.692   1130496000   1130496000
      607104            1           9.706      1214208      1214208
      607104            2          13.275      2428416      2428416
      607104            4          30.408      4856832      4856832
      607104            8          61.973      9713664      9713664
      607104           16         123.761     19427328     19427328
      607104           32         218.024     38854656     38854656
      607104           64         447.080     77709312     77709312
      607104          128         863.396    155418624    155418624
      607104          256        1744.185    310837248    310837248
      607104          512        3488.293    621674496    621674496
      607104         1024        6963.226   1243348992   1243348992
      667776            1           9.234      1335552      1335552
      667776            2          13.932      2671104      2671104
      667776            4          34.989      5342208      5342208
      667776            8          73.606     10684416     10684416
      667776           16         130.359     21368832     21368832
      667776           32         256.549     42737664     42737664
      667776           64         475.386     85475328     85475328
      667776          128         959.891    170950656    170950656
      667776          256        1925.988    341901312    341901312
      667776          512        3869.892    683802624    683802624
      667776         1024        7666.068   1367605248   1367605248
      734400            1          10.525      1468800      1468800
      734400            2          15.994      2937600      2937600
      734400            4          36.798      5875200      5875200
      734400            8          80.188     11750400     11750400
      734400           16         141.844     23500800     23500800
      734400           32         264.872     47001600     47001600
      734400           64         540.688     94003200     94003200
      734400          128        1055.560    188006400    188006400
      734400          256        2108.316    376012800    376012800
      734400          512        4216.942    752025600    752025600
      734400         1024        8450.430   1504051200   1504051200
      807744            1          12.221      1615488      1615488
      807744            2          17.902      3230976      3230976
      807744            4          41.893      6461952      6461952
      807744            8          85.181     12923904     12923904
      807744           16         151.126     25847808     25847808
      807744           32         307.403     51695616     51695616
      807744           64         576.291    103391232    103391232
      807744          128        1170.549    206782464    206782464
      807744          256        2320.908    413564928    413564928
      807744          512        4644.432    827129856    827129856
      807744         1024        9277.978   1654259712   1654259712
      888384            1          11.527      1776768      1776768
      888384            2          20.281      3553536      3553536
      888384            4          45.153      7107072      7107072
      888384            8          92.725     14214144     14214144
      888384           16         163.344     28428288     28428288
      888384           32         317.579     56856576     56856576
      888384           64         642.130    113713152    113713152
      888384          128        1272.262    227426304    227426304
      888384          256        2552.061    454852608    454852608
      888384          512        5100.207    909705216    909705216
      888384         1024       10201.629   1819410432   1819410432
      977088            1          13.461      1954176      1954176
      977088            2          21.132      3908352      3908352
      977088            4          52.666      7816704      7816704
      977088            8         114.655     15633408     15633408
      977088           16         173.338     31266816     31266816
      977088           32         346.731     62533632     62533632
      977088           64         703.984    125067264    125067264
      977088          128        1396.756    250134528    250134528
      977088          256        2811.553    500269056    500269056
      977088          512        5607.578   1000538112   1000538112
      977088         1024       11205.180   2001076224   2001076224
     1074624            1          15.954      2149248      2149248
     1074624            2          23.832      4298496      4298496
     1074624            4          56.743      8596992      8596992
     1074624            8         120.162     17193984     17193984
     1074624           16         244.599     34387968     34387968
     1074624           32         434.331     68775936     68775936
     1074624           64         772.922    137551872    137551872
     1074624          128        1534.029    275103744    275103744
     1074624          256        3091.248    550207488    550207488
     1074624          512        6160.353   1100414976   1100414976
     1181952            1          14.745      2363904      2363904
     1181952            2          25.284      4727808      4727808
     1181952            4          60.840      9455616      9455616
     1181952            8         128.849     18911232     18911232
     1181952           16         267.049     37822464     37822464
     1181952           32         466.570     75644928     75644928
     1181952           64         847.974    151289856    151289856
     1181952          128        1695.996    302579712    302579712
     1181952          256        3382.380    605159424    605159424
     1181952          512        6776.218   1210318848   1210318848
     1300032            1          17.143      2600064      2600064
     1300032            2          28.405      5200128      5200128
     1300032            4          62.790     10400256     10400256
     1300032            8         126.136     20800512     20800512
     1300032           16         247.481     41601024     41601024
     1300032           32         464.164     83202048     83202048
     1300032           64         932.141    166404096    166404096
     1300032          128        1862.585    332808192    332808192
     1300032          256        3728.121    665616384    665616384
     1300032          512        7447.765   1331232768   1331232768
     1430016            1          19.835      2860032      2860032
     1430016            2          33.263      5720064      5720064
     1430016            4          83.974     11440128     11440128
     1430016            8         135.828     22880256     22880256
     1430016           16         250.223     45760512     45760512
     1430016           32         505.882     91521024     91521024
     1430016           64        1032.036    183042048    183042048
     1430016          128        2045.671    366084096    366084096
     1430016          256        4094.990    732168192    732168192
     1430016          512        8190.813   1464336384   1464336384
     1572864            1          20.256      3145728      3145728
     1572864            2          34.189      6291456      6291456
     1572864            4          71.114     12582912     12582912
     1572864            8         148.858     25165824     25165824
     1572864           16         279.471     50331648     50331648
     1572864           32         553.881    100663296    100663296
     1572864           64        1123.169    201326592    201326592
     1572864          128        2260.421    402653184    402653184
     1572864          256        4499.681    805306368    805306368
     1572864          512        9016.872   1610612736   1610612736
     1730112            1          27.091      3460224      3460224
     1730112            2          36.061      6920448      6920448
     1730112            4          78.804     13840896     13840896
     1730112            8         157.443     27681792     27681792
     1730112           16         302.046     55363584     55363584
     1730112           32         621.706    110727168    110727168
     1730112           64        1233.710    221454336    221454336
     1730112          128        2479.765    442908672    442908672
     1730112          256        4957.443    885817344    885817344
     1730112          512        9910.618   1771634688   1771634688
     1903104            1          24.973      3806208      3806208
     1903104            2          39.581      7612416      7612416
     1903104            4          90.606     15224832     15224832
     1903104            8         170.640     30449664     30449664
     1903104           16         348.416     60899328     60899328
     1903104           32         669.865    121798656    121798656
     1903104           64        1366.125    243597312    243597312
     1903104          128        3739.159    487194624    487194624
     1903104          256        5468.370    974389248    974389248
     1903104          512       10932.607   1948778496   1948778496
     2093376            1          30.432      4186752      4186752
     2093376            2          42.004      8373504      8373504
     2093376            4          96.065     16747008     16747008
     2093376            8         186.359     33494016     33494016
     2093376           16         383.794     66988032     66988032
     2093376           32         745.247    133976064    133976064
     2093376           64        1488.038    267952128    267952128
     2093376          128        2992.694    535904256    535904256
     2093376          256        5995.137   1071808512   1071808512
     2093376          512       12004.554   2143617024   2143617024
     2302656            1          28.503      4605312      4605312
     2302656            2          46.185      9210624      9210624
     2302656            4         122.941     18421248     18421248
     2302656            8         197.861     36842496     36842496
     2302656           16         399.452     73684992     73684992
     2302656           32         818.690    147369984    147369984
     2302656           64        1645.711    294739968    294739968
     2302656          128        3287.838    589479936    589479936
     2302656          256        6602.589   1178959872   1178959872
     2532864            1          31.042      5065728      5065728
     2532864            2          48.816     10131456     10131456
     2532864            4         112.235     20262912     20262912
     2532864            8         215.298     40525824     40525824
     2532864           16         458.179     81051648     81051648
     2532864           32         899.129    162103296    162103296
     2532864           64        1797.173    324206592    324206592
     2532864          128        3624.953    648413184    648413184
     2532864          256        7247.809   1296826368   1296826368
     2786112            1          42.004      5572224      5572224
     2786112            2          53.923     11144448     11144448
     2786112            4         121.483     22288896     22288896
     2786112            8         234.750     44577792     44577792
     2786112           16         497.303     89155584     89155584
     2786112           32         987.550    178311168    178311168
     2786112           64        1984.316    356622336    356622336
     2786112          128        3985.819    713244672    713244672
     2786112          256        7975.408   1426489344   1426489344
     3064704            1          39.143      6129408      6129408
     3064704            2          57.482     12258816     12258816
     3064704            4         135.749     24517632     24517632
     3064704            8         275.197     49035264     49035264
     3064704           16         530.937     98070528     98070528
     3064704           32        1084.263    196141056    196141056
     3064704           64        2180.835    392282112    392282112
     3064704          128        4385.967    784564224    784564224
     3064704          256        8929.287   1569128448   1569128448
     3371136            1          47.542      6742272      6742272
     3371136            2          62.686     13484544     13484544
     3371136            4         143.530     26969088     26969088
     3371136            8         304.266     53938176     53938176
     3371136           16         582.404    107876352    107876352
     3371136           32        1190.141    215752704    215752704
     3371136           64        2412.479    431505408    431505408
     3371136          128        4816.696    863010816    863010816
     3371136          256        9639.368   1726021632   1726021632
     3708096            1          53.180      7416192      7416192
     3708096            2          70.745     14832384     14832384
     3708096            4         156.125     29664768     29664768
     3708096            8         312.504     59329536     59329536
     3708096           16         650.465    118659072    118659072
     3708096           32        1308.259    237318144    237318144
     3708096           64        2642.517    474636288    474636288
     3708096          128        5294.487    949272576    949272576
     3708096          256       10615.360   1898545152   1898545152
     4078848            1          55.517      8157696      8157696
     4078848            2          78.476     16315392     16315392
     4078848            4         169.362     32630784     32630784
     4078848            8         358.152     65261568     65261568
     4078848           16         703.306    130523136    130523136
     4078848           32        2460.353    261046272    261046272
     4078848           64        2902.480    522092544    522092544
     4078848          128        5827.847   1044185088   1044185088
     4078848          256       11664.642   2088370176   2088370176
     4486656            1          64.155      8973312      8973312
     4486656            2          82.366     17946624     17946624
     4486656            4         184.576     35893248     35893248
     4486656            8         374.787     71786496     71786496
     4486656           16         783.975    143572992    143572992
     4486656           32        1589.091    287145984    287145984
     4486656           64        3193.062    574291968    574291968
     4486656          128        6403.467   1148583936   1148583936
     4935168            1          63.841      9870336      9870336
     4935168            2          90.380     19740672     19740672
     4935168            4         203.916     39481344     39481344
     4935168            8         426.656     78962688     78962688
     4935168           16         849.117    157925376    157925376
     4935168           32        1744.784    315850752    315850752
     4935168           64        3516.028    631701504    631701504
     4935168          128        7046.511   1263403008   1263403008
     5428608            1          72.497     10857216     10857216
     5428608            2          98.270     21714432     21714432
     5428608            4         223.799     43428864     43428864
     5428608            8         472.642     86857728     86857728
     5428608           16         944.726    173715456    173715456
     5428608           32        1915.927    347430912    347430912
     5428608           64        3863.925    694861824    694861824
     5428608          128        7742.597   1389723648   1389723648
     5971392            1          79.579     11942784     11942784
     5971392            2         107.578     23885568     23885568
     5971392            4         240.410     47771136     47771136
     5971392            8         512.598     95542272     95542272
     5971392           16        1037.921    191084544    191084544
     5971392           32        2105.608    382169088    382169088
     5971392           64        4244.555    764338176    764338176
     5971392          128        8531.350   1528676352   1528676352
     6568512            1          78.279     13137024     13137024
     6568512            2         117.719     26274048     26274048
     6568512            4         260.771     52548096     52548096
     6568512            8         563.370    105096192    105096192
     6568512           16        1153.605    210192384    210192384
     6568512           32        2313.229    420384768    420384768
     6568512           64        4673.445    840769536    840769536
     6568512          128        9388.235   1681539072   1681539072
     7225344            1          89.632     14450688     14450688
     7225344            2         126.413     28901376     28901376
     7225344            4         280.970     57802752     57802752
     7225344            8         618.001    115605504    115605504
     7225344           16        1251.865    231211008    231211008
     7225344           32        2555.838    462422016    462422016
     7225344           64        5135.024    924844032    924844032
     7225344          128       10311.694   1849688064   1849688064
     7947840            1         101.708     15895680     15895680
     7947840            2         139.993     31791360     31791360
     7947840            4         306.948     63582720     63582720
     7947840            8         672.100    127165440    127165440
     7947840           16        1378.887    254330880    254330880
     7947840           32        2803.565    508661760    508661760
     7947840           64        5652.341   1017323520   1017323520
     7947840          128       11342.203   2034647040   2034647040
     8742528            1         112.133     17485056     17485056
     8742528            2         169.976     34970112     34970112
     8742528            4         340.714     69940224     69940224
     8742528            8         735.777    139880448    139880448
     8742528           16        1510.377    279760896    279760896
     8742528           32        4602.235    559521792    559521792
     8742528           64        6210.614   1119043584   1119043584
     9616704            1         129.941     19233408     19233408
     9616704            2         181.590     38466816     38466816
     9616704            4         371.277     76933632     76933632
     9616704            8         808.067    153867264    153867264
     9616704           16        1660.737    307734528    307734528
     9616704           32        3395.103    615469056    615469056
     9616704           64        6840.441   1230938112   1230938112
    10578240            1         140.642     21156480     21156480
    10578240            2         179.594     42312960     42312960
    10578240            4         425.587     84625920     84625920
    10578240            8         886.777    169251840    169251840
    10578240           16        1824.890    338503680    338503680
    10578240           32        3728.889    677007360    677007360
    10578240           64        7523.762   1354014720   1354014720
    11635968            1         144.439     23271936     23271936
    11635968            2         196.120     46543872     46543872
    11635968            4         464.725     93087744     93087744
    11635968            8         974.012    186175488    186175488
    11635968           16        2171.437    372350976    372350976
    11635968           32        4101.052    744701952    744701952
    11635968           64        8268.495   1489403904   1489403904
    12799488            1         165.222     25598976     25598976
    12799488            2         213.798     51197952     51197952
    12799488            4         491.877    102395904    102395904
    12799488            8        1081.290    204791808    204791808
    12799488           16        2217.909    409583616    409583616
    12799488           32        4503.897    819167232    819167232
    12799488           64        9131.467   1638334464   1638334464
    14079360            1         168.279     28158720     28158720
    14079360            2         233.355     56317440     56317440
    14079360            4         554.276    112634880    112634880
    14079360            8        1174.720    225269760    225269760
    14079360           16        2432.481    450539520    450539520
    14079360           32        4959.120    901079040    901079040
    14079360           64       10003.209   1802158080   1802158080
    15487296            1         207.088     30974592     30974592
    15487296            2         255.320     61949184     61949184
    15487296            4         608.688    123898368    123898368
    15487296            8        1291.005    247796736    247796736
    15487296           16        2684.488    495593472    495593472
    15487296           32        5450.297    991186944    991186944
    15487296           64       11010.195   1982373888   1982373888
    17035968            1         207.216     34071936     34071936
    17035968            2         300.249     68143872     68143872
    17035968            4         651.400    136287744    136287744
    17035968            8        1434.615    272575488    272575488
    17035968           16        2949.827    545150976    545150976
    17035968           32        6002.130   1090301952   1090301952
    18739392            1         226.478     37478784     37478784
    18739392            2         328.070     74957568     74957568
    18739392            4         717.090    149915136    149915136
    18739392            8        1569.779    299830272    299830272
    18739392           16        3242.762    599660544    599660544
    18739392           32        6611.325   1199321088   1199321088
    20613312            1         243.621     41226624     41226624
    20613312            2         370.255     82453248     82453248
    20613312            4         788.921    164906496    164906496
    20613312            8        1731.623    329812992    329812992
    20613312           16        3577.313    659625984    659625984
    20613312           32        7265.062   1319251968   1319251968
    22674624            1         251.369     45349248     45349248
    22674624            2         389.055     90698496     90698496
    22674624            4         879.281    181396992    181396992
    22674624            8        1895.936    362793984    362793984
    22674624           16        3921.604    725587968    725587968
    22674624           32        7996.280   1451175936   1451175936
    24941952            1         243.356     49883904     49883904
    24941952            2         406.627     99767808     99767808
    24941952            4         966.844    199535616    199535616
    24941952            8        2083.472    399071232    399071232
    24941952           16        5410.947    798142464    798142464
    24941952           32        8820.082   1596284928   1596284928
    27436032            1         238.220     54872064     54872064
    27436032            2         458.494    109744128    109744128
    27436032            4        1061.587    219488256    219488256
    27436032            8        2289.470    438976512    438976512
    27436032           16        4760.379    877953024    877953024
    27436032           32        9686.688   1755906048   1755906048
    30179520            1         262.835     60359040     60359040
    30179520            2         487.932    120718080    120718080
    30179520            4        1177.646    241436160    241436160
    30179520            8        2544.912    482872320    482872320
    30179520           16        5316.695    965744640    965744640
    30179520           32       10647.637   1931489280   1931489280
    33197376            1         307.078     66394752     66394752
    33197376            2         537.298    132789504    132789504
    33197376            4        1291.845    265579008    265579008
    33197376            8        2765.763    531158016    531158016
    33197376           16        5755.072   1062316032   1062316032
    33197376           32       11835.131   2124632064   2124632064
    36517056            1         310.944     73034112     73034112
    36517056            2         608.843    146068224    146068224
    36517056            4        1418.015    292136448    292136448
    36517056            8        3049.060    584272896    584272896
    36517056           16        6321.995   1168545792   1168545792
    40168704            1         340.234     80337408     80337408
    40168704            2         664.502    160674816    160674816
    40168704            4        1560.245    321349632    321349632
    40168704            8        3349.691    642699264    642699264
    40168704           16        6960.157   1285398528   1285398528
    44185536            1         397.501     88371072     88371072
    44185536            2         723.484    176742144    176742144
    44185536            4        1720.440    353484288    353484288
    44185536            8        3709.616    706968576    706968576
    44185536           16        7654.094   1413937152   1413937152
    48604032            1         424.966     97208064     97208064
    48604032            2         816.175    194416128    194416128
    48604032            4        1893.378    388832256    388832256
    48604032            8        4074.300    777664512    777664512
    48604032           16        8441.949   1555329024   1555329024
    53464320            1         463.448    106928640    106928640
    53464320            2         905.561    213857280    213857280
    53464320            4        2089.144    427714560    427714560
    53464320            8        4510.892    855429120    855429120
    53464320           16        9311.739   1710858240   1710858240
    58810752            1         533.277    117621504    117621504
    58810752            2        1019.415    235243008    235243008
    58810752            4        2317.682    470486016    470486016
    58810752            8        4977.344    940972032    940972032
    58810752           16       10282.316   1881944064   1881944064
    64691712            1         569.121    129383424    129383424
    64691712            2        1128.393    258766848    258766848
    64691712            4        2589.418    517533696    517533696
    64691712            8        5498.168   1035067392   1035067392
    64691712           16       12375.164   2070134784   2070134784
    71160768            1         653.577    142321536    142321536
    71160768            2        1259.454    284643072    284643072
    71160768            4        2872.868    569286144    569286144
    71160768            8        6085.430   1138572288   1138572288
    78276672            1         721.323    156553344    156553344
    78276672            2        1395.311    313106688    313106688
    78276672            4        3203.334    626213376    626213376
    78276672            8        6699.268   1252426752   1252426752
    86104320            1         773.186    172208640    172208640
    86104320            2        1559.862    344417280    344417280
    86104320            4        3478.162    688834560    688834560
    86104320            8        7407.675   1377669120   1377669120
    94714752            1         883.953    189429504    189429504
    94714752            2        1755.504    378859008    378859008
    94714752            4        3843.850    757718016    757718016
    94714752            8        8129.139   1515436032   1515436032
   104186112            1         980.912    208372224    208372224
   104186112            2        1914.009    416744448    416744448
   104186112            4        4238.010    833488896    833488896
   104186112            8        8957.995   1666977792   1666977792
   114604608            1        1105.216    229209216    229209216
   114604608            2        2136.637    458418432    458418432
   114604608            4        4704.287    916836864    916836864
   114604608            8        9867.979   1833673728   1833673728
   126064896            1        1231.111    252129792    252129792
   126064896            2        2385.539    504259584    504259584
   126064896            4        5224.407   1008519168   1008519168
   126064896            8       10902.800   2017038336   2017038336
   138671232            1        1387.681    277342464    277342464
   138671232            2        2698.169    554684928    554684928
   138671232            4        5807.708   1109369856   1109369856
   152538240            1        1605.919    305076480    305076480
   152538240            2        3063.181    610152960    610152960
   152538240            4        6440.807   1220305920   1220305920
   167792064            1        1728.598    335584128    335584128
   167792064            2        3459.719    671168256    671168256
   167792064            4        7142.189   1342336512   1342336512
   184571136            1        1927.867    369142272    369142272
   184571136            2        3792.003    738284544    738284544
   184571136            4        7911.472   1476569088   1476569088
   203028096            1        2180.946    406056192    406056192
   203028096            2        4229.789    812112384    812112384
   203028096            4        9744.054   1624224768   1624224768
   223330752            1        2423.290    446661504    446661504
   223330752            2        4720.199    893323008    893323008
   223330752            4        9740.217   1786646016   1786646016
   245663808            1        2685.255    491327616    491327616
   245663808            2        5238.286    982655232    982655232
   245663808            4       10754.995   1965310464   1965310464
   270230016            1        2972.577    540460032    540460032
   270230016            2        5780.010   1080920064   1080920064
   297252864            1        3271.549    594505728    594505728
   297252864            2        6499.502   1189011456   1189011456
   326978112            1        3614.036    653956224    653956224
   326978112            2        7159.772   1307912448   1307912448
   359675904            1        4039.149    719351808    719351808
   359675904            2        8048.766   1438703616   1438703616
   395643456            1        4465.167    791286912    791286912
   395643456            2        8940.282   1582573824   1582573824
   435207744            1        4976.674    870415488    870415488
   435207744            2        9833.111   1740830976   1740830976
   478728384            1        5524.279    957456768    957456768
   478728384            2       10825.793   1914913536   1914913536
   526601088            1        6009.747   1053202176   1053202176
   526601088            2       11975.815   2106404352   2106404352
   579261120            1        6636.548   1158522240   1158522240
   637187136            1        7322.704   1274374272   1274374272
   700905792            1        8035.933   1401811584   1401811584
   770996352            1        8856.914   1541992704   1541992704
   848095872            1        9816.809   1696191744   1696191744
   932905344            1       10754.665   1865810688   1865810688
  1026195840            1       12003.520   2052391680   2052391680

META_DATA
FLOPS          16
MPI_PROCS      1
OPENMP_THREADS 24
ERT_VERSION  1.1.0
HOSTNAME  ('dp-cn26.deep', [], ['10.2.9.126'])
UNAME  uname_result(system='Linux', node='dp-cn26', release='4.18.0-513.24.1.el8_9.x86_64', version='#1 SMP Thu Apr 4 18:13:02 UTC 2024', machine='x86_64')
TIMESTAMP_DATA  1713441600.3648858
CONFIG  {'ERT_RESULTS': ['Results.cn.deep.fz-juelich.de.01.gcc2023-O3-only'], 'ERT_DRIVER': ['driver1'], 'ERT_KERNEL': ['kernel1'], 'ERT_MPI': ['True'], 'ERT_MPI_CFLAGS': ['-I', '/p/software/deep/stages/2023/software/psmpi/5.9.2-1-GCC-11.3.0/include'], 'ERT_MPI_LDFLAGS': ['-L', '/p/software/deep/stages/2023/software/psmpi/5.9.2-1-GCC-11.3.0/lib', '-lmpi'], 'ERT_OPENMP': ['True'], 'ERT_OPENMP_CFLAGS': ['-fopenmp'], 'ERT_OPENMP_LDFLAGS': ['-fopenmp'], 'ERT_FLOPS': ['1,2,4,8,16,64,128'], 'ERT_ALIGN': ['64'], 'ERT_CC': ['mpicxx'], 'ERT_CFLAGS': ['-g', '-O3'], 'ERT_LD': ['mpicxx'], 'ERT_LDFLAGS': [], 'ERT_LDLIBS': [], 'ERT_PRECISION': ['FP64'], 'ERT_RUN': ['export', 'OMP_NUM_THREADS=ERT_OPENMP_THREADS;', 'export', 'OMP_PLACES="cores(ERT_OPENMP_THREADS)";', 'srun', '-p', 'dp-cn', '-n', 'ERT_MPI_PROCS', '-c', '48', '--ntasks-per-node', '1', 'ERT_CODE'], 'ERT_PROCS_THREADS': ['24'], 'ERT_MPI_PROCS': ['1'], 'ERT_OPENMP_THREADS': ['24'], 'ERT_NUM_EXPERIMENTS': ['5'], 'ERT_MEMORY_MAX': ['1073741824'], 'ERT_WORKING_SET_MIN': ['128'], 'ERT_TRIALS_MIN': ['1'], 'ERT_GNUPLOT': ['gnuplot'], 'ERT_GPU': [False], 'ERT_HIP': [False], 'ERT_OCL': [False], 'ERT_SYCL': [False], 'ERT_WSS_MULT': [1.1]}
