fp64
       24576            1           3.671        49152        49152
       24576            2           3.521        98304        98304
       24576            4           7.725       196608       196608
       24576            8           5.979       393216       393216
       24576           16           7.458       786432       786432
       24576           32          13.582      1572864      1572864
       24576           64          23.267      3145728      3145728
       24576          128          50.900      6291456      6291456
       24576          256          95.520     12582912     12582912
       24576          512         155.255     25165824     25165824
       24576         1024         303.322     50331648     50331648
       24576         2048         564.167    100663296    100663296
       24576         4096        1134.709    201326592    201326592
       24576         8192        2269.815    402653184    402653184
       24576        16384        4519.764    805306368    805306368
       24576        32768        9055.405   1610612736   1610612736
       26880            1           3.165        53760        53760
       26880            2           4.077       107520       107520
       26880            4           3.978       215040       215040
       26880            8           5.844       430080       430080
       26880           16           8.755       860160       860160
       26880           32          13.347      1720320      1720320
       26880           64          30.371      3440640      3440640
       26880          128          50.807      6881280      6881280
       26880          256          96.893     13762560     13762560
       26880          512         162.586     27525120     27525120
       26880         1024         311.328     55050240     55050240
       26880         2048         625.806    110100480    110100480
       26880         4096        1239.417    220200960    220200960
       26880         8192        2484.800    440401920    440401920
       26880        16384        4943.203    880803840    880803840
       26880        32768        9866.597   1761607680   1761607680
       29568            1           3.206        59136        59136
       29568            2           3.392       118272       118272
       29568            4           5.167       236544       236544
       29568            8           6.231       473088       473088
       29568           16           9.009       946176       946176
       29568           32          16.289      1892352      1892352
       29568           64          31.413      3784704      3784704
       29568          128          54.189      7569408      7569408
       29568          256         102.847     15138816     15138816
       29568          512         176.907     30277632     30277632
       29568         1024         342.096     60555264     60555264
       29568         2048         692.900    121110528    121110528
       29568         4096        1376.145    242221056    242221056
       29568         8192        2720.263    484442112    484442112
       29568        16384        5453.493    968884224    968884224
       29568        32768       10943.501   1937768448   1937768448
       32448            1           3.753        64896        64896
       32448            2           6.339       129792       129792
       32448            4           3.988       259584       259584
       32448            8           6.580       519168       519168
       32448           16           9.809      1038336      1038336
       32448           32          15.594      2076672      2076672
       32448           64          34.542      4153344      4153344
       32448          128          64.550      8306688      8306688
       32448          256         109.108     16613376     16613376
       32448          512         208.178     33226752     33226752
       32448         1024         378.778     66453504     66453504
       32448         2048         762.269    132907008    132907008
       32448         4096        1504.413    265814016    265814016
       32448         8192        3016.420    531628032    531628032
       32448        16384        6021.789   1063256064   1063256064
       32448        32768       12045.979   2126512128   2126512128
       35520            1           1.679        71040        71040
       35520            2           5.785       142080       142080
       35520            4           4.899       284160       284160
       35520            8           7.027       568320       568320
       35520           16          11.354      1136640      1136640
       35520           32          17.715      2273280      2273280
       35520           64          36.656      4546560      4546560
       35520          128          69.662      9093120      9093120
       35520          256         113.413     18186240     18186240
       35520          512         208.019     36372480     36372480
       35520         1024         410.982     72744960     72744960
       35520         2048         817.225    145489920    145489920
       35520         4096        1651.289    290979840    290979840
       35520         8192        3284.603    581959680    581959680
       35520        16384        6574.053   1163919360   1163919360
       38976            1           4.017        77952        77952
       38976            2           4.802       155904       155904
       38976            4           4.188       311808       311808
       38976            8           6.855       623616       623616
       38976           16          12.025      1247232      1247232
       38976           32          18.181      2494464      2494464
       38976           64          38.976      4988928      4988928
       38976          128          77.820      9977856      9977856
       38976          256         121.163     19955712     19955712
       38976          512         244.458     39911424     39911424
       38976         1024         452.382     79822848     79822848
       38976         2048         908.662    159645696    159645696
       38976         4096        1814.008    319291392    319291392
       38976         8192        3611.644    638582784    638582784
       38976        16384        7225.880   1277165568   1277165568
       42816            1           7.907        85632        85632
       42816            2           2.790       171264       171264
       42816            4           6.184       342528       342528
       42816            8           8.134       685056       685056
       42816           16          13.128      1370112      1370112
       42816           32          20.370      2740224      2740224
       42816           64          40.816      5480448      5480448
       42816          128          85.283     10960896     10960896
       42816          256         130.185     21921792     21921792
       42816          512         266.717     43843584     43843584
       42816         1024         498.475     87687168     87687168
       42816         2048         996.380    175374336    175374336
       42816         4096        1984.604    350748672    350748672
       42816         8192        3962.656    701497344    701497344
       42816        16384        7922.945   1402994688   1402994688
       47040            1           3.212        94080        94080
       47040            2           3.596       188160       188160
       47040            4           4.755       376320       376320
       47040            8           8.754       752640       752640
       47040           16          14.952      1505280      1505280
       47040           32          23.943      3010560      3010560
       47040           64          44.769      6021120      6021120
       47040          128          90.890     12042240     12042240
       47040          256         162.895     24084480     24084480
       47040          512         276.478     48168960     48168960
       47040         1024         543.320     96337920     96337920
       47040         2048        1090.913    192675840    192675840
       47040         4096        2188.581    385351680    385351680
       47040         8192        4366.382    770703360    770703360
       47040        16384        8700.187   1541406720   1541406720
       51648            1           2.962       103296       103296
       51648            2           4.064       206592       206592
       51648            4           5.776       413184       413184
       51648            8           7.840       826368       826368
       51648           16          14.916      1652736      1652736
       51648           32          26.883      3305472      3305472
       51648           64          47.697      6610944      6610944
       51648          128          92.445     13221888     13221888
       51648          256         152.331     26443776     26443776
       51648          512         318.364     52887552     52887552
       51648         1024         595.415    105775104    105775104
       51648         2048        1205.897    211550208    211550208
       51648         4096        2386.145    423100416    423100416
       51648         8192        4778.883    846200832    846200832
       51648        16384        9538.218   1692401664   1692401664
       56640            1           3.893       113280       113280
       56640            2           5.420       226560       226560
       56640            4           3.744       453120       453120
       56640            8          11.318       906240       906240
       56640           16          15.159      1812480      1812480
       56640           32          28.429      3624960      3624960
       56640           64          54.827      7249920      7249920
       56640          128          97.754     14499840     14499840
       56640          256         169.128     28999680     28999680
       56640          512         328.259     57999360     57999360
       56640         1024         662.972    115998720    115998720
       56640         2048        1308.098    231997440    231997440
       56640         4096        2704.850    463994880    463994880
       56640         8192        5230.316    927989760    927989760
       56640        16384       10464.685   1855979520   1855979520
       62208            1           6.620       124416       124416
       62208            2           5.621       248832       248832
       62208            4           7.943       497664       497664
       62208            8           8.485       995328       995328
       62208           16          14.802      1990656      1990656
       62208           32          31.942      3981312      3981312
       62208           64          59.353      7962624      7962624
       62208          128         103.111     15925248     15925248
       62208          256         181.982     31850496     31850496
       62208          512         379.585     63700992     63700992
       62208         1024         713.906    127401984    127401984
       62208         2048        1441.275    254803968    254803968
       62208         4096        2862.987    509607936    509607936
       62208         8192        5713.316   1019215872   1019215872
       62208        16384       11445.798   2038431744   2038431744
       68352            1           5.026       136704       136704
       68352            2           5.439       273408       273408
       68352            4           5.994       546816       546816
       68352            8           9.114      1093632      1093632
       68352           16          16.273      2187264      2187264
       68352           32          35.343      4374528      4374528
       68352           64          64.201      8749056      8749056
       68352          128         112.729     17498112     17498112
       68352          256         241.624     34996224     34996224
       68352          512         397.536     69992448     69992448
       68352         1024         809.093    139984896    139984896
       68352         2048        1576.460    279969792    279969792
       68352         4096        3190.373    559939584    559939584
       68352         8192        6303.098   1119879168   1119879168
       75072            1           3.231       150144       150144
       75072            2           4.716       300288       300288
       75072            4           7.310       600576       600576
       75072            8           9.259      1201152      1201152
       75072           16          17.315      2402304      2402304
       75072           32          38.405      4804608      4804608
       75072           64          69.824      9609216      9609216
       75072          128         118.564     19218432     19218432
       75072          256         238.189     38436864     38436864
       75072          512         433.645     76873728     76873728
       75072         1024         871.436    153747456    153747456
       75072         2048        1737.662    307494912    307494912
       75072         4096        3459.870    614989824    614989824
       75072         8192        6921.286   1229979648   1229979648
       82560            1           5.153       165120       165120
       82560            2           4.848       330240       330240
       82560            4           6.699       660480       660480
       82560            8          11.637      1320960      1320960
       82560           16          19.313      2641920      2641920
       82560           32          41.023      5283840      5283840
       82560           64          97.305     10567680     10567680
       82560          128         122.804     21135360     21135360
       82560          256         241.598     42270720     42270720
       82560          512         477.603     84541440     84541440
       82560         1024         955.041    169082880    169082880
       82560         2048        1902.086    338165760    338165760
       82560         4096        3797.469    676331520    676331520
       82560         8192        7588.389   1352663040   1352663040
       90816            1           4.052       181632       181632
       90816            2           6.504       363264       363264
       90816            4           7.892       726528       726528
       90816            8          11.457      1453056      1453056
       90816           16          20.952      2906112      2906112
       90816           32          42.261      5812224      5812224
       90816           64          86.234     11624448     11624448
       90816          128         135.273     23248896     23248896
       90816          256         280.897     46497792     46497792
       90816          512         522.375     92995584     92995584
       90816         1024        1048.636    185991168    185991168
       90816         2048        2104.071    371982336    371982336
       90816         4096        4193.125    743964672    743964672
       90816         8192        8393.315   1487929344   1487929344
       99840            1           4.949       199680       199680
       99840            2           3.779       399360       399360
       99840            4           6.713       798720       798720
       99840            8          13.257      1597440      1597440
       99840           16          23.118      3194880      3194880
       99840           32          47.095      6389760      6389760
       99840           64          93.506     12779520     12779520
       99840          128         148.611     25559040     25559040
       99840          256         307.783     51118080     51118080
       99840          512         573.005    102236160    102236160
       99840         1024        1149.156    204472320    204472320
       99840         2048        2324.887    408944640    408944640
       99840         4096        4585.658    817889280    817889280
       99840         8192        9179.655   1635778560   1635778560
      109824            1           5.156       219648       219648
      109824            2           5.578       439296       439296
      109824            4           8.503       878592       878592
      109824            8          13.621      1757184      1757184
      109824           16          28.208      3514368      3514368
      109824           32          49.524      7028736      7028736
      109824           64          99.173     14057472     14057472
      109824          128         160.904     28114944     28114944
      109824          256         331.730     56229888     56229888
      109824          512         629.266    112459776    112459776
      109824         1024        1264.286    224919552    224919552
      109824         2048        2531.692    449839104    449839104
      109824         4096        5044.660    899678208    899678208
      109824         8192       10084.309   1799356416   1799356416
      120768            1           5.211       241536       241536
      120768            2           5.227       483072       483072
      120768            4           8.541       966144       966144
      120768            8          15.278      1932288      1932288
      120768           16          27.666      3864576      3864576
      120768           32          54.978      7729152      7729152
      120768           64         120.430     15458304     15458304
      120768          128         178.220     30916608     30916608
      120768          256         349.578     61833216     61833216
      120768          512         703.197    123666432    123666432
      120768         1024        1389.430    247332864    247332864
      120768         2048        2785.968    494665728    494665728
      120768         4096        5563.257    989331456    989331456
      120768         8192       11138.384   1978662912   1978662912
      132672            1           4.910       265344       265344
      132672            2           6.620       530688       530688
      132672            4           8.434      1061376      1061376
      132672            8          16.620      2122752      2122752
      132672           16          33.005      4245504      4245504
      132672           32          70.930      8491008      8491008
      132672           64         117.221     16982016     16982016
      132672          128         229.162     33964032     33964032
      132672          256         450.475     67928064     67928064
      132672          512         910.175    135856128    135856128
      132672         1024        1744.483    271712256    271712256
      132672         2048        3053.600    543424512    543424512
      132672         4096        6102.838   1086849024   1086849024
      145920            1           5.354       291840       291840
      145920            2           7.198       583680       583680
      145920            4           9.864      1167360      1167360
      145920            8          17.513      2334720      2334720
      145920           16          38.442      4669440      4669440
      145920           32          67.784      9338880      9338880
      145920           64         116.904     18677760     18677760
      145920          128         230.948     37355520     37355520
      145920          256         419.064     74711040     74711040
      145920          512         845.315    149422080    149422080
      145920         1024        1683.133    298844160    298844160
      145920         2048        3349.026    597688320    597688320
      145920         4096        6704.694   1195376640   1195376640
      160512            1           3.308       321024       321024
      160512            2           5.051       642048       642048
      160512            4           9.812      1284096      1284096
      160512            8          20.494      2568192      2568192
      160512           16          40.302      5136384      5136384
      160512           32          72.033     10272768     10272768
      160512           64         124.769     20545536     20545536
      160512          128         232.679     41091072     41091072
      160512          256         478.475     82182144     82182144
      160512          512         927.059    164364288    164364288
      160512         1024        1848.367    328728576    328728576
      160512         2048        3680.459    657457152    657457152
      160512         4096        7379.708   1314914304   1314914304
      176448            1           4.704       352896       352896
      176448            2           5.359       705792       705792
      176448            4          13.126      1411584      1411584
      176448            8          20.497      2823168      2823168
      176448           16          41.836      5646336      5646336
      176448           32          83.489     11292672     11292672
      176448           64         130.580     22585344     22585344
      176448          128         272.666     45170688     45170688
      176448          256         505.992     90341376     90341376
      176448          512        1017.733    180682752    180682752
      176448         1024        2031.817    361365504    361365504
      176448         2048        4061.585    722731008    722731008
      176448         4096        8111.840   1445462016   1445462016
      193920            1           3.884       387840       387840
      193920            2           7.862       775680       775680
      193920            4          10.678      1551360      1551360
      193920            8          21.411      3102720      3102720
      193920           16          44.277      6205440      6205440
      193920           32          88.662     12410880     12410880
      193920           64         142.867     24821760     24821760
      193920          128         279.924     49643520     49643520
      193920          256         565.910     99287040     99287040
      193920          512        1115.059    198574080    198574080
      193920         1024        2226.942    397148160    397148160
      193920         2048        4459.977    794296320    794296320
      193920         4096        8894.422   1588592640   1588592640
      213312            1           5.627       426624       426624
      213312            2           8.133       853248       853248
      213312            4          14.043      1706496      1706496
      213312            8          25.508      3412992      3412992
      213312           16          46.745      6825984      6825984
      213312           32          94.632     13651968     13651968
      213312           64         157.684     27303936     27303936
      213312          128         306.834     54607872     54607872
      213312          256         625.364    109215744    109215744
      213312          512        1229.124    218431488    218431488
      213312         1024        2456.595    436862976    436862976
      213312         2048        4904.038    873725952    873725952
      213312         4096        9792.182   1747451904   1747451904
      234624            1           6.557       469248       469248
      234624            2           9.342       938496       938496
      234624            4          13.032      1876992      1876992
      234624            8          27.100      3753984      3753984
      234624           16          53.522      7507968      7507968
      234624           32         102.917     15015936     15015936
      234624           64         170.478     30031872     30031872
      234624          128         337.052     60063744     60063744
      234624          256         683.077    120127488    120127488
      234624          512        1346.018    240254976    240254976
      234624         1024        2699.165    480509952    480509952
      234624         2048        5394.099    961019904    961019904
      234624         4096       12368.442   1922039808   1922039808
      258048            1           5.119       516096       516096
      258048            2           8.216      1032192      1032192
      258048            4          14.500      2064384      2064384
      258048            8          33.162      4128768      4128768
      258048           16          68.142      8257536      8257536
      258048           32         139.343     16515072     16515072
      258048           64         277.974     33030144     33030144
      258048          128         570.957     66060288     66060288
      258048          256        1125.606    132120576    132120576
      258048          512        2219.653    264241152    264241152
      258048         1024        4116.726    528482304    528482304
      258048         2048        5944.645   1056964608   1056964608
      258048         4096       11851.118   2113929216   2113929216
      283776            1           5.643       567552       567552
      283776            2           7.699      1135104      1135104
      283776            4          15.511      2270208      2270208
      283776            8          35.108      4540416      4540416
      283776           16          64.797      9080832      9080832
      283776           32         131.288     18161664     18161664
      283776           64         206.010     36323328     36323328
      283776          128         407.148     72646656     72646656
      283776          256         820.465    145293312    145293312
      283776          512        1635.600    290586624    290586624
      283776         1024        3258.247    581173248    581173248
      283776         2048        6507.533   1162346496   1162346496
      312000            1           6.785       624000       624000
      312000            2           8.904      1248000      1248000
      312000            4          17.146      2496000      2496000
      312000            8          37.756      4992000      4992000
      312000           16          72.345      9984000      9984000
      312000           32         126.831     19968000     19968000
      312000           64         227.209     39936000     39936000
      312000          128         461.650     79872000     79872000
      312000          256         901.642    159744000    159744000
      312000          512        1787.802    319488000    319488000
      312000         1024        3588.245    638976000    638976000
      312000         2048        7164.969   1277952000   1277952000
      343104            1           6.880       686208       686208
      343104            2          10.400      1372416      1372416
      343104            4          18.242      2744832      2744832
      343104            8          59.402      5489664      5489664
      343104           16          74.854     10979328     10979328
      343104           32         131.181     21958656     21958656
      343104           64         246.800     43917312     43917312
      343104          128         501.449     87834624     87834624
      343104          256         989.525    175669248    175669248
      343104          512        1962.248    351338496    351338496
      343104         1024        3941.694    702676992    702676992
      343104         2048        7877.982   1405353984   1405353984
      377280            1           6.193       754560       754560
      377280            2          12.454      1509120      1509120
      377280            4          21.366      3018240      3018240
      377280            8          47.377      6036480      6036480
      377280           16          84.746     12072960     12072960
      377280           32         139.172     24145920     24145920
      377280           64         272.736     48291840     48291840
      377280          128         552.834     96583680     96583680
      377280          256        1084.369    193167360    193167360
      377280          512        2166.010    386334720    386334720
      377280         1024        4329.842    772669440    772669440
      377280         2048        8666.035   1545338880   1545338880
      414912            1          10.320       829824       829824
      414912            2           9.477      1659648      1659648
      414912            4          20.664      3319296      3319296
      414912            8          46.989      6638592      6638592
      414912           16          90.819     13277184     13277184
      414912           32         150.720     26554368     26554368
      414912           64         310.866     53108736     53108736
      414912          128         594.329    106217472    106217472
      414912          256        1193.234    212434944    212434944
      414912          512        2388.798    424869888    424869888
      414912         1024        4755.311    849739776    849739776
      414912         2048        9528.491   1699479552   1699479552
      456384            1          10.499       912768       912768
      456384            2           9.856      1825536      1825536
      456384            4          24.395      3651072      3651072
      456384            8          47.441      7302144      7302144
      456384           16         115.574     14604288     14604288
      456384           32         166.261     29208576     29208576
      456384           64         326.464     58417152     58417152
      456384          128         662.143    116834304    116834304
      456384          256        1309.649    233668608    233668608
      456384          512        2624.948    467337216    467337216
      456384         1024        5240.164    934674432    934674432
      456384         2048       10474.050   1869348864   1869348864
      501888            1           7.798      1003776      1003776
      501888            2          13.408      2007552      2007552
      501888            4          26.201      4015104      4015104
      501888            8          52.143      8030208      8030208
      501888           16         108.583     16060416     16060416
      501888           32         182.917     32120832     32120832
      501888           64         358.410     64241664     64241664
      501888          128         726.136    128483328    128483328
      501888          256        1745.726    256966656    256966656
      501888          512        2885.275    513933312    513933312
      501888         1024        5752.222   1027866624   1027866624
      501888         2048       11506.616   2055733248   2055733248
      552000            1           9.211      1104000      1104000
      552000            2          12.713      2208000      2208000
      552000            4          28.796      4416000      4416000
      552000            8          57.167      8832000      8832000
      552000           16         112.477     17664000     17664000
      552000           32         216.815     35328000     35328000
      552000           64         395.084     70656000     70656000
      552000          128         795.514    141312000    141312000
      552000          256        1579.691    282624000    282624000
      552000          512        3177.311    565248000    565248000
      552000         1024        6327.924   1130496000   1130496000
      607104            1          10.510      1214208      1214208
      607104            2          13.455      2428416      2428416
      607104            4          30.864      4856832      4856832
      607104            8          69.161      9713664      9713664
      607104           16         120.650     19427328     19427328
      607104           32         236.984     38854656     38854656
      607104           64         433.104     77709312     77709312
      607104          128         873.438    155418624    155418624
      607104          256        1744.159    310837248    310837248
      607104          512        3480.883    621674496    621674496
      607104         1024        6963.328   1243348992   1243348992
      667776            1           9.776      1335552      1335552
      667776            2          30.238      2671104      2671104
      667776            4          32.496      5342208      5342208
      667776            8          73.338     10684416     10684416
      667776           16         129.418     21368832     21368832
      667776           32         240.441     42737664     42737664
      667776           64         475.289     85475328     85475328
      667776          128         962.332    170950656    170950656
      667776          256        1915.856    341901312    341901312
      667776          512        3848.585    683802624    683802624
      667776         1024        7663.932   1367605248   1367605248
      734400            1          10.390      1468800      1468800
      734400            2          16.771      2937600      2937600
      734400            4          37.103      5875200      5875200
      734400            8          77.375     11750400     11750400
      734400           16         140.239     23500800     23500800
      734400           32         279.495     47001600     47001600
      734400           64         521.908     94003200     94003200
      734400          128        1053.515    188006400    188006400
      734400          256        2107.054    376012800    376012800
      734400          512        4224.036    752025600    752025600
      734400         1024        8421.623   1504051200   1504051200
      807744            1          11.768      1615488      1615488
      807744            2          19.515      3230976      3230976
      807744            4          43.097      6461952      6461952
      807744            8          94.551     12923904     12923904
      807744           16         188.217     25847808     25847808
      807744           32         339.516     51695616     51695616
      807744           64         597.505    103391232    103391232
      807744          128        1161.227    206782464    206782464
      807744          256        2316.452    413564928    413564928
      807744          512        4646.966    827129856    827129856
      807744         1024        9281.902   1654259712   1654259712
      888384            1          14.675      1776768      1776768
      888384            2          21.149      3553536      3553536
      888384            4          47.509      7107072      7107072
      888384            8          89.671     14214144     14214144
      888384           16         178.088     28428288     28428288
      888384           32         317.434     56856576     56856576
      888384           64        1672.975    113713152    113713152
      888384          128        1273.102    227426304    227426304
      888384          256        2542.702    454852608    454852608
      888384          512        5108.410    909705216    909705216
      888384         1024       10190.225   1819410432   1819410432
      977088            1          14.474      1954176      1954176
      977088            2          22.728      3908352      3908352
      977088            4          58.452      7816704      7816704
      977088            8         108.358     15633408     15633408
      977088           16         203.014     31266816     31266816
      977088           32         422.095     62533632     62533632
      977088           64         706.011    125067264    125067264
      977088          128        1396.080    250134528    250134528
      977088          256        2805.281    500269056    500269056
      977088          512        5597.051   1000538112   1000538112
      977088         1024       11213.662   2001076224   2001076224
     1074624            1          13.600      2149248      2149248
     1074624            2          24.620      4298496      4298496
     1074624            4          54.052      8596992      8596992
     1074624            8         107.474     17193984     17193984
     1074624           16         191.288     34387968     34387968
     1074624           32         394.791     68775936     68775936
     1074624           64         761.328    137551872    137551872
     1074624          128        1545.991    275103744    275103744
     1074624          256        3081.721    550207488    550207488
     1074624          512        6160.660   1100414976   1100414976
     1181952            1          15.689      2363904      2363904
     1181952            2          28.960      4727808      4727808
     1181952            4          74.074      9455616      9455616
     1181952            8         117.838     18911232     18911232
     1181952           16         207.588     37822464     37822464
     1181952           32         417.168     75644928     75644928
     1181952           64         849.603    151289856    151289856
     1181952          128        1695.744    302579712    302579712
     1181952          256        3385.374    605159424    605159424
     1181952          512        6776.348   1210318848   1210318848
     1300032            1          16.035      2600064      2600064
     1300032            2          28.284      5200128      5200128
     1300032            4          61.311     10400256     10400256
     1300032            8         142.583     20800512     20800512
     1300032           16         228.207     41601024     41601024
     1300032           32         460.366     83202048     83202048
     1300032           64         931.808    166404096    166404096
     1300032          128        1862.038    332808192    332808192
     1300032          256        3729.820    665616384    665616384
     1300032          512        7468.965   1331232768   1331232768
     1430016            1          17.988      2860032      2860032
     1430016            2          47.053      5720064      5720064
     1430016            4          65.584     11440128     11440128
     1430016            8         133.823     22880256     22880256
     1430016           16         249.977     45760512     45760512
     1430016           32         504.146     91521024     91521024
     1430016           64        1035.061    183042048    183042048
     1430016          128        2045.358    366084096    366084096
     1430016          256        4094.469    732168192    732168192
     1430016          512        8190.988   1464336384   1464336384
     1572864            1          19.875      3145728      3145728
     1572864            2          35.214      6291456      6291456
     1572864            4          72.849     12582912     12582912
     1572864            8         146.182     25165824     25165824
     1572864           16         291.908     50331648     50331648
     1572864           32         553.256    100663296    100663296
     1572864           64        1122.981    201326592    201326592
     1572864          128        2258.885    402653184    402653184
     1572864          256        4499.239    805306368    805306368
     1572864          512        9016.179   1610612736   1610612736
     1730112            1          21.541      3460224      3460224
     1730112            2          36.812      6920448      6920448
     1730112            4          81.352     13840896     13840896
     1730112            8         173.746     27681792     27681792
     1730112           16         302.248     55363584     55363584
     1730112           32         618.424    110727168    110727168
     1730112           64        1233.440    221454336    221454336
     1730112          128        2469.679    442908672    442908672
     1730112          256        4960.271    885817344    885817344
     1730112          512        9914.652   1771634688   1771634688
     1903104            1          23.378      3806208      3806208
     1903104            2          58.403      7612416      7612416
     1903104            4          87.645     15224832     15224832
     1903104            8         167.573     30449664     30449664
     1903104           16         330.692     60899328     60899328
     1903104           32         679.905    121798656    121798656
     1903104           64        1353.304    243597312    243597312
     1903104          128        2763.416    487194624    487194624
     1903104          256        6489.459    974389248    974389248
     1903104          512       10904.376   1948778496   1948778496
     2093376            1          27.718      4186752      4186752
     2093376            2          42.726      8373504      8373504
     2093376            4          94.590     16747008     16747008
     2093376            8         184.489     33494016     33494016
     2093376           16         366.551     66988032     66988032
     2093376           32         748.051    133976064    133976064
     2093376           64        1497.411    267952128    267952128
     2093376          128        2994.171    535904256    535904256
     2093376          256        5992.876   1071808512   1071808512
     2093376          512       11995.833   2143617024   2143617024
     2302656            1          32.723      4605312      4605312
     2302656            2          45.166      9210624      9210624
     2302656            4         102.734     18421248     18421248
     2302656            8         196.762     36842496     36842496
     2302656           16         413.594     73684992     73684992
     2302656           32         807.396    147369984    147369984
     2302656           64        1645.598    294739968    294739968
     2302656          128        3290.187    589479936    589479936
     2302656          256        6603.868   1178959872   1178959872
     2532864            1          30.619      5065728      5065728
     2532864            2          51.508     10131456     10131456
     2532864            4         117.072     20262912     20262912
     2532864            8         230.447     40525824     40525824
     2532864           16         439.666     81051648     81051648
     2532864           32         900.189    162103296    162103296
     2532864           64        1809.783    324206592    324206592
     2532864          128        3614.245    648413184    648413184
     2532864          256        7273.973   1296826368   1296826368
     2786112            1          36.679      5572224      5572224
     2786112            2          52.618     11144448     11144448
     2786112            4         122.641     22288896     22288896
     2786112            8         234.760     44577792     44577792
     2786112           16         496.600     89155584     89155584
     2786112           32         987.487    178311168    178311168
     2786112           64        1987.484    356622336    356622336
     2786112          128        3981.518    713244672    713244672
     2786112          256        7975.164   1426489344   1426489344
     3064704            1          51.258      6129408      6129408
     3064704            2          68.925     12258816     12258816
     3064704            4         171.475     24517632     24517632
     3064704            8         318.560     49035264     49035264
     3064704           16         639.456     98070528     98070528
     3064704           32        2884.481    196141056    196141056
     3064704           64        3722.421    392282112    392282112
     3064704          128        6371.201    784564224    784564224
     3064704          256       10421.853   1569128448   1569128448
     3371136            1          42.427      6742272      6742272
     3371136            2          76.223     13484544     13484544
     3371136            4         201.122     26969088     26969088
     3371136            8         431.474     53938176     53938176
     3371136           16         621.318    107876352    107876352
     3371136           32        1388.920    215752704    215752704
     3371136           64        2628.204    431505408    431505408
     3371136          128        4820.433    863010816    863010816
     3371136          256        9654.192   1726021632   1726021632
     3708096            1          45.615      7416192      7416192
     3708096            2          69.327     14832384     14832384
     3708096            4         171.724     29664768     29664768
     3708096            8         310.769     59329536     59329536
     3708096           16         652.560    118659072    118659072
     3708096           32        1307.423    237318144    237318144
     3708096           64        2635.047    474636288    474636288
     3708096          128        5306.654    949272576    949272576
     3708096          256       10604.077   1898545152   1898545152
     4078848            1          56.534      8157696      8157696
     4078848            2          75.647     16315392     16315392
     4078848            4         182.427     32630784     32630784
     4078848            8         341.463     65261568     65261568
     4078848           16         712.854    130523136    130523136
     4078848           32        1437.211    261046272    261046272
     4078848           64        2903.175    522092544    522092544
     4078848          128        5826.240   1044185088   1044185088
     4078848          256       11665.897   2088370176   2088370176
     4486656            1          59.893      8973312      8973312
     4486656            2          81.302     17946624     17946624
     4486656            4         185.063     35893248     35893248
     4486656            8         375.424     71786496     71786496
     4486656           16         788.308    143572992    143572992
     4486656           32        1592.407    287145984    287145984
     4486656           64        3191.015    574291968    574291968
     4486656          128        6402.305   1148583936   1148583936
     4935168            1          66.454      9870336      9870336
     4935168            2          91.815     19740672     19740672
     4935168            4         200.903     39481344     39481344
     4935168            8         411.291     78962688     78962688
     4935168           16         862.167    157925376    157925376
     4935168           32        1744.955    315850752    315850752
     4935168           64        3515.729    631701504    631701504
     4935168          128        7051.638   1263403008   1263403008
     5428608            1          65.708     10857216     10857216
     5428608            2          96.868     21714432     21714432
     5428608            4         220.659     43428864     43428864
     5428608            8         468.531     86857728     86857728
     5428608           16         943.346    173715456    173715456
     5428608           32        1917.627    347430912    347430912
     5428608           64        3853.845    694861824    694861824
     5428608          128        7753.364   1389723648   1389723648
     5971392            1          73.385     11942784     11942784
     5971392            2         123.255     23885568     23885568
     5971392            4         239.004     47771136     47771136
     5971392            8         496.761     95542272     95542272
     5971392           16        1036.239    191084544    191084544
     5971392           32        2105.784    382169088    382169088
     5971392           64        4253.174    764338176    764338176
     5971392          128        8517.751   1528676352   1528676352
     6568512            1          88.007     13137024     13137024
     6568512            2         134.805     26274048     26274048
     6568512            4         258.252     52548096     52548096
     6568512            8         546.156    105096192    105096192
     6568512           16        1150.708    210192384    210192384
     6568512           32        2312.093    420384768    420384768
     6568512           64        4674.054    840769536    840769536
     6568512          128        9373.380   1681539072   1681539072
     7225344            1          92.217     14450688     14450688
     7225344            2         127.384     28901376     28901376
     7225344            4         299.629     57802752     57802752
     7225344            8         599.758    115605504    115605504
     7225344           16        1249.826    231211008    231211008
     7225344           32        2554.644    462422016    462422016
     7225344           64        5134.279    924844032    924844032
     7225344          128       10474.842   1849688064   1849688064
     7947840            1          97.250     15895680     15895680
     7947840            2         139.707     31791360     31791360
     7947840            4         306.690     63582720     63582720
     7947840            8         675.230    127165440    127165440
     7947840           16        1374.261    254330880    254330880
     7947840           32        2803.726    508661760    508661760
     7947840           64        5652.423   1017323520   1017323520
     7947840          128       11341.343   2034647040   2034647040
     8742528            1         103.439     17485056     17485056
     8742528            2         167.961     34970112     34970112
     8742528            4         336.295     69940224     69940224
     8742528            8         735.385    139880448    139880448
     8742528           16        3004.295    279760896    279760896
     8742528           32        3081.443    559521792    559521792
     8742528           64        6211.597   1119043584   1119043584
     9616704            1         115.265     19233408     19233408
     9616704            2         183.027     38466816     38466816
     9616704            4         370.939     76933632     76933632
     9616704            8         805.857    153867264    153867264
     9616704           16        1661.016    307734528    307734528
     9616704           32        3395.503    615469056    615469056
     9616704           64        6835.679   1230938112   1230938112
    10578240            1         131.744     21156480     21156480
    10578240            2         179.136     42312960     42312960
    10578240            4         406.663     84625920     84625920
    10578240            8         889.785    169251840    169251840
    10578240           16        1838.268    338503680    338503680
    10578240           32        3730.057    677007360    677007360
    10578240           64        7512.884   1354014720   1354014720
    11635968            1         138.982     23271936     23271936
    11635968            2         194.772     46543872     46543872
    11635968            4         446.139     93087744     93087744
    11635968            8         975.655    186175488    186175488
    11635968           16        2015.059    372350976    372350976
    11635968           32        4110.448    744701952    744701952
    11635968           64        8265.379   1489403904   1489403904
    12799488            1         153.931     25598976     25598976
    12799488            2         214.626     51197952     51197952
    12799488            4         509.560    102395904    102395904
    12799488            8        1070.029    204791808    204791808
    12799488           16        2214.491    409583616    409583616
    12799488           32        4516.038    819167232    819167232
    12799488           64        9093.177   1638334464   1638334464
    14079360            1         167.589     28158720     28158720
    14079360            2         232.412     56317440     56317440
    14079360            4         556.538    112634880    112634880
    14079360            8        1174.206    225269760    225269760
    14079360           16        2433.239    450539520    450539520
    14079360           32        4957.547    901079040    901079040
    14079360           64       10001.609   1802158080   1802158080
    15487296            1         202.374     30974592     30974592
    15487296            2         255.060     61949184     61949184
    15487296            4         607.712    123898368    123898368
    15487296            8        1289.910    247796736    247796736
    15487296           16        2684.151    495593472    495593472
    15487296           32        5450.048    991186944    991186944
    15487296           64       11001.878   1982373888   1982373888
    17035968            1         199.987     34071936     34071936
    17035968            2         301.250     68143872     68143872
    17035968            4         652.732    136287744    136287744
    17035968            8        1430.598    272575488    272575488
    17035968           16        2966.418    545150976    545150976
    17035968           32        5999.501   1090301952   1090301952
    18739392            1         219.029     37478784     37478784
    18739392            2         312.851     74957568     74957568
    18739392            4         732.865    149915136    149915136
    18739392            8        1571.926    299830272    299830272
    18739392           16        3241.979    599660544    599660544
    18739392           32        6592.682   1199321088   1199321088
    20613312            1         257.383     41226624     41226624
    20613312            2         339.163     82453248     82453248
    20613312            4         804.569    164906496    164906496
    20613312            8        1727.299    329812992    329812992
    20613312           16        3562.525    659625984    659625984
    20613312           32        7285.659   1319251968   1319251968
    22674624            1         243.990     45349248     45349248
    22674624            2         372.036     90698496     90698496
    22674624            4         881.100    181396992    181396992
    22674624            8        1896.133    362793984    362793984
    22674624           16        3928.533    725587968    725587968
    22674624           32        7993.116   1451175936   1451175936
    24941952            1         235.717     49883904     49883904
    24941952            2         419.558     99767808     99767808
    24941952            4         965.781    199535616    199535616
    24941952            8        2084.215    399071232    399071232
    24941952           16        5399.772    798142464    798142464
    24941952           32        8800.596   1596284928   1596284928
    27436032            1         244.559     54872064     54872064
    27436032            2         458.263    109744128    109744128
    27436032            4        1064.019    219488256    219488256
    27436032            8        2288.348    438976512    438976512
    27436032           16        4756.970    877953024    877953024
    27436032           32        9687.566   1755906048   1755906048
    30179520            1         267.485     60359040     60359040
    30179520            2         502.644    120718080    120718080
    30179520            4        1164.827    241436160    241436160
    30179520            8        2514.900    482872320    482872320
    30179520           16        5240.152    965744640    965744640
    30179520           32       10644.238   1931489280   1931489280
    33197376            1         312.588     66394752     66394752
    33197376            2         540.836    132789504    132789504
    33197376            4        1291.158    265579008    265579008
    33197376            8        2763.294    531158016    531158016
    33197376           16        5756.197   1062316032   1062316032
    33197376           32       11727.662   2124632064   2124632064
    36517056            1         317.970     73034112     73034112
    36517056            2         604.862    146068224    146068224
    36517056            4        1403.197    292136448    292136448
    36517056            8        3047.648    584272896    584272896
    36517056           16        6336.560   1168545792   1168545792
    40168704            1         349.798     80337408     80337408
    40168704            2         681.462    160674816    160674816
    40168704            4        1561.539    321349632    321349632
    40168704            8        3352.407    642699264    642699264
    40168704           16        6961.194   1285398528   1285398528
    44185536            1         381.950     88371072     88371072
    44185536            2         739.626    176742144    176742144
    44185536            4        1710.898    353484288    353484288
    44185536            8        3698.936    706968576    706968576
    44185536           16        7652.377   1413937152   1413937152
    48604032            1         443.396     97208064     97208064
    48604032            2         815.243    194416128    194416128
    48604032            4        1887.748    388832256    388832256
    48604032            8        4074.027    777664512    777664512
    48604032           16        8461.318   1555329024   1555329024
    53464320            1         489.834    106928640    106928640
    53464320            2         909.253    213857280    213857280
    53464320            4        2094.249    427714560    427714560
    53464320            8        4494.543    855429120    855429120
    53464320           16        9334.866   1710858240   1710858240
    58810752            1         508.747    117621504    117621504
    58810752            2        1009.961    235243008    235243008
    58810752            4        2321.483    470486016    470486016
    58810752            8        4965.456    940972032    940972032
    58810752           16       10289.808   1881944064   1881944064
    64691712            1         577.222    129383424    129383424
    64691712            2        1159.527    258766848    258766848
    64691712            4        2579.302    517533696    517533696
    64691712            8        5528.531   1035067392   1035067392
    64691712           16       11352.401   2070134784   2070134784
    71160768            1         671.930    142321536    142321536
    71160768            2        1254.467    284643072    284643072
    71160768            4        2885.854    569286144    569286144
    71160768            8        6086.363   1138572288   1138572288
    78276672            1         718.774    156553344    156553344
    78276672            2        1432.235    313106688    313106688
    78276672            4        3177.984    626213376    626213376
    78276672            8        6750.979   1252426752   1252426752
    86104320            1         834.696    172208640    172208640
    86104320            2        1554.813    344417280    344417280
    86104320            4        3500.053    688834560    688834560
    86104320            8        7389.106   1377669120   1377669120
    94714752            1         907.635    189429504    189429504
    94714752            2        1740.979    378859008    378859008
    94714752            4        3860.240    757718016    757718016
    94714752            8        8138.894   1515436032   1515436032
   104186112            1        1021.597    208372224    208372224
   104186112            2        1951.973    416744448    416744448
   104186112            4        4238.391    833488896    833488896
   104186112            8        8953.479   1666977792   1666977792
   114604608            1        1148.740    229209216    229209216
   114604608            2        2160.279    458418432    458418432
   114604608            4        4692.881    916836864    916836864
   114604608            8        9895.473   1833673728   1833673728
   126064896            1        1249.842    252129792    252129792
   126064896            2        2432.122    504259584    504259584
   126064896            4        5228.917   1008519168   1008519168
   126064896            8       10931.008   2017038336   2017038336
   138671232            1        1378.590    277342464    277342464
   138671232            2        2700.471    554684928    554684928
   138671232            4        5811.567   1109369856   1109369856
   152538240            1        1557.076    305076480    305076480
   152538240            2        3038.165    610152960    610152960
   152538240            4        6443.065   1220305920   1220305920
   167792064            1        1748.420    335584128    335584128
   167792064            2        3369.541    671168256    671168256
   167792064            4        7167.626   1342336512   1342336512
   184571136            1        1929.049    369142272    369142272
   184571136            2        3744.630    738284544    738284544
   184571136            4        7917.043   1476569088   1476569088
   203028096            1        2215.515    406056192    406056192
   203028096            2        4281.533    812112384    812112384
   203028096            4        9699.693   1624224768   1624224768
   223330752            1        2398.320    446661504    446661504
   223330752            2        4737.341    893323008    893323008
   223330752            4        9769.933   1786646016   1786646016
   245663808            1        2673.477    491327616    491327616
   245663808            2        5249.064    982655232    982655232
   245663808            4       10817.678   1965310464   1965310464
   270230016            1        2988.443    540460032    540460032
   270230016            2        5886.614   1080920064   1080920064
   297252864            1        3262.228    594505728    594505728
   297252864            2        6504.665   1189011456   1189011456
   326978112            1        3626.429    653956224    653956224
   326978112            2        7176.534   1307912448   1307912448
   359675904            1        4029.108    719351808    719351808
   359675904            2        7940.963   1438703616   1438703616
   395643456            1        4472.137    791286912    791286912
   395643456            2        8772.754   1582573824   1582573824
   435207744            1        4858.531    870415488    870415488
   435207744            2        9671.983   1740830976   1740830976
   478728384            1        5421.542    957456768    957456768
   478728384            2       10753.137   1914913536   1914913536
   526601088            1        5968.481   1053202176   1053202176
   526601088            2       11792.766   2106404352   2106404352
   579261120            1        6568.766   1158522240   1158522240
   637187136            1        7209.353   1274374272   1274374272
   700905792            1        8087.954   1401811584   1401811584
   770996352            1        8836.550   1541992704   1541992704
   848095872            1        9667.740   1696191744   1696191744
   932905344            1       10763.955   1865810688   1865810688
  1026195840            1       11848.221   2052391680   2052391680

META_DATA
FLOPS          16
MPI_PROCS      1
OPENMP_THREADS 24
ERT_VERSION  1.1.0
HOSTNAME  ('dp-cn26.deep', [], ['10.2.9.126'])
UNAME  uname_result(system='Linux', node='dp-cn26', release='4.18.0-513.24.1.el8_9.x86_64', version='#1 SMP Thu Apr 4 18:13:02 UTC 2024', machine='x86_64')
TIMESTAMP_DATA  1713441604.0515392
CONFIG  {'ERT_RESULTS': ['Results.cn.deep.fz-juelich.de.01.gcc2023-O3-only'], 'ERT_DRIVER': ['driver1'], 'ERT_KERNEL': ['kernel1'], 'ERT_MPI': ['True'], 'ERT_MPI_CFLAGS': ['-I', '/p/software/deep/stages/2023/software/psmpi/5.9.2-1-GCC-11.3.0/include'], 'ERT_MPI_LDFLAGS': ['-L', '/p/software/deep/stages/2023/software/psmpi/5.9.2-1-GCC-11.3.0/lib', '-lmpi'], 'ERT_OPENMP': ['True'], 'ERT_OPENMP_CFLAGS': ['-fopenmp'], 'ERT_OPENMP_LDFLAGS': ['-fopenmp'], 'ERT_FLOPS': ['1,2,4,8,16,64,128'], 'ERT_ALIGN': ['64'], 'ERT_CC': ['mpicxx'], 'ERT_CFLAGS': ['-g', '-O3'], 'ERT_LD': ['mpicxx'], 'ERT_LDFLAGS': [], 'ERT_LDLIBS': [], 'ERT_PRECISION': ['FP64'], 'ERT_RUN': ['export', 'OMP_NUM_THREADS=ERT_OPENMP_THREADS;', 'export', 'OMP_PLACES="cores(ERT_OPENMP_THREADS)";', 'srun', '-p', 'dp-cn', '-n', 'ERT_MPI_PROCS', '-c', '48', '--ntasks-per-node', '1', 'ERT_CODE'], 'ERT_PROCS_THREADS': ['24'], 'ERT_MPI_PROCS': ['1'], 'ERT_OPENMP_THREADS': ['24'], 'ERT_NUM_EXPERIMENTS': ['5'], 'ERT_MEMORY_MAX': ['1073741824'], 'ERT_WORKING_SET_MIN': ['128'], 'ERT_TRIALS_MIN': ['1'], 'ERT_GNUPLOT': ['gnuplot'], 'ERT_GPU': [False], 'ERT_HIP': [False], 'ERT_OCL': [False], 'ERT_SYCL': [False], 'ERT_WSS_MULT': [1.1]}
