fp64
 24576 32768 389.099 395.06 412.941 3900.3458992931196 4076.881324355794 4139.339181031049 243.77161870581998 254.8050827722371 258.70869881444054
 26880 32768 434.875 451.088 458.956 3838.2931697156155 3905.2417266697403 4050.836861167002 239.89332310722597 244.07760791685877 253.17730382293763
 29568 32768 467.062 470.877 494.957 3915.0238263121846 4115.232742308501 4148.846294496234 244.68898914451154 257.2020463942813 259.3028934060146
 32448 32768 548.124 554.085 622.034 3418.642916625136 3837.880700614526 3879.618714013617 213.665182289071 239.8675437884079 242.47616962585107
 35520 16384 339.985 355.005 356.913 3261.073034605072 3278.599907043563 3423.4432695560095 203.817064662817 204.91249419022267 213.9652043472506
 38976 16384 290.871 312.09 327.11 3904.391696982666 4092.2989137748727 4390.831564507977 244.02448106141662 255.76868211092955 274.4269727817486
 42816 16384 318.05 324.965 343.084 4089.362045446596 4317.37168002708 4411.2393900330135 255.58512784041224 269.8357300016925 275.70246187706334
 47040 16384 380.993 401.02 409.842 3760.97793783946 3843.7153259189067 4045.761260705577 235.06112111496626 240.23220786993167 252.86007879409857
 51648 16384 395.06 396.967 414.133 4086.6138752526363 4263.3308662936715 4283.910454108236 255.41336720328977 266.45817914335447 267.74440338176476
 56640 16384 416.04 416.994 426.054 4356.207241335605 4450.854256895783 4461.060282665128 272.26295258347534 278.1783910559864 278.8162676665705
 62208 16384 416.994 422.955 438.929 4644.103588507481 4819.500287264603 4888.395861810961 290.25647428171754 301.2187679540377 305.52474136318506
 68352 8192 231.981 233.173 247.002 4533.887045449024 4802.782346155001 4827.4607316978545 283.367940340564 300.17389663468754 301.7162957311159
 75072 8192 247.002 249.863 264.883 4643.482775414051 4922.616185669747 4979.6343673330575 290.21767346337816 307.6635116043592 311.2271479583161
 82560 8192 269.89 272.989 291.109 4646.586124097847 4955.009322719963 5011.904998332654 290.4116327561154 309.6880826699977 313.2440623957909
 90816 8192 298.977 300.884 313.997 4738.673758029536 4945.192645670757 4976.735146850762 296.167109876846 309.0745403544223 311.04594667817264
 99840 8192 319.958 322.104 336.885 4855.5992697804895 5078.4174055584535 5112.479012870439 303.4749543612806 317.40108784740335 319.52993830440244
 109824 8192 370.979 380.039 396.967 4532.760697992529 4734.662537265912 4850.291838621593 283.29754362453303 295.9164085791195 303.1432399138496
 120768 8192 411.987 413.179 684.023 2892.684766447912 4788.875794752396 4802.7314259915975 180.7927979029945 299.3047371720248 300.17071412447484
 132672 4096 222.921 226.021 231.981 4685.077760678676 4808.6196592352035 4875.489630855774 292.81736004241725 300.5387287022002 304.71810192848585
 145920 4096 237.942 241.041 257.969 4633.79956506402 4959.225360000996 5023.815215472679 289.6124728165012 309.95158500006227 313.9884509670424
 160512 4096 257.015 261.068 262.976 5000.130445363836 5036.673602279866 5116.09946501177 312.50815283523974 314.7921001424916 319.7562165632356
 176448 4096 279.903 284.91 303.03 4770.029422829423 5073.398673265241 5164.153353125904 298.12683892683896 317.08741707907757 322.759584570369
 193920 4096 304.937 310.183 354.052 4486.890739213448 5121.469068259704 5209.576535481098 280.4306712008405 320.0918167662315 325.59853346756864
 213312 4096 350.952 355.959 383.139 4560.882353401768 4909.138142314143 4979.176365998769 285.0551470876105 306.82113389463393 311.19852287492307
 234624 4096 376.94 393.867 397.921 4830.204507929967 4879.920907311352 5099.060349127182 301.88778174562293 304.9950567069595 318.6912718204489
 258048 4096 411.034 426.054 428.915 4928.550449389739 4961.646213860215 5142.954636356116 308.0344030868587 310.1028883662634 321.43466477225724
 283776 2048 228.167 245.094 247.002 4705.8181553185805 4742.451859286641 5094.2796109866895 294.1136347074113 296.40324120541504 318.3924756866681
 312000 2048 254.154 260.115 273.943 4665.028856367931 4913.02693039617 5028.258457470668 291.5643035229957 307.06418314976065 314.26615359191675
 343104 2048 272.036 279.188 294.924 4765.1394393131795 5033.719156983825 5166.058845152847 297.8212149570737 314.60744731148907 322.87867782205296
 377280 2048 299.931 315.905 319.004 4844.261764742762 4891.783542520696 5152.314632365445 302.76636029642265 305.7364714075435 322.0196645228403
 414912 2048 334.978 339.031 406.981 4175.820374906936 5012.755624116969 5073.406468484497 260.9887734316835 313.29722650731054 317.08790428028107
 456384 2048 363.111 366.926 385.046 4854.871532232512 5094.620888135482 5148.147161611739 303.429470764532 318.41380550846765 321.75919760073367
 501888 2048 400.782 405.788 419.855 4896.29335842136 5066.027699192682 5129.3053280835975 306.018334901335 316.62673119954263 320.58158300522484
 552000 1024 224.829 226.021 229.12 4934.078212290503 5001.729927750076 5028.248135249456 308.37988826815644 312.60812048437975 314.265508453091
 607104 1024 246.048 248.194 265.837 4677.110379668745 5009.58521156837 5053.278189621537 292.31939872929655 313.09907572302313 315.8298868513461
 667776 1024 268.936 272.989 288.963 4732.80401989182 5009.7448908197775 5085.244251420412 295.80025124323873 313.1090556762361 317.82776571377576
 734400 1024 294.924 296.831 316.143 4757.502775642668 5067.028713308246 5099.792488912398 297.34392347766675 316.68929458176535 318.73703055702487
 807744 1024 353.098 355.959 371.933 4447.735780369045 4647.332170278038 4684.9874878928795 277.9834862730653 290.45826064237735 292.81171799330497
 888384 1024 768.9 771.046 772.953 2353.8435480553153 2359.665223605336 2366.251049551307 147.1152217534572 147.4790764753335 147.8906905969567
 977088 1024 847.816 852.108 858.068 2332.0718451218318 2348.383331690349 2360.271832567444 145.75449032011448 146.77395823064683 147.51698953546526
 1074624 512 463.963 468.016 496.864 2214.7206801056227 2351.2336672250517 2371.7731284606743 138.42004250660142 146.95210420156573 148.23582052879215
 1181952 512 506.163 516.176 535.011 2262.231707385456 2344.77939307523 2391.164205996882 141.389481711591 146.54871206720188 149.44776287480514
 1300032 512 555.992 571.966 581.026 2291.1758991852344 2327.468360007413 2394.3379904746835 143.19849369907715 145.46677250046332 149.64612440466772
 1430016 512 609.875 617.981 633.955 2309.8427869486004 2369.549199732678 2401.043466284075 144.36517418428753 148.09682498329238 150.06521664275468
 1572864 512 673.056 685.93 689.03 2337.507417674122 2348.0715758167744 2392.984738268435 146.0942136046326 146.7544734885484 149.5615461417772
 1730112 512 741.005 753.88 757.933 2337.4555376266767 2350.0221361489894 2390.8538916741454 146.0909711016673 146.87638350931184 149.4283682296341
 1903104 512 812.054 828.028 849.962 2292.783084420245 2353.5176298386045 2399.813923704581 143.2989427762653 147.09485186491278 149.98837023153632
 2093376 512 908.136 910.997 916.004 2340.1830385020153 2353.0450967456536 2360.4581516424855 146.26143990637595 147.06531854660335 147.52863447765534
 2302656 256 499.964 504.971 514.984 2289.3135942087524 2334.7080763053723 2358.0895264459045 143.08209963804703 145.91925476908577 147.38059540286903
 2532864 256 545.979 550.985 576.973 2247.6378756024983 2353.650948755411 2375.2312231789133 140.47736722515614 147.10318429721318 148.45195144868208
 2786112 256 603.914 618.935 628.948 2268.056093667521 2304.748227196717 2362.0736462476443 141.75350585422007 144.0467641997948 147.62960289047777
 3064704 256 661.135 670.91 676.155 2320.663824123167 2338.8061707233464 2373.385841015829 145.04148900769795 146.17538567020915 148.33661506348932
 3371136 256 719.786 733.137 745.773 2314.4061691694387 2354.2961711112657 2397.9649951513366 144.65038557308992 147.1435106944541 149.87281219695853
 3708096 256 792.027 805.855 808.954 2346.913609426494 2355.938912087162 2397.071251358855 146.68210058915588 147.24618200544762 149.81695320992844
 4078848 256 877.857 885.01 887.871 2352.1099078582365 2359.7136484333514 2378.941189738192 147.00686924113978 147.48210302708446 148.683824358637
 4486656 128 488.997 503.063 508.07 2260.6804889090085 2283.1811045535055 2348.856815072485 141.29253055681303 142.6988190345941 146.8035509420303
 4935168 128 529.051 536.919 553.846 2281.144953651376 2353.060718655887 2388.055230970171 142.571559603211 147.06629491599293 149.2534519356357
 5428608 128 581.98 596.046 606.06 2293.0463122463125 2331.5711337715543 2387.923378810268 143.31539451539453 145.72319586072214 149.24521117564174
 5971392 128 643.969 655.89 665.903 2295.6441884178325 2330.6901340163745 2373.8353119482454 143.47776177611453 145.6681333760234 148.36470699676534
 6568512 128 701.904 715.971 725.985 2316.217376392074 2348.6133823855994 2395.6824181084594 144.76358602450463 146.78833639909996 149.7301511317787
 7225344 128 771.046 789.165 800.133 2311.7257555931324 2343.854661572675 2398.933479973957 144.48285972457077 146.4909163482922 149.93334249837233
 7947840 128 849.009 867.128 1070.023 1901.4984163891806 2346.4206437803873 2396.4964329000045 118.84365102432379 146.6512902362742 149.78102705625028
 8742528 64 470.161 488.043 586.987 1906.4197060582262 2292.9200582735534 2380.128475139367 119.15123162863914 143.3075036420971 148.75802969621043
 9616704 64 524.998 531.912 640.154 1922.8781074553935 2314.1762396787435 2344.6529548683993 120.1798817159621 144.63601497992147 146.54080967927496
 10578240 64 580.072 584.126 686.884 1971.2421893653075 2318.018235791593 2334.2183728916407 123.20263683533172 144.87613973697455 145.88864830572754
 11635968 64 623.941 633.955 648.975 2295.009675257136 2349.384268599506 2387.090933277345 143.438104703571 146.83651678746912 149.19318332983406
 12799488 64 684.977 694.036 714.064 2294.380425284008 2360.590032793688 2391.8094534561014 143.3987765802505 147.5368770496055 149.48809084100634
 14079360 64 752.926 770.092 779.152 2312.9736944780993 2340.1854323898965 2393.539444779434 144.5608559048812 146.26158952436853 149.5962152987146
 15487296 64 844.002 851.87 1053.095 1882.4264553530309 2327.084987145926 2348.778661661939 117.65165345956443 145.44281169662037 146.7986663538712
 17035968 32 460.148 461.102 591.04 1844.7177043854902 2364.556978716206 2369.4592870120046 115.29485652409313 147.78481116976286 148.09120543825028
 18739392 32 527.143 621.08 643.015 1865.152582754679 1931.0251304179812 2275.1342387170084 116.57203642216744 120.68907065112383 142.19588991981303
 20613312 32 560.045 701.904 732.899 1800.0460745614337 1879.5333378923615 2355.6177949986163 112.5028796600896 117.4708336182726 147.22611218741352
 22674624 32 640.869 758.171 841.141 1725.2469395737457 1914.0483294665714 2264.3877859593767 107.82793372335911 119.62802059166071 141.52423662246105
 24941952 32 713.825 827.074 1008.987 1582.0668928341 1930.0388211937507 2236.24127482226 98.87918080213124 120.62742632460942 139.76507967639125
 27436032 32 960.112 969.887 1045.942 1678.7795575662894 1810.4233256039106 1828.8554335327547 104.92372234789309 113.15145785024441 114.30346459579717
 30179520 32 1341.105 1355.886 1384.974 1394.6032777510625 1424.5218845832173 1440.222264475936 87.1627048594414 89.03261778645108 90.013891529746
 33197376 32 1821.041 1845.121 1857.042 1144.0947829935997 1151.4865767610904 1166.7129207964017 71.50592393709998 71.96791104756815 72.9195575497751
 36517056 16 1136.065 1143.932 1157.999 1009.1077729773514 1021.5168314200494 1028.5906105724582 63.06923581108446 63.844801963753085 64.28691316077864
 40168704 16 1303.196 1307.964 1326.084 969.319083858941 982.7476352560162 986.3432116120675 60.58244274118381 61.421727203501014 61.64645072575422
 44185536 16 1459.837 1490.116 2575.159 549.067902991621 948.877236403072 968.5582376662599 34.316743936976316 59.304827275192 60.53488985414124
 48604032 16 1638.889 1671.791 1749.039 889.2477663448328 930.3370002590036 949.0142553888641 55.57798539655205 58.146062516187726 59.313390961804004
 53464320 16 1821.995 1941.919 2087.831 819.4428763630773 881.0142132601824 939.0027085694528 51.21517977269233 55.0633883287614 58.6876692855908
 58810752 16 2206.802 2310.038 2496.004 753.982791694244 814.6809983212398 852.7924408261365 47.12392448089025 50.91756239507749 53.29952755163353
 64691712 16 2601.862 2707.958 3175.02 652.0068484607971 764.4634015741751 795.6358884521931 40.75042802879982 47.778962598385945 49.727243028262066
 71160768 8 1748.8 1814.127 2081.156 547.0864692507433 627.6144327271464 651.0591765782251 34.19290432817146 39.22590204544665 40.69119853613907
 78276672 8 2425.909 2500.057 2806.187 446.3090848899236 500.9592789284405 516.2711181664275 27.894317805620226 31.30995493302753 32.26694488540172
 86104320 8 3123.999 3285.885 3432.989 401.3030976796022 419.268817989674 440.99537803949363 25.08144360497514 26.204301124354625 27.562211127468352
 94714752 8 4003.048 4107.952 4372.12 346.61354949086484 368.9030524212551 378.5705372506151 21.663346843179053 23.056440776328444 23.660658578163442
 104186112 8 4961.014 5103.827 5265.951 316.55778642832036 326.6133025276915 336.0155387588102 19.784861651770022 20.413331407980717 21.000971172425636
 114604608 8 5790.949 6080.151 6346.941 288.90669190087004 301.5835836971812 316.64477238532066 18.056668243804378 18.848973981073826 19.79029827408254
 126064896 8 6915.092 7270.813 7473.946 269.87595789426365 277.415790503758 291.6864064859875 16.867247368391478 17.338486906484874 18.23040040537422
 138671232 4 3971.1 4202.127 4313.946 257.1589574834734 264.00198185347557 279.36084611316767 16.072434842717087 16.500123865842223 17.46005288207298
 152538240 4 4637.957 4846.096 4973.173 245.37773369235293 251.81216385313044 263.11281454312746 15.336108355772058 15.738260240820653 16.444550908945466
 167792064 4 5310.059 5578.995 5668.879 236.79046809783733 240.60543377436258 252.79126126470535 14.799404256114833 15.037839610897661 15.799453829044085
 184571136 4 5978.107 6292.82 6381.989 231.3650318106158 234.64346477413943 246.99609558678023 14.460314488163487 14.665216548383714 15.437255974173764
 203028096 4 6798.029 7081.985 7318.02 221.9486648027745 229.3459768694794 238.9258368859562 13.871791550173405 14.334123554342462 14.932864805372262
 223330752 4 7738.113 8008.957 8212.09 217.5628878884669 223.08098495222285 230.88910901146053 13.59768049302918 13.942561559513928 14.430569313216283
 245663808 4 8602.142 8944.035 9155.989 214.6475344170903 219.73420989519832 228.46756819406144 13.415470901068144 13.733388118449895 14.27922301212884
 270230016 2 4930.019 5155.087 5225.897 206.83914436124556 209.68027581299793 219.25271768729493 12.927446522577847 13.10501723831237 13.703294855455933
 297252864 2 5589.962 5717.993 5780.935 205.67805311770502 207.94209716591118 212.7047475456899 12.854878319856564 12.996381072869449 13.29404672160562
 326978112 2 6132.126 6365.061 6491.899 201.46839129813938 205.4830971769163 213.2885801759455 12.591774456133711 12.842693573557268 13.330536260996594
 359675904 2 6827.831 7062.912 7208.109 199.5951526260216 203.69836350785624 210.71166172683533 12.47469703912635 12.731147719241015 13.169478857927208
 395643456 2 7611.036 7865.191 7996.082 197.91865866308024 201.2123830177805 207.93145952798017 12.369916166442515 12.575773938611281 12.99571622049876
 435207744 2 8476.019 8721.113 8931.16 194.9165591031848 199.61110193159982 205.38309033993437 12.18228494394905 12.475693870724989 12.836443146245898
 478728384 2 9464.025 9638.071 9800.196 195.39543249951328 198.6822400457519 202.33606060846208 12.21221453121958 12.417640002859494 12.64600378802888
 526601088 2 10467.052 10668.039 10872.841 193.73081534071915 197.45000482281702 201.2414146791284 12.108175958794947 12.340625301426064 12.577588417445526
 579261120 1 5793.095 5987.883 6010.056 192.76396759031863 193.47776835318928 199.98329735659436 12.047747974394914 12.09236052207433 12.498956084787148
 637187136 1 6515.98 6587.029 6641.865 191.86994496274767 193.46723264767772 195.57676235961438 11.99187156017173 12.091702040479857 12.223547647475899
 700905792 1 7213.116 7323.98 7385.015 189.8183800574542 191.4002474064648 194.3420269409226 11.863648753590887 11.96251546290405 12.146376683807663
 770996352 1 7923.841 8044.004 8110.046 190.1336569484316 191.69467145963628 194.60167158831177 11.883353559276975 11.980916966227268 12.162604474269486
 848095872 1 8750.916 8837.938 8912.086 190.3248851054624 191.9216613649021 193.83019377628585 11.8953053190914 11.99510383530638 12.114387111017866
 932905344 1 9629.965 9804.964 9849.072 189.44025264512229 190.29245675965768 193.75051601952862 11.840015790320143 11.893278547478605 12.109407251220539
 1026195840 1 10636.091 10813.951 10965.109 187.17476315100924 189.79110225300633 192.96484770579715 11.698422696938078 11.861943890812896 12.060302981612322
 
META_DATA
 FLOPS          1
 MPI_PROCS      1
 OPENMP_THREADS 24
 ERT_VERSION  1.1.0
 HOSTNAME  ('deepv.deep', [], ['10.2.8.6'])
 UNAME  uname_result(system='Linux', node='deepv', release='4.18.0-372.32.1.el8_6.x86_64', version='#1 SMP Thu Oct 27 15:18:36 UTC 2022', machine='x86_64')
 TIMESTAMP_DATA  1673469776.3206563
 CONFIG  {'ERT_RESULTS': ['Results.cn.deep.fz-juelich.de.01'], 'ERT_DRIVER': ['driver1'], 'ERT_KERNEL': ['kernel1'], 'ERT_MPI': ['True'], 'ERT_MPI_CFLAGS': ['-I', '/p/deep/software/skylake/Stages/2022/software/psmpi/5.5.0-1-intel-compilers-2021.4.0/include'], 'ERT_MPI_LDFLAGS': ['-L', '/p/deep/software/skylake/Stages/2022/software/psmpi/5.5.0-1-intel-compilers-2021.4.0/lib', '-lmpi'], 'ERT_OPENMP': ['True'], 'ERT_OPENMP_CFLAGS': ['-qopenmp'], 'ERT_OPENMP_LDFLAGS': ['-qopenmp'], 'ERT_FLOPS': ['1,2,4,8,16,64,128'], 'ERT_ALIGN': ['64'], 'ERT_CC': ['icpc'], 'ERT_CFLAGS': ['-O3', '-fno-alias', '-fno-fnalias', '-xCore-AVX512', '-qopt-zmm-usage=high', '-DERT_INTEL'], 'ERT_LD': ['icpc'], 'ERT_LDFLAGS': [], 'ERT_LDLIBS': [], 'ERT_PRECISION': ['FP64'], 'ERT_RUN': ['export', 'OMP_NUM_THREADS=ERT_OPENMP_THREADS;', 'export', 'OMP_PLACES="cores";', 'srun', '-p', 'dp-cn', '-n', 'ERT_MPI_PROCS', '-c', '48', '--ntasks-per-node', '1', 'ERT_CODE'], 'ERT_PROCS_THREADS': ['24'], 'ERT_MPI_PROCS': ['1'], 'ERT_OPENMP_THREADS': ['24'], 'ERT_NUM_EXPERIMENTS': ['5'], 'ERT_MEMORY_MAX': ['1073741824'], 'ERT_WORKING_SET_MIN': ['128'], 'ERT_TRIALS_MIN': ['1'], 'ERT_GNUPLOT': ['gnuplot'], 'ERT_GPU': [False], 'ERT_HIP': [False], 'ERT_OCL': [False], 'ERT_SYCL': [False], 'ERT_WSS_MULT': [1.1]}
 TIMESTAMP_DATA  1673469909.7030525
 TIMESTAMP_DATA  1673469925.7390614
 TIMESTAMP_DATA  1673469941.6854262
 TIMESTAMP_DATA  1673469957.5682344
 