fp64
       24576            1           1.907        49152         3072
       24576            2           1.907        98304         6144
       24576            4           1.907       196608        12288
       24576            8           2.861       393216        24576
       24576           16           1.907       786432        49152
       24576           32           2.146      1572864        98304
       24576           64           4.053      3145728       196608
       24576          128           4.053      6291456       393216
       24576          256           8.106     12582912       786432
       24576          512          12.159     25165824      1572864
       24576         1024          19.073     50331648      3145728
       24576         2048          33.855    100663296      6291456
       24576         4096          55.790    201326592     12582912
       24576         8192          98.944    402653184     25165824
       24576        16384         195.980    805306368     50331648
       24576        32768         389.099   1610612736    100663296
       26880            1           1.907        53760         3360
       26880            2           1.907       107520         6720
       26880            4           3.099       215040        13440
       26880            8           1.907       430080        26880
       26880           16           2.146       860160        53760
       26880           32           4.053      1720320       107520
       26880           64          11.921      3440640       215040
       26880          128           3.815      6881280       430080
       26880          256           7.868     13762560       860160
       26880          512          13.113     27525120      1720320
       26880         1024          25.034     55050240      3440640
       26880         2048          43.869    110100480      6881280
       26880         4096          56.982    220200960     13762560
       26880         8192         108.957    440401920     27525120
       26880        16384         218.153    880803840     55050240
       26880        32768         451.088   1761607680    110100480
       29568            1           4.053        59136         3696
       29568            2           3.099       118272         7392
       29568            4           2.861       236544        14784
       29568            8           1.907       473088        29568
       29568           16           3.099       946176        59136
       29568           32           3.099      1892352       118272
       29568           64           5.007      3784704       236544
       29568          128           7.153      7569408       473088
       29568          256          10.014     15138816       946176
       29568          512          15.974     30277632      1892352
       29568         1024          31.948     60555264      3784704
       29568         2048          58.174    121110528      7569408
       29568         4096          67.949    242221056     15138816
       29568         8192         125.885    484442112     30277632
       29568        16384         238.180    968884224     60555264
       29568        32768         467.062   1937768448    121110528
       32448            1           3.099        64896         4056
       32448            2           3.099       129792         8112
       32448            4           1.907       259584        16224
       32448            8           1.907       519168        32448
       32448           16           3.099      1038336        64896
       32448           32           2.861      2076672       129792
       32448           64           4.053      4153344       259584
       32448          128          16.928      8306688       519168
       32448          256          10.967     16613376      1038336
       32448          512          17.881     33226752      2076672
       32448         1024          26.941     66453504      4153344
       32448         2048          54.121    132907008      8306688
       32448         4096          74.148    265814016     16613376
       32448         8192         144.005    531628032     33226752
       32448        16384         289.917   1063256064     66453504
       32448        32768         622.034   2126512128    132907008
       35520            1           2.146        71040         4440
       35520            2           3.099       142080         8880
       35520            4           1.907       284160        17760
       35520            8           1.907       568320        35520
       35520           16           2.146      1136640        71040
       35520           32           2.861      2273280       142080
       35520           64           5.007      4546560       284160
       35520          128           7.868      9093120       568320
       35520          256          11.921     18186240      1136640
       35520          512          18.835     36372480      2273280
       35520         1024          39.816     72744960      4546560
       35520         2048          48.876    145489920      9093120
       35520         4096          88.930    290979840     18186240
       35520         8192         176.907    581959680     36372480
       35520        16384         356.913   1163919360     72744960
       38976            1           3.099        77952         4872
       38976            2           1.907       155904         9744
       38976            4           3.099       311808        19488
       38976            8           2.146       623616        38976
       38976           16           2.861      1247232        77952
       38976           32           3.099      2494464       155904
       38976           64          15.020      4988928       311808
       38976          128           6.199      9977856       623616
       38976          256          10.014     19955712      1247232
       38976          512          17.166     39911424      2494464
       38976         1024          31.948     79822848      4988928
       38976         2048          48.876    159645696      9977856
       38976         4096          87.976    319291392     19955712
       38976         8192         154.972    638582784     39911424
       38976        16384         311.136   1277165568     79822848
       42816            1           2.861        85632         5352
       42816            2           5.960       171264        10704
       42816            4           2.146       342528        21408
       42816            8           3.099       685056        42816
       42816           16           4.053      1370112        85632
       42816           32           3.099      2740224       171264
       42816           64           5.007      5480448       342528
       42816          128           6.914     10960896       685056
       42816          256          11.921     21921792      1370112
       42816          512          17.881     43843584      2740224
       42816         1024          36.955     87687168      5480448
       42816         2048          46.015    175374336     10960896
       42816         4096          87.976    350748672     21921792
       42816         8192         166.178    701497344     43843584
       42816        16384         343.084   1402994688     87687168
       47040            1           3.099        94080         5880
       47040            2           2.146       188160        11760
       47040            4           2.861       376320        23520
       47040            8           3.099       752640        47040
       47040           16           2.861      1505280        94080
       47040           32           3.099      3010560       188160
       47040           64           5.007      6021120       376320
       47040          128           7.868     12042240       752640
       47040          256          12.875     24084480      1505280
       47040          512          20.981     48168960      3010560
       47040         1024          36.001     96337920      6021120
       47040         2048          51.975    192675840     12042240
       47040         4096         103.951    385351680     24084480
       47040         8192         204.802    770703360     48168960
       47040        16384         380.993   1541406720     96337920
       51648            1           2.861       103296         6456
       51648            2           6.914       206592        12912
       51648            4           0.954       413184        25824
       51648            8           1.907       826368        51648
       51648           16           3.099      1652736       103296
       51648           32           4.053      3305472       206592
       51648           64          15.974      6610944       413184
       51648          128           8.106     13221888       826368
       51648          256          12.159     26443776      1652736
       51648          512          20.027     52887552      3305472
       51648         1024          36.955    105775104      6610944
       51648         2048          54.121    211550208     13221888
       51648         4096          93.937    423100416     26443776
       51648         8192         216.961    846200832     52887552
       51648        16384         396.967   1692401664    105775104
       56640            1           4.053       113280         7080
       56640            2           3.815       226560        14160
       56640            4           1.907       453120        28320
       56640            8          13.113       906240        56640
       56640           16          10.014      1812480       113280
       56640           32           5.007      3624960       226560
       56640           64           5.007      7249920       453120
       56640          128           8.106     14499840       906240
       56640          256          31.948     28999680      1812480
       56640          512          23.842     57999360      3624960
       56640         1024          40.054    115998720      7249920
       56640         2048          55.075    231997440     14499840
       56640         4096         105.143    463994880     28999680
       56640         8192         214.100    927989760     57999360
       56640        16384         416.040   1855979520    115998720
       62208            1           2.861       124416         7776
       62208            2           4.053       248832        15552
       62208            4           6.914       497664        31104
       62208            8           1.907       995328        62208
       62208           16           3.099      1990656       124416
       62208           32           5.007      3981312       248832
       62208           64           5.960      7962624       497664
       62208          128           8.106     15925248       995328
       62208          256          13.113     31850496      1990656
       62208          512          23.127     63700992      3981312
       62208         1024          32.902    127401984      7962624
       62208         2048          58.889    254803968     15925248
       62208         4096         109.911    509607936     31850496
       62208         8192         211.000   1019215872     63700992
       62208        16384         430.107   2038431744    127401984
       68352            1           3.099       136704         8544
       68352            2           2.146       273408        17088
       68352            4           1.907       546816        34176
       68352            8           4.053      1093632        68352
       68352           16           4.053      2187264       136704
       68352           32          10.967      4374528       273408
       68352           64           5.960      8749056       546816
       68352          128           9.060     17498112      1093632
       68352          256          15.020     34996224      2187264
       68352          512          25.034     69992448      4374528
       68352         1024          41.008    139984896      8749056
       68352         2048          65.088    279969792     17498112
       68352         4096         119.209    559939584     34996224
       68352         8192         247.002   1119879168     69992448
       75072            1           4.053       150144         9384
       75072            2           2.861       300288        18768
       75072            4           2.146       600576        37536
       75072            8           4.053      1201152        75072
       75072           16          13.828      2402304       150144
       75072           32           5.007      4804608       300288
       75072           64           5.960      9609216       600576
       75072          128           8.821     19218432      1201152
       75072          256          15.020     38436864      2402304
       75072          512          27.895     76873728      4804608
       75072         1024          41.962    153747456      9609216
       75072         2048          67.949    307494912     19218432
       75072         4096         125.885    614989824     38436864
       75072         8192         260.115   1229979648     76873728
       82560            1           2.861       165120        10320
       82560            2          12.875       330240        20640
       82560            4          12.159       660480        41280
       82560            8           3.099      1320960        82560
       82560           16           4.053      2641920       165120
       82560           32           4.053      5283840       330240
       82560           64           7.153     10567680       660480
       82560          128          10.014     21135360      1320960
       82560          256          16.928     42270720      2641920
       82560          512          33.140     84541440      5283840
       82560         1024          42.915    169082880     10567680
       82560         2048          73.910    338165760     21135360
       82560         4096         138.998    676331520     42270720
       82560         8192         285.864   1352663040     84541440
       90816            1           2.861       181632        11352
       90816            2           3.099       363264        22704
       90816            4          11.921       726528        45408
       90816            8           4.053      1453056        90816
       90816           16           4.053      2906112       181632
       90816           32           5.960      5812224       363264
       90816           64           6.914     11624448       726528
       90816          128          10.967     23248896      1453056
       90816          256          18.120     46497792      2906112
       90816          512          36.001     92995584      5812224
       90816         1024          44.107    185991168     11624448
       90816         2048          81.062    371982336     23248896
       90816         4096         151.157    743964672     46497792
       90816         8192         313.997   1487929344     92995584
       99840            1           1.907       199680        12480
       99840            2           2.861       399360        24960
       99840            4          11.921       798720        49920
       99840            8           2.861      1597440        99840
       99840           16           4.053      3194880       199680
       99840           32           5.007      6389760       399360
       99840           64           8.106     12779520       798720
       99840          128          10.967     25559040      1597440
       99840          256          19.073     51118080      3194880
       99840          512          36.955    102236160      6389760
       99840         1024          51.022    204472320     12779520
       99840         2048          84.877    408944640     25559040
       99840         4096         164.986    817889280     51118080
       99840         8192         336.885   1635778560    102236160
      109824            1           2.861       219648        13728
      109824            2           2.146       439296        27456
      109824            4           2.146       878592        54912
      109824            8           4.053      1757184       109824
      109824           16           3.815      3514368       219648
      109824           32           5.007      7028736       439296
      109824           64           7.868     14057472       878592
      109824          128          11.921     28114944      1757184
      109824          256          22.888     56229888      3514368
      109824          512          43.154    112459776      7028736
      109824         1024          52.929    224919552     14057472
      109824         2048          97.036    449839104     28114944
      109824         4096         206.947    899678208     56229888
      109824         8192         371.933   1799356416    112459776
      120768            1           3.815       241536        15096
      120768            2           3.099       483072        30192
      120768            4           3.099       966144        60384
      120768            8           1.907      1932288       120768
      120768           16          12.875      3864576       241536
      120768           32           5.960      7729152       483072
      120768           64           9.060     15458304       966144
      120768          128          14.067     30916608      1932288
      120768          256          22.173     61833216      3864576
      120768          512          41.962    123666432      7729152
      120768         1024          81.062    247332864     15458304
      120768         2048         106.096    494665728     30916608
      120768         4096         206.947    989331456     61833216
      120768         8192         412.941   1978662912    123666432
      132672            1          29.087       265344        16584
      132672            2           2.146       530688        33168
      132672            4           3.099      1061376        66336
      132672            8           2.861      2122752       132672
      132672           16           4.053      4245504       265344
      132672           32           6.199      8491008       530688
      132672           64           8.106     16982016      1061376
      132672          128          11.921     33964032      2122752
      132672          256          25.034     67928064      4245504
      132672          512          45.061    135856128      8491008
      132672         1024          61.989    271712256     16982016
      132672         2048         117.779    543424512     33964032
      132672         4096         222.921   1086849024     67928064
      145920            1           4.053       291840        18240
      145920            2           3.099       583680        36480
      145920            4           3.099      1167360        72960
      145920            8           2.146      2334720       145920
      145920           16           5.007      4669440       291840
      145920           32           5.007      9338880       583680
      145920           64           7.868     18677760      1167360
      145920          128          14.067     37355520      2334720
      145920          256          24.080     74711040      4669440
      145920          512          45.061    149422080      9338880
      145920         1024          65.088    298844160     18677760
      145920         2048         123.024    597688320     37355520
      145920         4096         237.942   1195376640     74711040
      160512            1           3.815       321024        20064
      160512            2           1.907       642048        40128
      160512            4          13.113      1284096        80256
      160512            8           2.146      2568192       160512
      160512           16           4.053      5136384       321024
      160512           32           5.960     10272768       642048
      160512           64          10.014     20545536      1284096
      160512          128          15.020     41091072      2568192
      160512          256          25.988     82182144      5136384
      160512          512          63.181    164364288     10272768
      160512         1024          70.095    328728576     20545536
      160512         2048         135.899    657457152     41091072
      160512         4096         257.015   1314914304     82182144
      176448            1           3.815       352896        22056
      176448            2           1.907       705792        44112
      176448            4           1.907      1411584        88224
      176448            8           3.099      2823168       176448
      176448           16           4.053      5646336       352896
      176448           32           6.914     11292672       705792
      176448           64          10.014     22585344      1411584
      176448          128          15.974     45170688      2823168
      176448          256          31.948     90341376      5646336
      176448          512          42.915    180682752     11292672
      176448         1024          96.083    361365504     22585344
      176448         2048         144.005    722731008     45170688
      176448         4096         279.903   1445462016     90341376
      193920            1           4.053       387840        24240
      193920            2          12.875       775680        48480
      193920            4          12.875      1551360        96960
      193920            8           4.053      3102720       193920
      193920           16           6.199      6205440       387840
      193920           32           6.914     12410880       775680
      193920           64          11.206     24821760      1551360
      193920          128          18.120     49643520      3102720
      193920          256          30.994     99287040      6205440
      193920          512          52.929    198574080     12410880
      193920         1024         108.004    397148160     24821760
      193920         2048         155.926    794296320     49643520
      193920         4096         304.937   1588592640     99287040
      213312            1           5.007       426624        26664
      213312            2           2.861       853248        53328
      213312            4           1.907      1706496       106656
      213312            8           4.053      3412992       213312
      213312           16           6.199      6825984       426624
      213312           32           7.868     13651968       853248
      213312           64          10.967     27303936      1706496
      213312          128          18.120     54607872      3412992
      213312          256          54.121    109215744      6825984
      213312          512          51.022    218431488     13651968
      213312         1024          98.944    436862976     27303936
      213312         2048         174.999    873725952     54607872
      213312         4096         350.952   1747451904    109215744
      234624            1           4.053       469248        29328
      234624            2          15.020       938496        58656
      234624            4           1.907      1876992       117312
      234624            8           3.815      3753984       234624
      234624           16           5.960      7507968       469248
      234624           32           6.914     15015936       938496
      234624           64          12.159     30031872      1876992
      234624          128          20.027     60063744      3753984
      234624          256          40.054    120127488      7507968
      234624          512          52.929    240254976     15015936
      234624         1024          97.990    480509952     30031872
      234624         2048         189.066    961019904     60063744
      234624         4096         376.940   1922039808    120127488
      258048            1           5.007       516096        32256
      258048            2           1.907      1032192        64512
      258048            4           2.861      2064384       129024
      258048            8           3.099      4128768       258048
      258048           16           5.007      8257536       516096
      258048           32           8.106     16515072      1032192
      258048           64          12.159     33030144      2064384
      258048          128          23.127     66060288      4128768
      258048          256          40.054    132120576      8257536
      258048          512          56.028    264241152     16515072
      258048         1024         108.957    528482304     33030144
      258048         2048         206.947   1056964608     66060288
      258048         4096         424.147   2113929216    132120576
      283776            1           5.960       567552        35472
      283776            2           3.099      1135104        70944
      283776            4          11.921      2270208       141888
      283776            8           2.861      4540416       283776
      283776           16           6.914      9080832       567552
      283776           32           7.868     18161664      1135104
      283776           64          13.113     36323328      2270208
      283776          128          23.842     72646656      4540416
      283776          256          46.015    145293312      9080832
      283776          512          61.035    290586624     18161664
      283776         1024         114.918    581173248     36323328
      283776         2048         247.002   1162346496     72646656
      312000            1           5.960       624000        39000
      312000            2          12.875      1248000        78000
      312000            4           3.815      2496000       156000
      312000            8           5.007      4992000       312000
      312000           16           7.868      9984000       624000
      312000           32           7.868     19968000      1248000
      312000           64          15.020     39936000      2496000
      312000          128          27.895     79872000      4992000
      312000          256          41.008    159744000      9984000
      312000          512          68.188    319488000     19968000
      312000         1024         128.984    638976000     39936000
      312000         2048         267.982   1277952000     79872000
      343104            1           5.960       686208        42888
      343104            2           3.099      1372416        85776
      343104            4           3.099      2744832       171552
      343104            8           4.053      5489664       343104
      343104           16           5.007     10979328       686208
      343104           32           9.060     21958656      1372416
      343104           64          15.974     43917312      2744832
      343104          128          25.988     87834624      5489664
      343104          256          47.922    175669248     10979328
      343104          512          73.195    351338496     21958656
      343104         1024         152.111    702676992     43917312
      343104         2048         272.036   1405353984     87834624
      377280            1           7.153       754560        47160
      377280            2           2.146      1509120        94320
      377280            4           9.060      3018240       188640
      377280            8           5.007      6036480       377280
      377280           16           8.106     12072960       754560
      377280           32          10.967     24145920      1509120
      377280           64          16.928     48291840      3018240
      377280          128          30.994     96583680      6036480
      377280          256          46.968    193167360     12072960
      377280          512          78.917    386334720     24145920
      377280         1024         161.886    772669440     48291840
      377280         2048         315.905   1545338880     96583680
      414912            1           7.153       829824        51864
      414912            2           2.861      1659648       103728
      414912            4           2.861      3319296       207456
      414912            8           3.099      6638592       414912
      414912           16           6.914     13277184       829824
      414912           32          10.967     26554368      1659648
      414912           64          18.120     53108736      3319296
      414912          128          30.994    106217472      6638592
      414912          256          52.929    212434944     13277184
      414912          512          98.944    424869888     26554368
      414912         1024         169.992    849739776     53108736
      414912         2048         351.906   1699479552    106217472
      456384            1           6.914       912768        57048
      456384            2           3.099      1825536       114096
      456384            4          10.967      3651072       228192
      456384            8           5.007      7302144       456384
      456384           16           7.153     14604288       912768
      456384           32          10.967     29208576      1825536
      456384           64          19.789     58417152      3651072
      456384          128          35.048    116834304      7302144
      456384          256          54.121    233668608     14604288
      456384          512         101.089    467337216     29208576
      456384         1024         183.105    934674432     58417152
      456384         2048         385.046   1869348864    116834304
      501888            1           6.914      1003776        62736
      501888            2           1.907      2007552       125472
      501888            4           2.861      4015104       250944
      501888            8           4.053      8030208       501888
      501888           16           7.153     16060416      1003776
      501888           32          12.159     32120832      2007552
      501888           64          21.935     64241664      4015104
      501888          128          38.862    128483328      8030208
      501888          256          56.028    256966656     16060416
      501888          512         130.892    513933312     32120832
      501888         1024         201.941   1027866624     64241664
      501888         2048         400.782   2055733248    128483328
      552000            1           7.868      1104000        69000
      552000            2          14.067      2208000       138000
      552000            4           4.053      4416000       276000
      552000            8           5.007      8832000       552000
      552000           16           9.060     17664000      1104000
      552000           32          13.113     35328000      2208000
      552000           64          23.127     70656000      4416000
      552000          128          41.008    141312000      8832000
      552000          256          61.035    282624000     17664000
      552000          512         123.024    565248000     35328000
      552000         1024         224.829   1130496000     70656000
      607104            1           9.060      1214208        75888
      607104            2           4.053      2428416       151776
      607104            4           3.815      4856832       303552
      607104            8           5.007      9713664       607104
      607104           16           8.106     19427328      1214208
      607104           32          13.828     38854656      2428416
      607104           64          46.015     77709312      4856832
      607104          128          46.968    155418624      9713664
      607104          256          66.996    310837248     19427328
      607104          512         137.091    621674496     38854656
      607104         1024         248.194   1243348992     77709312
      667776            1           9.060      1335552        83472
      667776            2           3.099      2671104       166944
      667776            4           5.007      5342208       333888
      667776            8           5.007     10684416       667776
      667776           16           9.060     21368832      1335552
      667776           32          15.974     42737664      2671104
      667776           64          27.895     85475328      5342208
      667776          128          51.022    170950656     10684416
      667776          256          92.030    341901312     21368832
      667776          512         136.137    683802624     42737664
      667776         1024         272.989   1367605248     85475328
      734400            1          10.014      1468800        91800
      734400            2          14.067      2937600       183600
      734400            4           3.099      5875200       367200
      734400            8           9.060     11750400       734400
      734400           16          10.014     23500800      1468800
      734400           32          19.073     47001600      2937600
      734400           64          30.041     94003200      5875200
      734400          128          53.167    188006400     11750400
      734400          256          99.182    376012800     23500800
      734400          512         158.072    752025600     47001600
      734400         1024         295.162   1504051200     94003200
      807744            1          12.159      1615488       100968
      807744            2           4.053      3230976       201936
      807744            4           5.960      6461952       403872
      807744            8           8.106     12923904       807744
      807744           16          13.113     25847808      1615488
      807744           32          21.219     51695616      3230976
      807744           64          40.054    103391232      6461952
      807744          128          52.929    206782464     12923904
      807744          256         114.918    413564928     25847808
      807744          512         181.913    827129856     51695616
      807744         1024         353.098   1654259712    103391232
      888384            1          11.921      1776768       111048
      888384            2           2.861      3553536       222096
      888384            4           5.007      7107072       444192
      888384            8          10.967     14214144       888384
      888384           16          15.974     28428288      1776768
      888384           32          30.994     56856576      3553536
      888384           64          58.889    113713152      7107072
      888384          128          98.944    227426304     14214144
      888384          256         192.881    454852608     28428288
      888384          512         381.947    909705216     56856576
      888384         1024         771.999   1819410432    113713152
      977088            1          13.113      1954176       122136
      977088            2           4.053      3908352       244272
      977088            4           5.960      7816704       488544
      977088            8          10.967     15633408       977088
      977088           16          17.166     31266816      1954176
      977088           32          34.094     62533632      3908352
      977088           64          80.109    125067264      7816704
      977088          128         110.149    250134528     15633408
      977088          256         211.954    500269056     31266816
      977088          512         420.094   1000538112     62533632
      977088         1024         847.816   2001076224    125067264
     1074624            1          14.067      2149248       134328
     1074624            2           3.815      4298496       268656
     1074624            4           5.960      8596992       537312
     1074624            8          12.875     17193984      1074624
     1074624           16          19.073     34387968      2149248
     1074624           32          36.001     68775936      4298496
     1074624           64          66.996    137551872      8596992
     1074624          128         118.971    275103744     17193984
     1074624          256         233.889    550207488     34387968
     1074624          512         475.883   1100414976     68775936
     1181952            1          15.020      2363904       147744
     1181952            2           4.053      4727808       295488
     1181952            4           7.153      9455616       590976
     1181952            8          12.875     18911232      1181952
     1181952           16          20.027     37822464      2363904
     1181952           32          37.909     75644928      4727808
     1181952           64          72.002    151289856      9455616
     1181952          128         140.190    302579712     18911232
     1181952          256         272.989    605159424     37822464
     1181952          512         525.951   1210318848     75644928
     1300032            1          16.928      2600064       162504
     1300032            2           5.007      5200128       325008
     1300032            4           6.199     10400256       650016
     1300032            8          12.875     20800512      1300032
     1300032           16          21.935     41601024      2600064
     1300032           32          44.823     83202048      5200128
     1300032           64          77.009    166404096     10400256
     1300032          128         163.078    332808192     20800512
     1300032          256         281.096    665616384     41601024
     1300032          512         555.992   1331232768     83202048
     1430016            1          17.881      2860032       178752
     1430016            2           5.007      5720064       357504
     1430016            4           7.153     11440128       715008
     1430016            8          14.067     22880256      1430016
     1430016           16          24.080     45760512      2860032
     1430016           32          48.161     91521024      5720064
     1430016           64          83.923    183042048     11440128
     1430016          128         166.893    366084096     22880256
     1430016          256         345.945    732168192     45760512
     1430016          512         609.875   1464336384     91521024
     1572864            1          20.027      3145728       196608
     1572864            2          25.034      6291456       393216
     1572864            4           8.106     12582912       786432
     1572864            8          15.020     25165824      1572864
     1572864           16          26.941     50331648      3145728
     1572864           32          50.783    100663296      6291456
     1572864           64          88.930    201326592     12582912
     1572864          128         171.900    402653184     25165824
     1572864          256         349.998    805306368     50331648
     1572864          512         685.930   1610612736    100663296
     1730112            1          21.935      3460224       216264
     1730112            2           6.199      6920448       432528
     1730112            4           8.821     13840896       865056
     1730112            8          16.928     27681792      1730112
     1730112           16          30.041     55363584      3460224
     1730112           32          56.028    110727168      6920448
     1730112           64         114.918    221454336     13840896
     1730112          128         188.828    442908672     27681792
     1730112          256         372.887    885817344     55363584
     1730112          512         753.880   1771634688    110727168
     1903104            1          36.001      3806208       237888
     1903104            2           5.007      7612416       475776
     1903104            4           9.060     15224832       951552
     1903104            8          16.928     30449664      1903104
     1903104           16          32.902     60899328      3806208
     1903104           32          61.989    121798656      7612416
     1903104           64         128.984    243597312     15224832
     1903104          128         206.947    487194624     30449664
     1903104          256         411.987    974389248     60899328
     1903104          512         828.981   1948778496    121798656
     2093376            1          30.994      4186752       261672
     2093376            2           5.960      8373504       523344
     2093376            4          10.014     16747008      1046688
     2093376            8          18.835     33494016      2093376
     2093376           16          35.048     66988032      4186752
     2093376           32          66.042    133976064      8373504
     2093376           64         136.137    267952128     16747008
     2093376          128         226.974    535904256     33494016
     2093376          256         460.863   1071808512     66988032
     2093376          512         908.136   2143617024    133976064
     2302656            1          36.955      4605312       287832
     2302656            2           5.960      9210624       575664
     2302656            4          10.014     18421248      1151328
     2302656            8          18.835     36842496      2302656
     2302656           16          38.147     73684992      4605312
     2302656           32          71.049    147369984      9210624
     2302656           64         126.839    294739968     18421248
     2302656          128         258.923    589479936     36842496
     2302656          256         510.931   1178959872     73684992
     2532864            1          36.955      5065728       316608
     2532864            2           7.153     10131456       633216
     2532864            4          10.967     20262912      1266432
     2532864            8          20.027     40525824      2532864
     2532864           16          41.008     81051648      5065728
     2532864           32          76.056    162103296     10131456
     2532864           64         159.025    324206592     20262912
     2532864          128         314.951    648413184     40525824
     2532864          256         545.979   1296826368     81051648
     2786112            1          40.054      5572224       348264
     2786112            2           7.153     11144448       696528
     2786112            4          11.921     22288896      1393056
     2786112            8          24.080     44577792      2786112
     2786112           16          45.061     89155584      5572224
     2786112           32          82.016    178311168     11144448
     2786112           64         153.065    356622336     22288896
     2786112          128         299.931    713244672     44577792
     2786112          256         610.828   1426489344     89155584
     3064704            1          56.028      6129408       383088
     3064704            2           8.821     12258816       766176
     3064704            4          15.020     24517632      1532352
     3064704            8          25.988     49035264      3064704
     3064704           16          50.068     98070528      6129408
     3064704           32          89.169    196141056     12258816
     3064704           64         193.119    392282112     24517632
     3064704          128         329.971    784564224     49035264
     3064704          256         669.956   1569128448     98070528
     3371136            1          51.022      6742272       421392
     3371136            2           7.868     13484544       842784
     3371136            4          16.212     26969088      1685568
     3371136            8          25.988     53938176      3371136
     3371136           16          54.836    107876352      6742272
     3371136           32          97.990    215752704     13484544
     3371136           64         193.119    431505408     26969088
     3371136          128         390.053    863010816     53938176
     3371136          256         719.786   1726021632    107876352
     3708096            1          50.068      7416192       463512
     3708096            2           8.821     14832384       927024
     3708096            4          17.166     29664768      1854048
     3708096            8          30.041     59329536      3708096
     3708096           16          60.081    118659072      7416192
     3708096           32         106.096    237318144     14832384
     3708096           64         210.047    474636288     29664768
     3708096          128         427.008    949272576     59329536
     3708096          256         792.027   1898545152    118659072
     4078848            1          54.121      8157696       509856
     4078848            2          10.014     16315392      1019712
     4078848            4          19.073     32630784      2039424
     4078848            8          33.140     65261568      4078848
     4078848           16          65.088    130523136      8157696
     4078848           32         117.064    261046272     16315392
     4078848           64         230.789    522092544     32630784
     4078848          128         463.009   1044185088     65261568
     4078848          256         885.010   2088370176    130523136
     4486656            1          55.075      8973312       560832
     4486656            2          10.967     17946624      1121664
     4486656            4          20.981     35893248      2243328
     4486656            8          37.193     71786496      4486656
     4486656           16          69.141    143572992      8973312
     4486656           32         128.031    287145984     17946624
     4486656           64         254.154    574291968     35893248
     4486656          128         499.964   1148583936     71786496
     4935168            1          56.982      9870336       616896
     4935168            2          12.159     19740672      1233792
     4935168            4          21.935     39481344      2467584
     4935168            8          41.008     78962688      4935168
     4935168           16          76.056    157925376      9870336
     4935168           32         163.078    315850752     19740672
     4935168           64         266.790    631701504     39481344
     4935168          128         529.051   1263403008     78962688
     5428608            1          64.135     10857216       678576
     5428608            2          12.875     21714432      1357152
     5428608            4          24.080     43428864      2714304
     5428608            8          44.107     86857728      5428608
     5428608           16          82.016    173715456     10857216
     5428608           32         159.025    347430912     21714432
     5428608           64         299.931    694861824     43428864
     5428608          128         599.861   1389723648     86857728
     5971392            1          71.049     11942784       746424
     5971392            2          14.067     23885568      1492848
     5971392            4          25.034     47771136      2985696
     5971392            8          49.114     95542272      5971392
     5971392           16          89.169    191084544     11942784
     5971392           32         185.013    382169088     23885568
     5971392           64         322.104    764338176     47771136
     5971392          128         652.790   1528676352     95542272
     6568512            1          75.102     13137024       821064
     6568512            2          15.020     26274048      1642128
     6568512            4          28.133     52548096      3284256
     6568512            8          51.975    105096192      6568512
     6568512           16          92.983    210192384     13137024
     6568512           32         180.960    420384768     26274048
     6568512           64         375.032    840769536     52548096
     6568512          128         715.971   1681539072    105096192
     7225344            1          84.162     14450688       903168
     7225344            2          15.974     28901376      1806336
     7225344            4          29.802     57802752      3612672
     7225344            8          57.936    115605504      7225344
     7225344           16         102.043    231211008     14450688
     7225344           32         198.841    462422016     28901376
     7225344           64         408.888    924844032     57802752
     7225344          128         771.046   1849688064    115605504
     7947840            1         111.103     15895680       993480
     7947840            2          18.120     31791360      1986960
     7947840            4          30.994     63582720      3973920
     7947840            8          63.181    127165440      7947840
     7947840           16         111.103    254330880     15895680
     7947840           32         217.915    508661760     31791360
     7947840           64         447.035   1017323520     63582720
     7947840          128         849.009   2034647040    127165440
     8742528            1          91.791     17485056      1092816
     8742528            2          18.120     34970112      2185632
     8742528            4          35.048     69940224      4371264
     8742528            8          68.188    139880448      8742528
     8742528           16         121.117    279760896     17485056
     8742528           32         247.955    559521792     34970112
     8742528           64         488.043   1119043584     69940224
     9616704            1         108.004     19233408      1202088
     9616704            2          20.981     38466816      2404176
     9616704            4          36.955     76933632      4808352
     9616704            8          72.956    153867264      9616704
     9616704           16         133.038    307734528     19233408
     9616704           32         280.857    615469056     38466816
     9616704           64         530.005   1230938112     76933632
    10578240            1         124.931     21156480      1322280
    10578240            2          22.888     42312960      2644560
    10578240            4          61.989     84625920      5289120
    10578240            8          77.963    169251840     10578240
    10578240           16         155.926    338503680     21156480
    10578240           32         286.818    677007360     42312960
    10578240           64         580.072   1354014720     84625920
    11635968            1         123.978     23271936      1454496
    11635968            2          25.034     46543872      2908992
    11635968            4          44.823     93087744      5817984
    11635968            8          86.069    186175488     11635968
    11635968           16         168.085    372350976     23271936
    11635968           32         339.031    744701952     46543872
    11635968           64         623.941   1489403904     93087744
    12799488            1         163.078     25598976      1599936
    12799488            2          30.994     51197952      3199872
    12799488            4          49.114    102395904      6399744
    12799488            8          92.983    204791808     12799488
    12799488           16         174.999    409583616     25598976
    12799488           32         345.945    819167232     51197952
    12799488           64         706.911   1638334464    102395904
    14079360            1         159.025     28158720      1759920
    14079360            2          30.994     56317440      3519840
    14079360            4          53.167    112634880      7039680
    14079360            8          99.182    225269760     14079360
    14079360           16         215.054    450539520     28158720
    14079360           32         379.086    901079040     56317440
    14079360           64         770.092   1802158080    112634880
    15487296            1         174.999     30974592      1935912
    15487296            2          35.048     61949184      3871824
    15487296            4          58.889    123898368      7743648
    15487296            8         108.004    247796736     15487296
    15487296           16         231.981    495593472     30974592
    15487296           32         417.948    991186944     61949184
    15487296           64         846.863   1982373888    123898368
    17035968            1         185.013     34071936      2129496
    17035968            2          39.101     68143872      4258992
    17035968            4          65.088    136287744      8517984
    17035968            8         118.971    272575488     17035968
    17035968           16         257.015    545150976     34071936
    17035968           32         460.148   1090301952     68143872
    18739392            1         229.836     37478784      2342424
    18739392            2          57.936     74957568      4684848
    18739392            4          72.002    149915136      9369696
    18739392            8         131.130    299830272     18739392
    18739392           16         256.062    599660544     37478784
    18739392           32         527.143   1199321088     74957568
    20613312            1         214.100     41226624      2576664
    20613312            2          56.982     82453248      5153328
    20613312            4          79.870    164906496     10306656
    20613312            8         144.005    329812992     20613312
    20613312           16         307.798    659625984     41226624
    20613312           32         560.045   1319251968     82453248
    22674624            1         257.969     45349248      2834328
    22674624            2          81.062     90698496      5668656
    22674624            4          98.944    181396992     11337312
    22674624            8         164.986    362793984     22674624
    22674624           16         312.090    725587968     45349248
    22674624           32         640.869   1451175936     90698496
    24941952            1         228.882     49883904      3117744
    24941952            2          83.923     99767808      6235488
    24941952            4         114.918    199535616     12470976
    24941952            8         250.101    399071232     24941952
    24941952           16         355.005    798142464     49883904
    24941952           32         713.825   1596284928     99767808
    27436032            1         186.920     54872064      3429504
    27436032            2         108.004    109744128      6859008
    27436032            4         137.091    219488256     13718016
    27436032            8         277.042    438976512     27436032
    27436032           16         482.082    877953024     54872064
    27436032           32         969.887   1755906048    109744128
    30179520            1         196.934     60359040      3772440
    30179520            2         128.984    120718080      7544880
    30179520            4         183.105    241436160     15089760
    30179520            8         341.892    482872320     30179520
    30179520           16         696.182    965744640     60359040
    30179520           32        1347.780   1931489280    120718080
    33197376            1         201.941     66394752      4149672
    33197376            2         154.972    132789504      8299344
    33197376            4         235.081    265579008     16598688
    33197376            8         475.883    531158016     33197376
    33197376           16         921.965   1062316032     66394752
    33197376           32        1821.041   2124632064    132789504
    36517056            1         198.841     73034112      4564632
    36517056            2         180.960    146068224      9129264
    36517056            4         284.910    292136448     18258528
    36517056            8         579.119    584272896     36517056
    36517056           16        1136.065   1168545792     73034112
    40168704            1         213.861     80337408      5021088
    40168704            2         198.126    160674816     10042176
    40168704            4         324.011    321349632     20084352
    40168704            8         661.850    642699264     40168704
    40168704           16        1303.196   1285398528     80337408
    44185536            1         244.856     88371072      5523192
    44185536            2         240.088    176742144     11046384
    44185536            4         390.053    353484288     22092768
    44185536            8         745.058    706968576     44185536
    44185536           16        1459.837   1413937152     88371072
    48604032            1         276.089     97208064      6075504
    48604032            2        1417.160    194416128     12151008
    48604032            4         478.029    388832256     24302016
    48604032            8         823.021    777664512     48604032
    48604032           16        1671.791   1555329024     97208064
    53464320            1         311.852    106928640      6683040
    53464320            2         355.959    213857280     13366080
    53464320            4         448.942    427714560     26732160
    53464320            8         921.965    855429120     53464320
    53464320           16        1821.995   1710858240    106928640
    58810752            1         369.072    117621504      7351344
    58810752            2         425.816    235243008     14702688
    58810752            4         531.912    470486016     29405376
    58810752            8        1098.156    940972032     58810752
    58810752           16        2209.902   1881944064    117621504
    64691712            1         404.835    129383424      8086464
    64691712            2         517.130    258766848     16172928
    64691712            4         648.022    517533696     32345856
    64691712            8        1349.211   1035067392     64691712
    64691712           16        2601.862   2070134784    129383424
    71160768            1         523.090    142321536      8895096
    71160768            2         716.209    284643072     17790192
    71160768            4         961.065    569286144     35580384
    71160768            8        1748.800   1138572288     71160768
    78276672            1         595.093    156553344      9784584
    78276672            2         885.963    313106688     19569168
    78276672            4        1271.009    626213376     39138336
    78276672            8        2500.057   1252426752     78276672
    86104320            1         642.061    172208640     10763040
    86104320            2        1046.896    344417280     21526080
    86104320            4        1626.015    688834560     43052160
    86104320            8        3285.885   1377669120     86104320
    94714752            1         720.978    189429504     11839344
    94714752            2        1248.837    378859008     23678688
    94714752            4        2054.930    757718016     47357376
    94714752            8        4088.879   1515436032     94714752
   104186112            1         895.023    208372224     13023264
   104186112            2        1535.892    416744448     26046528
   104186112            4        2521.038    833488896     52093056
   104186112            8        5103.827   1666977792    104186112
   114604608            1         934.839    229209216     14325576
   114604608            2        1688.957    458418432     28651152
   114604608            4        3038.883    916836864     57302304
   114604608            8        6070.137   1833673728    114604608
   126064896            1        1126.051    252129792     15758112
   126064896            2        2068.996    504259584     31516224
   126064896            4        3676.891   1008519168     63032448
   126064896            8        7270.813   2017038336    126064896
   138671232            1        1253.128    277342464     17333904
   138671232            2        2310.038    554684928     34667808
   138671232            4        4202.127   1109369856     69335616
   152538240            1        1435.041    305076480     19067280
   152538240            2        2627.134    610152960     38134560
   152538240            4        4846.096   1220305920     76269120
   167792064            1        1511.097    335584128     20974008
   167792064            2        2878.904    671168256     41948016
   167792064            4        5524.158   1342336512     83896032
   184571136            1        1767.874    369142272     23071392
   184571136            2        3366.947    738284544     46142784
   184571136            4        6338.120   1476569088     92285568
   203028096            1        1952.171    406056192     25378512
   203028096            2        3685.951    812112384     50757024
   203028096            4        7040.024   1624224768    101514048
   223330752            1        2134.085    446661504     27916344
   223330752            2        4095.078    893323008     55832688
   223330752            4        7870.913   1786646016    111665376
   245663808            1        2349.138    491327616     30707976
   245663808            2        4558.086    982655232     61415952
   245663808            4        8839.846   1965310464    122831904
   270230016            1        2659.082    540460032     33778752
   270230016            2        5184.174   1080920064     67557504
   297252864            1        2947.092    594505728     37156608
   297252864            2        5740.166   1189011456     74313216
   326978112            1        3295.898    653956224     40872264
   326978112            2        6443.024   1307912448     81744528
   359675904            1        3633.022    719351808     44959488
   359675904            2        7146.120   1438703616     89918976
   395643456            1        4023.790    791286912     49455432
   395643456            2        7865.191   1582573824     98910864
   435207744            1        4446.030    870415488     54400968
   435207744            2        8721.113   1740830976    108801936
   478728384            1        4898.787    957456768     59841048
   478728384            2        9650.946   1914913536    119682096
   526601088            1        5439.997   1053202176     65825136
   526601088            2       10668.039   2106404352    131650272
   579261120            1        5987.883   1158522240     72407640
   637187136            1        6587.029   1274374272     79648392
   700905792            1        7385.015   1401811584     87613224
   770996352            1        8110.046   1541992704     96374544
   848095872            1        8837.938   1696191744    106011984
   932905344            1        9804.964   1865810688    116613168
  1026195840            1       10813.951   2052391680    128274480

META_DATA
FLOPS          1
MPI_PROCS      1
OPENMP_THREADS 24
ERT_VERSION  1.1.0
HOSTNAME  ('deepv.deep', [], ['10.2.8.6'])
UNAME  uname_result(system='Linux', node='deepv', release='4.18.0-372.32.1.el8_6.x86_64', version='#1 SMP Thu Oct 27 15:18:36 UTC 2022', machine='x86_64')
TIMESTAMP_DATA  1673469776.3206563
CONFIG  {'ERT_RESULTS': ['Results.cn.deep.fz-juelich.de.01'], 'ERT_DRIVER': ['driver1'], 'ERT_KERNEL': ['kernel1'], 'ERT_MPI': ['True'], 'ERT_MPI_CFLAGS': ['-I', '/p/deep/software/skylake/Stages/2022/software/psmpi/5.5.0-1-intel-compilers-2021.4.0/include'], 'ERT_MPI_LDFLAGS': ['-L', '/p/deep/software/skylake/Stages/2022/software/psmpi/5.5.0-1-intel-compilers-2021.4.0/lib', '-lmpi'], 'ERT_OPENMP': ['True'], 'ERT_OPENMP_CFLAGS': ['-qopenmp'], 'ERT_OPENMP_LDFLAGS': ['-qopenmp'], 'ERT_FLOPS': ['1,2,4,8,16,64,128'], 'ERT_ALIGN': ['64'], 'ERT_CC': ['icpc'], 'ERT_CFLAGS': ['-O3', '-fno-alias', '-fno-fnalias', '-xCore-AVX512', '-qopt-zmm-usage=high', '-DERT_INTEL'], 'ERT_LD': ['icpc'], 'ERT_LDFLAGS': [], 'ERT_LDLIBS': [], 'ERT_PRECISION': ['FP64'], 'ERT_RUN': ['export', 'OMP_NUM_THREADS=ERT_OPENMP_THREADS;', 'export', 'OMP_PLACES="cores";', 'srun', '-p', 'dp-cn', '-n', 'ERT_MPI_PROCS', '-c', '48', '--ntasks-per-node', '1', 'ERT_CODE'], 'ERT_PROCS_THREADS': ['24'], 'ERT_MPI_PROCS': ['1'], 'ERT_OPENMP_THREADS': ['24'], 'ERT_NUM_EXPERIMENTS': ['5'], 'ERT_MEMORY_MAX': ['1073741824'], 'ERT_WORKING_SET_MIN': ['128'], 'ERT_TRIALS_MIN': ['1'], 'ERT_GNUPLOT': ['gnuplot'], 'ERT_GPU': [False], 'ERT_HIP': [False], 'ERT_OCL': [False], 'ERT_SYCL': [False], 'ERT_WSS_MULT': [1.1]}
