fp64
       24576            1           1.907        49152        49152
       24576            2           3.099        98304        98304
       24576            4           0.954       196608       196608
       24576            8           1.907       393216       393216
       24576           16           4.053       786432       786432
       24576           32          12.875      1572864      1572864
       24576           64           5.007      3145728      3145728
       24576          128           7.868      6291456      6291456
       24576          256          11.921     12582912     12582912
       24576          512          22.888     25165824     25165824
       24576         1024          46.015     50331648     50331648
       24576         2048         105.858    100663296    100663296
       24576         4096         118.017    201326592    201326592
       24576         8192         224.829    402653184    402653184
       24576        16384         445.127    805306368    805306368
       24576        32768         895.023   1610612736   1610612736
       26880            1           2.861        53760        53760
       26880            2           1.907       107520       107520
       26880            4           3.099       215040       215040
       26880            8          16.928       430080       430080
       26880           16           3.099       860160       860160
       26880           32           5.007      1720320      1720320
       26880           64           5.960      3440640      3440640
       26880          128           9.060      6881280      6881280
       26880          256          15.020     13762560     13762560
       26880          512          29.802     27525120     27525120
       26880         1024          59.128     55050240     55050240
       26880         2048          72.002    110100480    110100480
       26880         4096         139.952    220200960    220200960
       26880         8192         261.068    440401920    440401920
       26880        16384         530.958    880803840    880803840
       26880        32768        1029.968   1761607680   1761607680
       29568            1           3.099        59136        59136
       29568            2          13.113       118272       118272
       29568            4           1.907       236544       236544
       29568            8           2.861       473088       473088
       29568           16          36.955       946176       946176
       29568           32           4.053      1892352      1892352
       29568           64           5.960      3784704      3784704
       29568          128           9.060      7569408      7569408
       29568          256          16.928     15138816     15138816
       29568          512          31.948     30277632     30277632
       29568         1024          54.121     60555264     60555264
       29568         2048          88.930    121110528    121110528
       29568         4096         154.972    242221056    242221056
       29568         8192         301.123    484442112    484442112
       29568        16384         607.967    968884224    968884224
       29568        32768        1192.093   1937768448   1937768448
       32448            1           1.907        64896        64896
       32448            2           1.907       129792       129792
       32448            4           2.146       259584       259584
       32448            8          20.027       519168       519168
       32448           16           1.907      1038336      1038336
       32448           32           3.099      2076672      2076672
       32448           64           6.914      4153344      4153344
       32448          128          10.014      8306688      8306688
       32448          256          37.909     16613376     16613376
       32448          512          34.094     33226752     33226752
       32448         1024          61.989     66453504     66453504
       32448         2048          90.837    132907008    132907008
       32448         4096         187.159    265814016    265814016
       32448         8192         339.031    531628032    531628032
       32448        16384         684.977   1063256064   1063256064
       32448        32768        1347.065   2126512128   2126512128
       35520            1           2.146        71040        71040
       35520            2           1.192       142080       142080
       35520            4           1.907       284160       284160
       35520            8          14.067       568320       568320
       35520           16           2.861      1136640      1136640
       35520           32           5.007      2273280      2273280
       35520           64           6.914      4546560      4546560
       35520          128          11.921      9093120      9093120
       35520          256          20.981     18186240     18186240
       35520          512          41.008     36372480     36372480
       35520         1024          58.174     72744960     72744960
       35520         2048          99.897    145489920    145489920
       35520         4096         196.934    290979840    290979840
       35520         8192         388.861    581959680    581959680
       35520        16384         738.144   1163919360   1163919360
       38976            1           3.815        77952        77952
       38976            2           1.907       155904       155904
       38976            4          12.875       311808       311808
       38976            8           3.099       623616       623616
       38976           16           3.815      1247232      1247232
       38976           32           5.007      2494464      2494464
       38976           64           5.960      4988928      4988928
       38976          128          11.921      9977856      9977856
       38976          256          20.027     19955712     19955712
       38976          512          35.048     39911424     39911424
       38976         1024          59.843     79822848     79822848
       38976         2048         106.096    159645696    159645696
       38976         4096         204.086    319291392    319291392
       38976         8192         380.039    638582784    638582784
       38976        16384         719.070   1277165568   1277165568
       42816            1           1.907        85632        85632
       42816            2           2.146       171264       171264
       42816            4           4.053       342528       342528
       42816            8           1.907       685056       685056
       42816           16           3.099      1370112      1370112
       42816           32           5.007      2740224      2740224
       42816           64           7.868      5480448      5480448
       42816          128          13.113     10960896     10960896
       42816          256          21.935     21921792     21921792
       42816          512          45.061     43843584     43843584
       42816         1024          57.936     87687168     87687168
       42816         2048         118.017    175374336    175374336
       42816         4096         211.954    350748672    350748672
       42816         8192         424.862    701497344    701497344
       42816        16384         824.928   1402994688   1402994688
       47040            1           3.099        94080        94080
       47040            2           1.907       188160       188160
       47040            4          12.875       376320       376320
       47040            8           2.146       752640       752640
       47040           16           3.099      1505280      1505280
       47040           32           4.768      3010560      3010560
       47040           64           9.060      6021120      6021120
       47040          128          12.875     12042240     12042240
       47040          256          25.988     24084480     24084480
       47040          512          49.114     48168960     48168960
       47040         1024          64.850     96337920     96337920
       47040         2048         130.892    192675840    192675840
       47040         4096         253.201    385351680    385351680
       47040         8192         463.009    770703360    770703360
       47040        16384         931.025   1541406720   1541406720
       51648            1           1.907       103296       103296
       51648            2           1.907       206592       206592
       51648            4          11.921       413184       413184
       51648            8           3.099       826368       826368
       51648           16          10.967      1652736      1652736
       51648           32           5.007      3305472      3305472
       51648           64           8.106      6610944      6610944
       51648          128          13.828     13221888     13221888
       51648          256          25.034     26443776     26443776
       51648          512          47.922     52887552     52887552
       51648         1024          66.042    105775104    105775104
       51648         2048         148.058    211550208    211550208
       51648         4096         239.134    423100416    423100416
       51648         8192         468.969    846200832    846200832
       51648        16384         946.045   1692401664   1692401664
       56640            1           5.007       113280       113280
       56640            2          11.206       226560       226560
       56640            4           2.146       453120       453120
       56640            8           2.146       906240       906240
       56640           16          23.127      1812480      1812480
       56640           32           5.007      3624960      3624960
       56640           64           8.821      7249920      7249920
       56640          128          15.020     14499840     14499840
       56640          256          28.133     28999680     28999680
       56640          512          51.975     57999360     57999360
       56640         1024          73.910    115998720    115998720
       56640         2048         144.005    231997440    231997440
       56640         4096         271.082    463994880    463994880
       56640         8192         549.078    927989760    927989760
       56640        16384        1266.003   1855979520   1855979520
       62208            1           4.053       124416       124416
       62208            2           2.146       248832       248832
       62208            4          13.828       497664       497664
       62208            8          13.113       995328       995328
       62208           16           3.099      1990656      1990656
       62208           32           5.007      3981312      3981312
       62208           64           8.821      7962624      7962624
       62208          128          15.974     15925248     15925248
       62208          256          28.133     31850496     31850496
       62208          512          51.975     63700992     63700992
       62208         1024          75.817    127401984    127401984
       62208         2048         149.012    254803968    254803968
       62208         4096         281.096    509607936    509607936
       62208         8192         571.012   1019215872   1019215872
       62208        16384        1119.137   2038431744   2038431744
       68352            1           4.053       136704       136704
       68352            2          20.981       273408       273408
       68352            4          12.875       546816       546816
       68352            8           2.861      1093632      1093632
       68352           16           5.007      2187264      2187264
       68352           32           6.914      4374528      4374528
       68352           64          10.014      8749056      8749056
       68352          128          35.048     17498112     17498112
       68352          256          33.855     34996224     34996224
       68352          512          54.121     69992448     69992448
       68352         1024          85.831    139984896    139984896
       68352         2048         171.185    279969792    279969792
       68352         4096         324.965    559939584    559939584
       68352         8192         658.035   1119879168   1119879168
       75072            1           2.861       150144       150144
       75072            2          16.928       300288       300288
       75072            4           2.146       600576       600576
       75072            8           4.053      1201152      1201152
       75072           16           5.007      2402304      2402304
       75072           32           6.199      4804608      4804608
       75072           64          10.967      9609216      9609216
       75072          128          17.166     19218432     19218432
       75072          256          33.855     38436864     38436864
       75072          512          55.075     76873728     76873728
       75072         1024         108.957    153747456    153747456
       75072         2048         179.052    307494912    307494912
       75072         4096         337.124    614989824    614989824
       75072         8192         682.831   1229979648   1229979648
       82560            1           3.099       165120       165120
       82560            2           2.146       330240       330240
       82560            4          14.067       660480       660480
       82560            8           3.099      1320960      1320960
       82560           16           4.053      2641920      2641920
       82560           32           7.153      5283840      5283840
       82560           64          10.967     10567680     10567680
       82560          128          20.027     21135360     21135360
       82560          256          36.001     42270720     42270720
       82560          512          61.035     84541440     84541440
       82560         1024         108.957    169082880    169082880
       82560         2048         216.007    338165760    338165760
       82560         4096         386.000    676331520    676331520
       82560         8192         779.152   1352663040   1352663040
       90816            1           3.099       181632       181632
       90816            2          15.974       363264       363264
       90816            4           3.099       726528       726528
       90816            8           5.960      1453056      1453056
       90816           16           5.007      2906112      2906112
       90816           32           7.153      5812224      5812224
       90816           64          10.967     11624448     11624448
       90816          128          20.981     23248896     23248896
       90816          256          38.862     46497792     46497792
       90816          512          64.135     92995584     92995584
       90816         1024         128.984    185991168    185991168
       90816         2048         216.007    371982336    371982336
       90816         4096         423.193    743964672    743964672
       90816         8192         854.969   1487929344   1487929344
       99840            1           4.053       199680       199680
       99840            2           3.099       399360       399360
       99840            4           2.861       798720       798720
       99840            8           2.861      1597440      1597440
       99840           16           4.053      3194880      3194880
       99840           32           5.960      6389760      6389760
       99840           64          12.875     12779520     12779520
       99840          128          39.101     25559040     25559040
       99840          256          44.107     51118080     51118080
       99840          512          61.989    102236160    102236160
       99840         1024         119.925    204472320    204472320
       99840         2048         225.067    408944640    408944640
       99840         4096         442.028    817889280    817889280
       99840         8192         892.878   1635778560   1635778560
      109824            1           3.099       219648       219648
      109824            2          13.113       439296       439296
      109824            4           2.861       878592       878592
      109824            8          14.067      1757184      1757184
      109824           16           5.960      3514368      3514368
      109824           32           9.060      7028736      7028736
      109824           64          13.113     14057472     14057472
      109824          128          25.988     28114944     28114944
      109824          256          46.968     56229888     56229888
      109824          512          72.002    112459776    112459776
      109824         1024         134.945    224919552    224919552
      109824         2048         267.982    449839104    449839104
      109824         4096         534.058    899678208    899678208
      109824         8192        1039.028   1799356416   1799356416
      120768            1           4.053       241536       241536
      120768            2           3.099       483072       483072
      120768            4           3.099       966144       966144
      120768            8          13.828      1932288      1932288
      120768           16           5.960      3864576      3864576
      120768           32           9.060      7729152      7729152
      120768           64          13.828     15458304     15458304
      120768          128          27.180     30916608     30916608
      120768          256          52.929     61833216     61833216
      120768          512          75.102    123666432    123666432
      120768         1024         169.039    247332864    247332864
      120768         2048         285.864    494665728    494665728
      120768         4096         554.085    989331456    989331456
      120768         8192        1132.965   1978662912   1978662912
      132672            1           4.053       265344       265344
      132672            2           3.099       530688       530688
      132672            4          14.067      1061376      1061376
      132672            8           4.053      2122752      2122752
      132672           16          13.113      4245504      4245504
      132672           32           9.060      8491008      8491008
      132672           64          15.974     16982016     16982016
      132672          128          30.041     33964032     33964032
      132672          256          54.121     67928064     67928064
      132672          512          82.970    135856128    135856128
      132672         1024         164.032    271712256    271712256
      132672         2048         329.018    543424512    543424512
      132672         4096         617.981   1086849024   1086849024
      145920            1           4.053       291840       291840
      145920            2          20.027       583680       583680
      145920            4          13.113      1167360      1167360
      145920            8           4.053      2334720      2334720
      145920           16           5.007      4669440      4669440
      145920           32          10.014      9338880      9338880
      145920           64          16.928     18677760     18677760
      145920          128          30.994     37355520     37355520
      145920          256          55.075     74711040     74711040
      145920          512          88.930    149422080    149422080
      145920         1024         169.992    298844160    298844160
      145920         2048         370.026    597688320    597688320
      145920         4096         663.996   1195376640   1195376640
      160512            1           4.053       321024       321024
      160512            2           2.861       642048       642048
      160512            4           3.099      1284096      1284096
      160512            8          14.067      2568192      2568192
      160512           16           5.960      5136384      5136384
      160512           32          10.967     10272768     10272768
      160512           64          18.120     20545536     20545536
      160512          128          30.994     41091072     41091072
      160512          256          56.982     82182144     82182144
      160512          512         107.050    164364288    164364288
      160512         1024         185.013    328728576    328728576
      160512         2048         360.012    657457152    657457152
      160512         4096         733.137   1314914304   1314914304
      176448            1           3.815       352896       352896
      176448            2          22.888       705792       705792
      176448            4           3.815      1411584      1411584
      176448            8           5.007      2823168      2823168
      176448           16           6.914      5646336      5646336
      176448           32          10.967     11292672     11292672
      176448           64          20.027     22585344     22585344
      176448          128          40.054     45170688     45170688
      176448          256          59.128     90341376     90341376
      176448          512         103.951    180682752    180682752
      176448         1024         200.033    361365504    361365504
      176448         2048         413.895    722731008    722731008
      176448         4096         785.112   1445462016   1445462016
      193920            1           4.053       387840       387840
      193920            2           2.861       775680       775680
      193920            4          15.974      1551360      1551360
      193920            8           5.007      3102720      3102720
      193920           16           6.914      6205440      6205440
      193920           32          11.921     12410880     12410880
      193920           64          22.888     24821760     24821760
      193920          128          41.008     49643520     49643520
      193920          256          62.943     99287040     99287040
      193920          512         118.017    198574080    198574080
      193920         1024         228.882    397148160    397148160
      193920         2048         458.002    794296320    794296320
      193920         4096         904.799   1588592640   1588592640
      213312            1           3.815       426624       426624
      213312            2          11.921       853248       853248
      213312            4           4.053      1706496      1706496
      213312            8           5.007      3412992      3412992
      213312           16           8.106      6825984      6825984
      213312           32          13.828     13651968     13651968
      213312           64          24.080     27303936     27303936
      213312          128          46.015     54607872     54607872
      213312          256          66.042    109215744    109215744
      213312          512         124.931    218431488    218431488
      213312         1024         262.976    436862976    436862976
      213312         2048         479.937    873725952    873725952
      213312         4096         979.900   1747451904   1747451904
      234624            1           5.007       469248       469248
      234624            2           4.053       938496       938496
      234624            4           4.053      1876992      1876992
      234624            8           5.007      3753984      3753984
      234624           16           7.153      7507968      7507968
      234624           32          14.067     15015936     15015936
      234624           64          42.915     30031872     30031872
      234624          128          47.922     60063744     60063744
      234624          256          70.095    120127488    120127488
      234624          512         132.799    240254976    240254976
      234624         1024         280.142    480509952    480509952
      234624         2048         536.919    961019904    961019904
      234624         4096        1037.836   1922039808   1922039808
      258048            1           5.007       516096       516096
      258048            2          13.113      1032192      1032192
      258048            4           4.053      2064384      2064384
      258048            8           5.007      4128768      4128768
      258048           16           8.106      8257536      8257536
      258048           32          13.828     16515072     16515072
      258048           64          25.988     33030144     33030144
      258048          128          50.068     66060288     66060288
      258048          256          77.009    132120576    132120576
      258048          512         148.058    264241152    264241152
      258048         1024         305.891    528482304    528482304
      258048         2048         567.913   1056964608   1056964608
      258048         4096        1151.085   2113929216   2113929216
      283776            1           6.199       567552       567552
      283776            2           4.053      1135104      1135104
      283776            4           5.007      2270208      2270208
      283776            8           6.199      4540416      4540416
      283776           16           9.060      9080832      9080832
      283776           32          15.020     18161664     18161664
      283776           64          30.041     36323328     36323328
      283776          128          51.975     72646656     72646656
      283776          256          82.970    145293312    145293312
      283776          512         164.986    290586624    290586624
      283776         1024         313.997    581173248    581173248
      283776         2048         645.161   1162346496   1162346496
      312000            1           5.960       624000       624000
      312000            2          13.113      1248000      1248000
      312000            4           5.007      2496000      2496000
      312000            8           5.007      4992000      4992000
      312000           16           9.060      9984000      9984000
      312000           32          36.955     19968000     19968000
      312000           64          31.948     39936000     39936000
      312000          128          56.028     79872000     79872000
      312000          256          93.937    159744000    159744000
      312000          512         188.112    319488000    319488000
      312000         1024         357.866    638976000    638976000
      312000         2048         716.209   1277952000   1277952000
      343104            1           5.960       686208       686208
      343104            2           3.815      1372416      1372416
      343104            4          15.020      2744832      2744832
      343104            8           5.960      5489664      5489664
      343104           16          10.967     10979328     10979328
      343104           32          19.073     21958656     21958656
      343104           64          32.902     43917312     43917312
      343104          128          61.035     87834624     87834624
      343104          256         121.117    175669248    175669248
      343104          512         206.947    351338496    351338496
      343104         1024         384.092    702676992    702676992
      343104         2048         778.913   1405353984   1405353984
      377280            1           7.153       754560       754560
      377280            2          15.020      1509120      1509120
      377280            4          15.020      3018240      3018240
      377280            8           5.960      6036480      6036480
      377280           16          11.921     12072960     12072960
      377280           32          19.073     24145920     24145920
      377280           64          36.955     48291840     48291840
      377280          128          63.896     96583680     96583680
      377280          256         130.177    193167360    193167360
      377280          512         215.054    386334720    386334720
      377280         1024         422.955    772669440    772669440
      377280         2048         852.108   1545338880   1545338880
      414912            1           7.153       829824       829824
      414912            2          15.020      1659648      1659648
      414912            4          12.875      3319296      3319296
      414912            8           5.960      6638592      6638592
      414912           16          13.828     13277184     13277184
      414912           32          42.200     26554368     26554368
      414912           64          37.909     53108736     53108736
      414912          128          66.042    106217472    106217472
      414912          256         123.978    212434944    212434944
      414912          512         235.081    424869888    424869888
      414912         1024         463.963    849739776    849739776
      414912         2048         932.932   1699479552   1699479552
      456384            1           6.199       912768       912768
      456384            2           4.053      1825536      1825536
      456384            4           4.053      3651072      3651072
      456384            8           7.868      7302144      7302144
      456384           16          14.067     14604288     14604288
      456384           32          24.080     29208576     29208576
      456384           64          45.061     58417152     58417152
      456384          128          68.903    116834304    116834304
      456384          256         133.038    233668608    233668608
      456384          512         257.015    467337216    467337216
      456384         1024         522.852    934674432    934674432
      456384         2048        1014.948   1869348864   1869348864
      501888            1           7.868      1003776      1003776
      501888            2           5.007      2007552      2007552
      501888            4           3.815      4015104      4015104
      501888            8           7.153      8030208      8030208
      501888           16          33.140     16060416     16060416
      501888           32          25.988     32120832     32120832
      501888           64          46.968     64241664     64241664
      501888          128          76.056    128483328    128483328
      501888          256         150.919    256966656    256966656
      501888          512         286.102    513933312    513933312
      501888         1024         575.066   1027866624   1027866624
      501888         2048        1124.859   2055733248   2055733248
      552000            1          10.014      1104000      1104000
      552000            2           4.053      2208000      2208000
      552000            4          14.067      4416000      4416000
      552000            8          10.014      8832000      8832000
      552000           16          15.974     17664000     17664000
      552000           32          28.133     35328000     35328000
      552000           64          51.022     70656000     70656000
      552000          128          82.016    141312000    141312000
      552000          256         184.059    282624000    282624000
      552000          512         324.965    565248000    565248000
      552000         1024         626.087   1130496000   1130496000
      607104            1          10.014      1214208      1214208
      607104            2          15.020      2428416      2428416
      607104            4          16.928      4856832      4856832
      607104            8          10.014      9713664      9713664
      607104           16          15.974     19427328     19427328
      607104           32          30.041     38854656     38854656
      607104           64          56.028     77709312     77709312
      607104          128          90.122    155418624    155418624
      607104          256         185.966    310837248    310837248
      607104          512         392.914    621674496    621674496
      607104         1024         679.970   1243348992   1243348992
      667776            1          10.014      1335552      1335552
      667776            2          23.842      2671104      2671104
      667776            4           5.007      5342208      5342208
      667776            8           8.821     10684416     10684416
      667776           16          15.974     21368832     21368832
      667776           32          32.187     42737664     42737664
      667776           64          59.128     85475328     85475328
      667776          128          97.036    170950656    170950656
      667776          256         201.941    341901312    341901312
      667776          512         391.960    683802624    683802624
      667776         1024         740.051   1367605248   1367605248
      734400            1          10.967      1468800      1468800
      734400            2           6.199      2937600      2937600
      734400            4          13.113      5875200      5875200
      734400            8          10.967     11750400     11750400
      734400           16          18.835     23500800     23500800
      734400           32          35.048     47001600     47001600
      734400           64          64.135     94003200     94003200
      734400          128         108.957    188006400    188006400
      734400          256         216.007    376012800    376012800
      734400          512         424.862    752025600    752025600
      734400         1024         828.028   1504051200   1504051200
      807744            1          11.921      1615488      1615488
      807744            2           4.768      3230976      3230976
      807744            4          10.967      6461952      6461952
      807744            8          11.921     12923904     12923904
      807744           16          18.835     25847808     25847808
      807744           32          40.054     51695616     51695616
      807744           64          67.949    103391232    103391232
      807744          128         117.064    206782464    206782464
      807744          256         257.969    413564928    413564928
      807744          512         447.989    827129856    827129856
      807744         1024         905.037   1654259712   1654259712
      888384            1          13.113      1776768      1776768
      888384            2          15.020      3553536      3553536
      888384            4           7.153      7107072      7107072
      888384            8          12.159     14214144     14214144
      888384           16          21.935     28428288     28428288
      888384           32          41.008     56856576     56856576
      888384           64          67.949    113713152    113713152
      888384          128         147.104    227426304    227426304
      888384          256         247.955    454852608    454852608
      888384          512         488.043    909705216    909705216
      888384         1024         994.921   1819410432   1819410432
      977088            1          12.875      1954176      1954176
      977088            2           5.960      3908352      3908352
      977088            4           7.868      7816704      7816704
      977088            8          14.067     15633408     15633408
      977088           16          22.888     31266816     31266816
      977088           32          44.107     62533632     62533632
      977088           64          74.863    125067264    125067264
      977088          128         148.058    250134528    250134528
      977088          256         275.135    500269056    500269056
      977088          512         554.800   1000538112   1000538112
      977088         1024        1085.997   2001076224   2001076224
     1074624            1          15.020      2149248      2149248
     1074624            2          15.974      4298496      4298496
     1074624            4           8.106      8596992      8596992
     1074624            8          15.020     17193984     17193984
     1074624           16          28.133     34387968     34387968
     1074624           32          52.929     68775936     68775936
     1074624           64          81.062    137551872    137551872
     1074624          128         161.886    275103744    275103744
     1074624          256         300.884    550207488    550207488
     1074624          512         606.060   1100414976   1100414976
     1181952            1          15.974      2363904      2363904
     1181952            2          15.974      4727808      4727808
     1181952            4           9.060      9455616      9455616
     1181952            8          15.974     18911232     18911232
     1181952           16          30.994     37822464     37822464
     1181952           32          56.028     75644928     75644928
     1181952           64          87.976    151289856    151289856
     1181952          128         175.953    302579712    302579712
     1181952          256         349.998    605159424    605159424
     1181952          512         650.167   1210318848   1210318848
     1300032            1          15.974      2600064      2600064
     1300032            2          15.974      5200128      5200128
     1300032            4           8.106     10400256     10400256
     1300032            8          18.120     20800512     20800512
     1300032           16          31.948     41601024     41601024
     1300032           32          58.889     83202048     83202048
     1300032           64          95.129    166404096    166404096
     1300032          128         190.020    332808192    332808192
     1300032          256         380.993    665616384    665616384
     1300032          512         712.156   1331232768   1331232768
     1430016            1          24.080      2860032      2860032
     1430016            2          19.073      5720064      5720064
     1430016            4           9.060     11440128     11440128
     1430016            8          17.166     22880256     22880256
     1430016           16          33.855     45760512     45760512
     1430016           32          61.035     91521024     91521024
     1430016           64         105.143    183042048    183042048
     1430016          128         200.987    366084096    366084096
     1430016          256         420.809    732168192    732168192
     1430016          512         782.967   1464336384   1464336384
     1572864            1          35.048      3145728      3145728
     1572864            2           6.199      6291456      6291456
     1572864            4          10.014     12582912     12582912
     1572864            8          19.073     25165824     25165824
     1572864           16          36.955     50331648     50331648
     1572864           32          68.903    100663296    100663296
     1572864           64         113.010    201326592    201326592
     1572864          128         219.107    402653184    402653184
     1572864          256         451.088    805306368    805306368
     1572864          512         871.897   1610612736   1610612736
     1730112            1          33.140      3460224      3460224
     1730112            2           6.199      6920448      6920448
     1730112            4          10.967     13840896     13840896
     1730112            8          20.027     27681792     27681792
     1730112           16          39.816     55363584     55363584
     1730112           32          72.956    110727168    110727168
     1730112           64         124.216    221454336    221454336
     1730112          128         261.068    442908672    442908672
     1730112          256         475.168    885817344    885817344
     1730112          512         962.973   1771634688   1771634688
     1903104            1          34.094      3806208      3806208
     1903104            2           7.868      7612416      7612416
     1903104            4          11.921     15224832     15224832
     1903104            8          23.127     30449664     30449664
     1903104           16          46.015     60899328     60899328
     1903104           32          96.798    121798656    121798656
     1903104           64         135.899    243597312    243597312
     1903104          128         273.943    487194624    487194624
     1903104          256         536.919    974389248    974389248
     1903104          512        1051.188   1948778496   1948778496
     2093376            1          41.962      4186752      4186752
     2093376            2           6.914      8373504      8373504
     2093376            4          11.921     16747008     16747008
     2093376            8          23.127     33494016     33494016
     2093376           16          44.823     66988032     66988032
     2093376           32          82.016    133976064    133976064
     2093376           64         147.820    267952128    267952128
     2093376          128         320.196    535904256    535904256
     2093376          256         572.920   1071808512   1071808512
     2093376          512        1152.992   2143617024   2143617024
     2302656            1          36.955      4605312      4605312
     2302656            2           7.868      9210624      9210624
     2302656            4          14.067     18421248     18421248
     2302656            8          25.034     36842496     36842496
     2302656           16          48.876     73684992     73684992
     2302656           32          87.023    147369984    147369984
     2302656           64         162.840    294739968    294739968
     2302656          128         326.157    589479936    589479936
     2302656          256         646.114   1178959872   1178959872
     2532864            1          38.147      5065728      5065728
     2532864            2           9.060     10131456     10131456
     2532864            4          15.020     20262912     20262912
     2532864            8          26.941     40525824     40525824
     2532864           16          56.028     81051648     81051648
     2532864           32          92.030    162103296    162103296
     2532864           64         179.052    324206592    324206592
     2532864          128         359.058    648413184    648413184
     2532864          256         705.004   1296826368   1296826368
     2786112            1          37.909      5572224      5572224
     2786112            2           9.060     11144448     11144448
     2786112            4          17.166     22288896     22288896
     2786112            8          29.802     44577792     44577792
     2786112           16          62.227     89155584     89155584
     2786112           32         100.851    178311168    178311168
     2786112           64         219.107    356622336    356622336
     2786112          128         386.000    713244672    713244672
     2786112          256         771.999   1426489344   1426489344
     3064704            1          55.075      6129408      6129408
     3064704            2          10.014     12258816     12258816
     3064704            4          20.027     24517632     24517632
     3064704            8          36.001     49035264     49035264
     3064704           16          64.850     98070528     98070528
     3064704           32         110.149    196141056    196141056
     3064704           64         232.935    392282112    392282112
     3064704          128         420.094    784564224    784564224
     3064704          256         869.989   1569128448   1569128448
     3371136            1          51.022      6742272      6742272
     3371136            2          10.967     13484544     13484544
     3371136            4          20.981     26969088     26969088
     3371136            8          40.054     53938176     53938176
     3371136           16          70.810    107876352    107876352
     3371136           32         141.144    215752704    215752704
     3371136           64         235.081    431505408    431505408
     3371136          128         462.055    863010816    863010816
     3371136          256         929.832   1726021632   1726021632
     3708096            1          72.002      7416192      7416192
     3708096            2          12.159     14832384     14832384
     3708096            4          24.080     29664768     29664768
     3708096            8          41.962     59329536     59329536
     3708096           16          75.102    118659072    118659072
     3708096           32         131.845    237318144    237318144
     3708096           64         257.015    474636288    474636288
     3708096          128         520.945    949272576    949272576
     3708096          256        1019.955   1898545152   1898545152
     4078848            1          51.975      8157696      8157696
     4078848            2          13.113     16315392     16315392
     4078848            4          25.988     32630784     32630784
     4078848            8          46.015     65261568     65261568
     4078848           16          81.778    130523136    130523136
     4078848           32         144.005    261046272    261046272
     4078848           64         305.891    522092544    522092544
     4078848          128         557.184   1044185088   1044185088
     4078848          256        1121.998   2088370176   2088370176
     4486656            1          57.936      8973312      8973312
     4486656            2          13.113     17946624     17946624
     4486656            4          25.988     35893248     35893248
     4486656            8          48.876     71786496     71786496
     4486656           16          86.069    143572992    143572992
     4486656           32         158.072    287145984    287145984
     4486656           64         313.997    574291968    574291968
     4486656          128         629.902   1148583936   1148583936
     4935168            1          64.135      9870336      9870336
     4935168            2          17.166     19740672     19740672
     4935168            4          28.133     39481344     39481344
     4935168            8          51.975     78962688     78962688
     4935168           16         113.964    157925376    157925376
     4935168           32         180.006    315850752    315850752
     4935168           64         339.985    631701504    631701504
     4935168          128         687.838   1263403008   1263403008
     5428608            1          72.956     10857216     10857216
     5428608            2          17.166     21714432     21714432
     5428608            4          29.802     43428864     43428864
     5428608            8          59.128     86857728     86857728
     5428608           16          98.944    173715456    173715456
     5428608           32         215.054    347430912    347430912
     5428608           64         375.986    694861824    694861824
     5428608          128         751.972   1389723648   1389723648
     5971392            1          77.963     11942784     11942784
     5971392            2          18.120     23885568     23885568
     5971392            4          32.187     47771136     47771136
     5971392            8          62.943     95542272     95542272
     5971392           16         107.050    191084544    191084544
     5971392           32         208.139    382169088    382169088
     5971392           64         435.829    764338176    764338176
     5971392          128         826.836   1528676352   1528676352
     6568512            1          80.109     13137024     13137024
     6568512            2          19.073     26274048     26274048
     6568512            4          35.048     52548096     52548096
     6568512            8          68.188    105096192    105096192
     6568512           16         116.825    210192384    210192384
     6568512           32         249.147    420384768    420384768
     6568512           64         449.896    840769536    840769536
     6568512          128         907.183   1681539072   1681539072
     7225344            1          86.069     14450688     14450688
     7225344            2          20.981     28901376     28901376
     7225344            4          37.193     57802752     57802752
     7225344            8          72.956    115605504    115605504
     7225344           16         148.058    231211008    231211008
     7225344           32         249.863    462422016    462422016
     7225344           64         494.003    924844032    924844032
     7225344          128         994.205   1849688064   1849688064
     7947840            1          90.837     15895680     15895680
     7947840            2          26.941     31791360     31791360
     7947840            4          51.022     63582720     63582720
     7947840            8         113.010    127165440    127165440
     7947840           16         190.973    254330880    254330880
     7947840           32         380.039    508661760    508661760
     7947840           64         771.999   1017323520   1017323520
     7947840          128        1531.124   2034647040   2034647040
     8742528            1         115.156     17485056     17485056
     8742528            2          30.041     34970112     34970112
     8742528            4          51.975     69940224     69940224
     8742528            8         106.096    139880448    139880448
     8742528           16         208.855    279760896    279760896
     8742528           32         416.040    559521792    559521792
     8742528           64         827.074   1119043584   1119043584
     9616704            1         107.050     19233408     19233408
     9616704            2          30.994     38466816     38466816
     9616704            4          58.889     76933632     76933632
     9616704            8         131.845    153867264    153867264
     9616704           16         231.981    307734528    307734528
     9616704           32         452.995    615469056    615469056
     9616704           64         916.004   1230938112   1230938112
    10578240            1         121.832     21156480     21156480
    10578240            2          32.902     42312960     42312960
    10578240            4          64.135     84625920     84625920
    10578240            8         144.005    169251840    169251840
    10578240           16         253.916    338503680    338503680
    10578240           32         504.017    677007360    677007360
    10578240           64        1021.147   1354014720   1354014720
    11635968            1         144.958     23271936     23271936
    11635968            2          41.008     46543872     46543872
    11635968            4          71.049     93087744     93087744
    11635968            8         139.952    186175488    186175488
    11635968           16         276.089    372350976    372350976
    11635968           32         563.860    744701952    744701952
    11635968           64        1118.898   1489403904   1489403904
    12799488            1         144.005     25598976     25598976
    12799488            2          41.962     51197952     51197952
    12799488            4          78.917    102395904    102395904
    12799488            8         153.065    204791808    204791808
    12799488           16         321.865    409583616    409583616
    12799488           32         602.007    819167232    819167232
    12799488           64        1213.789   1638334464   1638334464
    14079360            1         161.171     28158720     28158720
    14079360            2          39.101     56317440     56317440
    14079360            4          71.049    112634880    112634880
    14079360            8         125.885    225269760    225269760
    14079360           16         276.089    450539520    450539520
    14079360           32         480.890    901079040    901079040
    14079360           64         972.033   1802158080   1802158080
    15487296            1         200.987     30974592     30974592
    15487296            2          47.922     61949184     61949184
    15487296            4          75.102    123898368    123898368
    15487296            8         137.806    247796736    247796736
    15487296           16         268.221    495593472    495593472
    15487296           32         545.979    991186944    991186944
    15487296           64        1066.923   1982373888   1982373888
    17035968            1         195.026     34071936     34071936
    17035968            2          50.783     68143872     68143872
    17035968            4          80.824    136287744    136287744
    17035968            8         149.965    272575488    272575488
    17035968           16         316.858    545150976    545150976
    17035968           32         581.026   1090301952   1090301952
    18739392            1         223.875     37478784     37478784
    18739392            2          52.929     74957568     74957568
    18739392            4          92.983    149915136    149915136
    18739392            8         166.178    299830272    299830272
    18739392           16         323.057    599660544    599660544
    18739392           32         662.088   1199321088   1199321088
    20613312            1         241.041     41226624     41226624
    20613312            2          87.976     82453248     82453248
    20613312            4          99.182    164906496    164906496
    20613312            8         182.152    329812992    329812992
    20613312           16         354.052    659625984    659625984
    20613312           32         722.885   1319251968   1319251968
    22674624            1         257.969     45349248     45349248
    22674624            2          89.884     90698496     90698496
    22674624            4         123.978    181396992    181396992
    22674624            8         200.033    362793984    362793984
    22674624           16         391.960    725587968    725587968
    22674624           32         796.080   1451175936   1451175936
    24941952            1         258.207     49883904     49883904
    24941952            2         100.136     99767808     99767808
    24941952            4         119.925    199535616    199535616
    24941952            8         224.829    399071232    399071232
    24941952           16         436.068    798142464    798142464
    24941952           32         889.063   1596284928   1596284928
    27436032            1         203.848     54872064     54872064
    27436032            2         109.911    109744128    109744128
    27436032            4         159.979    219488256    219488256
    27436032            8         295.877    438976512    438976512
    27436032           16         601.053    877953024    877953024
    27436032           32        1174.927   1755906048   1755906048
    30179520            1         184.059     60359040     60359040
    30179520            2         131.845    120718080    120718080
    30179520            4         211.954    241436160    241436160
    30179520            8         402.212    482872320    482872320
    30179520           16         813.961    965744640    965744640
    30179520           32        1614.094   1931489280   1931489280
    33197376            1         188.112     66394752     66394752
    33197376            2         156.879    132789504    132789504
    33197376            4         267.029    265579008    265579008
    33197376            8         533.819    531158016    531158016
    33197376           16        1034.021   1062316032   1062316032
    33197376           32        2068.043   2124632064   2124632064
    36517056            1         189.066     73034112     73034112
    36517056            2         185.013    146068224    146068224
    36517056            4         328.064    292136448    292136448
    36517056            8         610.113    584272896    584272896
    36517056           16        1223.087   1168545792   1168545792
    40168704            1         211.000     80337408     80337408
    40168704            2         197.172    160674816    160674816
    40168704            4         349.045    321349632    321349632
    40168704            8         689.983    642699264    642699264
    40168704           16        1408.100   1285398528   1285398528
    44185536            1         244.856     88371072     88371072
    44185536            2         235.081    176742144    176742144
    44185536            4         406.981    353484288    353484288
    44185536            8         787.973    706968576    706968576
    44185536           16        1558.781   1413937152   1413937152
    48604032            1         282.049     97208064     97208064
    48604032            2         273.943    194416128    194416128
    48604032            4         467.062    388832256    388832256
    48604032            8         968.933    777664512    777664512
    48604032           16        2021.074   1555329024   1555329024
    53464320            1         303.984    106928640    106928640
    53464320            2         376.940    213857280    213857280
    53464320            4         637.054    427714560    427714560
    53464320            8        1294.851    855429120    855429120
    53464320           16        2493.143   1710858240   1710858240
    58810752            1         354.052    117621504    117621504
    58810752            2         456.810    235243008    235243008
    58810752            4         777.006    470486016    470486016
    58810752            8        1492.023    940972032    940972032
    58810752           16        3130.913   1881944064   1881944064
    64691712            1         401.974    129383424    129383424
    64691712            2         638.008    258766848    258766848
    64691712            4        1045.942    517533696    517533696
    64691712            8        1987.934   1035067392   1035067392
    64691712           16        3835.201   2070134784   2070134784
    71160768            1         463.009    142321536    142321536
    71160768            2         795.126    284643072    284643072
    71160768            4        1329.899    569286144    569286144
    71160768            8        2537.012   1138572288   1138572288
    78276672            1         561.953    156553344    156553344
    78276672            2         926.971    313106688    313106688
    78276672            4        1599.073    626213376    626213376
    78276672            8        3133.059   1252426752   1252426752
    86104320            1         630.140    172208640    172208640
    86104320            2        1045.942    344417280    344417280
    86104320            4        1823.902    688834560    688834560
    86104320            8        3631.830   1377669120   1377669120
    94714752            1         720.024    189429504    189429504
    94714752            2        1273.870    378859008    378859008
    94714752            4        2195.835    757718016    757718016
    94714752            8        4516.840   1515436032   1515436032
   104186112            1         813.007    208372224    208372224
   104186112            2        1436.949    416744448    416744448
   104186112            4        2680.063    833488896    833488896
   104186112            8        5346.060   1666977792   1666977792
   114604608            1         907.183    229209216    229209216
   114604608            2        1696.110    458418432    458418432
   114604608            4        3180.027    916836864    916836864
   114604608            8        6346.941   1833673728   1833673728
   126064896            1        1032.114    252129792    252129792
   126064896            2        1924.038    504259584    504259584
   126064896            4        3730.059   1008519168   1008519168
   126064896            8        7432.938   2017038336   2017038336
   138671232            1        1165.867    277342464    277342464
   138671232            2        2195.120    554684928    554684928
   138671232            4        4276.991   1109369856   1109369856
   152538240            1        1290.083    305076480    305076480
   152538240            2        2462.864    610152960    610152960
   152538240            4        4848.003   1220305920   1220305920
   167792064            1        1431.942    335584128    335584128
   167792064            2        2792.835    671168256    671168256
   167792064            4        5476.952   1342336512   1342336512
   184571136            1        1622.915    369142272    369142272
   184571136            2        3119.946    738284544    738284544
   184571136            4        6199.121   1476569088   1476569088
   203028096            1        1863.003    406056192    406056192
   203028096            2        3546.000    812112384    812112384
   203028096            4        6984.949   1624224768   1624224768
   223330752            1        2043.962    446661504    446661504
   223330752            2        3947.973    893323008    893323008
   223330752            4        7855.892   1786646016   1786646016
   245663808            1        2289.057    491327616    491327616
   245663808            2        4479.170    982655232    982655232
   245663808            4        8853.197   1965310464   1965310464
   270230016            1        2572.775    540460032    540460032
   270230016            2        5017.042   1080920064   1080920064
   297252864            1        2874.136    594505728    594505728
   297252864            2        5667.925   1189011456   1189011456
   326978112            1        3182.173    653956224    653956224
   326978112            2        6273.985   1307912448   1307912448
   359675904            1        3540.039    719351808    719351808
   359675904            2        6971.836   1438703616   1438703616
   395643456            1        3934.860    791286912    791286912
   395643456            2        7735.968   1582573824   1582573824
   435207744            1        4350.901    870415488    870415488
   435207744            2        8618.116   1740830976   1740830976
   478728384            1        4858.971    957456768    957456768
   478728384            2        9618.044   1914913536   1914913536
   526601088            1        5368.948   1053202176   1053202176
   526601088            2       10791.063   2106404352   2106404352
   579261120            1        5959.034   1158522240   1158522240
   637187136            1        6606.102   1274374272   1274374272
   700905792            1        7308.006   1401811584   1401811584
   770996352            1        8119.822   1541992704   1541992704
   848095872            1        8945.942   1696191744   1696191744
   932905344            1        9788.990   1865810688   1865810688
  1026195840            1       10859.966   2052391680   2052391680

META_DATA
FLOPS          16
MPI_PROCS      1
OPENMP_THREADS 24
ERT_VERSION  1.1.0
HOSTNAME  ('deepv.deep', [], ['10.2.8.6'])
UNAME  uname_result(system='Linux', node='deepv', release='4.18.0-372.32.1.el8_6.x86_64', version='#1 SMP Thu Oct 27 15:18:36 UTC 2022', machine='x86_64')
TIMESTAMP_DATA  1673470237.9684024
CONFIG  {'ERT_RESULTS': ['Results.cn.deep.fz-juelich.de.01'], 'ERT_DRIVER': ['driver1'], 'ERT_KERNEL': ['kernel1'], 'ERT_MPI': ['True'], 'ERT_MPI_CFLAGS': ['-I', '/p/deep/software/skylake/Stages/2022/software/psmpi/5.5.0-1-intel-compilers-2021.4.0/include'], 'ERT_MPI_LDFLAGS': ['-L', '/p/deep/software/skylake/Stages/2022/software/psmpi/5.5.0-1-intel-compilers-2021.4.0/lib', '-lmpi'], 'ERT_OPENMP': ['True'], 'ERT_OPENMP_CFLAGS': ['-qopenmp'], 'ERT_OPENMP_LDFLAGS': ['-qopenmp'], 'ERT_FLOPS': ['1,2,4,8,16,64,128'], 'ERT_ALIGN': ['64'], 'ERT_CC': ['icpc'], 'ERT_CFLAGS': ['-O3', '-fno-alias', '-fno-fnalias', '-xCore-AVX512', '-qopt-zmm-usage=high', '-DERT_INTEL'], 'ERT_LD': ['icpc'], 'ERT_LDFLAGS': [], 'ERT_LDLIBS': [], 'ERT_PRECISION': ['FP64'], 'ERT_RUN': ['export', 'OMP_NUM_THREADS=ERT_OPENMP_THREADS;', 'export', 'OMP_PLACES="cores";', 'srun', '-p', 'dp-cn', '-n', 'ERT_MPI_PROCS', '-c', '48', '--ntasks-per-node', '1', 'ERT_CODE'], 'ERT_PROCS_THREADS': ['24'], 'ERT_MPI_PROCS': ['1'], 'ERT_OPENMP_THREADS': ['24'], 'ERT_NUM_EXPERIMENTS': ['5'], 'ERT_MEMORY_MAX': ['1073741824'], 'ERT_WORKING_SET_MIN': ['128'], 'ERT_TRIALS_MIN': ['1'], 'ERT_GNUPLOT': ['gnuplot'], 'ERT_GPU': [False], 'ERT_HIP': [False], 'ERT_OCL': [False], 'ERT_SYCL': [False], 'ERT_WSS_MULT': [1.1]}
