fp64
       24576            1           1.907        49152        49152
       24576            2           2.861        98304        98304
       24576            4           2.146       196608       196608
       24576            8           2.146       393216       393216
       24576           16          13.113       786432       786432
       24576           32           3.099      1572864      1572864
       24576           64          10.967      3145728      3145728
       24576          128           8.106      6291456      6291456
       24576          256          13.113     12582912     12582912
       24576          512          24.080     25165824     25165824
       24576         1024          42.200     50331648     50331648
       24576         2048          96.083    100663296    100663296
       24576         4096         115.156    201326592    201326592
       24576         8192         224.829    402653184    402653184
       24576        16384         443.935    805306368    805306368
       24576        32768         895.023   1610612736   1610612736
       26880            1           1.907        53760        53760
       26880            2          12.159       107520       107520
       26880            4           1.907       215040       215040
       26880            8          12.875       430080       430080
       26880           16           3.099       860160       860160
       26880           32           3.815      1720320      1720320
       26880           64           5.960      3440640      3440640
       26880          128           9.060      6881280      6881280
       26880          256          14.782     13762560     13762560
       26880          512          29.087     27525120     27525120
       26880         1024          54.121     55050240     55050240
       26880         2048          72.002    110100480    110100480
       26880         4096         136.137    220200960    220200960
       26880         8192         267.982    440401920    440401920
       26880        16384         536.203    880803840    880803840
       26880        32768        1044.989   1761607680   1761607680
       29568            1           1.907        59136        59136
       29568            2          16.928       118272       118272
       29568            4           2.861       236544       236544
       29568            8          36.955       473088       473088
       29568           16           2.861       946176       946176
       29568           32           5.007      1892352      1892352
       29568           64           5.960      3784704      3784704
       29568          128          10.014      7569408      7569408
       29568          256          19.073     15138816     15138816
       29568          512          36.955     30277632     30277632
       29568         1024          45.061     60555264     60555264
       29568         2048          82.016    121110528    121110528
       29568         4096         154.972    242221056    242221056
       29568         8192         300.884    484442112    484442112
       29568        16384         609.875    968884224    968884224
       29568        32768        1196.861   1937768448   1937768448
       32448            1           2.861        64896        64896
       32448            2           1.907       129792       129792
       32448            4           4.053       259584       259584
       32448            8           1.907       519168       519168
       32448           16          13.828      1038336      1038336
       32448           32           4.053      2076672      2076672
       32448           64           5.960      4153344      4153344
       32448          128          10.014      8306688      8306688
       32448          256          39.101     16613376     16613376
       32448          512          40.054     33226752     33226752
       32448         1024          49.829     66453504     66453504
       32448         2048          91.076    132907008    132907008
       32448         4096         174.046    265814016    265814016
       32448         8192         338.793    531628032    531628032
       32448        16384         684.023   1063256064   1063256064
       32448        32768        1347.065   2126512128   2126512128
       35520            1           2.861        71040        71040
       35520            2           2.861       142080       142080
       35520            4          14.067       284160       284160
       35520            8          12.875       568320       568320
       35520           16           3.099      1136640      1136640
       35520           32           4.053      2273280      2273280
       35520           64           5.960      4546560      4546560
       35520          128          12.159      9093120      9093120
       35520          256          21.935     18186240     18186240
       35520          512          43.869     36372480     36372480
       35520         1024          57.936     72744960     72744960
       35520         2048         100.136    145489920    145489920
       35520         4096         194.073    290979840    290979840
       35520         8192         394.106    581959680    581959680
       35520        16384         740.051   1163919360   1163919360
       38976            1           1.907        77952        77952
       38976            2          13.113       155904       155904
       38976            4           2.146       311808       311808
       38976            8           3.099       623616       623616
       38976           16           3.099      1247232      1247232
       38976           32          15.020      2494464      2494464
       38976           64           6.199      4988928      4988928
       38976          128          12.159      9977856      9977856
       38976          256          20.027     19955712     19955712
       38976          512          36.955     39911424     39911424
       38976         1024          59.843     79822848     79822848
       38976         2048          97.036    159645696    159645696
       38976         4096         185.966    319291392    319291392
       38976         8192         396.967    638582784    638582784
       38976        16384         715.971   1277165568   1277165568
       42816            1           1.907        85632        85632
       42816            2          12.159       171264       171264
       42816            4           2.146       342528       342528
       42816            8           2.146       685056       685056
       42816           16           4.053      1370112      1370112
       42816           32           4.053      2740224      2740224
       42816           64           7.868      5480448      5480448
       42816          128          12.159     10960896     10960896
       42816          256          23.127     21921792     21921792
       42816          512          39.816     43843584     43843584
       42816         1024          61.989     87687168     87687168
       42816         2048         107.765    175374336    175374336
       42816         4096         217.915    350748672    350748672
       42816         8192         426.054    701497344    701497344
       42816        16384         826.836   1402994688   1402994688
       47040            1           3.099        94080        94080
       47040            2           2.146       188160       188160
       47040            4           1.907       376320       376320
       47040            8           3.099       752640       752640
       47040           16           4.053      1505280      1505280
       47040           32           5.007      3010560      3010560
       47040           64           8.106      6021120      6021120
       47040          128          15.974     12042240     12042240
       47040          256          29.087     24084480     24084480
       47040          512          53.167     48168960     48168960
       47040         1024         114.918     96337920     96337920
       47040         2048         207.901    192675840    192675840
       47040         4096         240.088    385351680    385351680
       47040         8192         479.937    770703360    770703360
       47040        16384         917.912   1541406720   1541406720
       51648            1           1.907       103296       103296
       51648            2           1.907       206592       206592
       51648            4           1.907       413184       413184
       51648            8           5.007       826368       826368
       51648           16           2.861      1652736      1652736
       51648           32           4.053      3305472      3305472
       51648           64           7.868      6610944      6610944
       51648          128          13.113     13221888     13221888
       51648          256          25.988     26443776     26443776
       51648          512          46.015     52887552     52887552
       51648         1024          65.088    105775104    105775104
       51648         2048         127.077    211550208    211550208
       51648         4096         255.108    423100416    423100416
       51648         8192         470.161    846200832    846200832
       51648        16384         946.999   1692401664   1692401664
       56640            1           2.861       113280       113280
       56640            2           1.907       226560       226560
       56640            4           4.053       453120       453120
       56640            8           1.907       906240       906240
       56640           16           2.861      1812480      1812480
       56640           32           5.007      3624960      3624960
       56640           64           9.060      7249920      7249920
       56640          128          14.067     14499840     14499840
       56640          256          28.133     28999680     28999680
       56640          512          47.922     57999360     57999360
       56640         1024          92.030    115998720    115998720
       56640         2048         144.005    231997440    231997440
       56640         4096         269.890    463994880    463994880
       56640         8192         547.886    927989760    927989760
       56640        16384        1075.029   1855979520   1855979520
       62208            1           3.099       124416       124416
       62208            2           2.146       248832       248832
       62208            4           3.815       497664       497664
       62208            8          13.113       995328       995328
       62208           16           3.815      1990656      1990656
       62208           32           5.007      3981312      3981312
       62208           64          10.014      7962624      7962624
       62208          128          15.020     15925248     15925248
       62208          256          29.087     31850496     31850496
       62208          512          50.068     63700992     63700992
       62208         1024          75.817    127401984    127401984
       62208         2048         144.005    254803968    254803968
       62208         4096         306.129    509607936    509607936
       62208         8192         558.138   1019215872   1019215872
       62208        16384        1122.952   2038431744   2038431744
       68352            1           2.861       136704       136704
       68352            2           2.146       273408       273408
       68352            4           2.146       546816       546816
       68352            8           3.099      1093632      1093632
       68352           16           5.007      2187264      2187264
       68352           32           5.960      4374528      4374528
       68352           64          10.967      8749056      8749056
       68352          128          18.120     17498112     17498112
       68352          256          36.001     34996224     34996224
       68352          512          51.022     69992448     69992448
       68352         1024          92.983    139984896    139984896
       68352         2048         177.145    279969792    279969792
       68352         4096         344.992    559939584    559939584
       68352         8192         641.823   1119879168   1119879168
       75072            1           2.146       150144       150144
       75072            2          13.113       300288       300288
       75072            4           1.907       600576       600576
       75072            8           5.007      1201152      1201152
       75072           16           4.053      2402304      2402304
       75072           32           5.960      4804608      4804608
       75072           64          10.967      9609216      9609216
       75072          128          16.928     19218432     19218432
       75072          256          36.001     38436864     38436864
       75072          512          51.975     76873728     76873728
       75072         1024          90.122    153747456    153747456
       75072         2048         180.006    307494912    307494912
       75072         4096         342.131    614989824    614989824
       75072         8192         686.884   1229979648   1229979648
       82560            1           3.099       165120       165120
       82560            2          16.928       330240       330240
       82560            4           4.053       660480       660480
       82560            8           2.861      1320960      1320960
       82560           16           4.053      2641920      2641920
       82560           32           5.960      5283840      5283840
       82560           64          10.967     10567680     10567680
       82560          128          20.981     21135360     21135360
       82560          256          35.048     42270720     42270720
       82560          512          61.035     84541440     84541440
       82560         1024         102.043    169082880    169082880
       82560         2048         205.994    338165760    338165760
       82560         4096         389.099    676331520    676331520
       82560         8192         782.967   1352663040   1352663040
       90816            1           3.099       181632       181632
       90816            2          10.967       363264       363264
       90816            4           2.146       726528       726528
       90816            8          14.067      1453056      1453056
       90816           16           5.007      2906112      2906112
       90816           32           8.106      5812224      5812224
       90816           64          11.921     11624448     11624448
       90816          128          21.219     23248896     23248896
       90816          256          41.962     46497792     46497792
       90816          512          61.035     92995584     92995584
       90816         1024         111.103    185991168    185991168
       90816         2048         216.007    371982336    371982336
       90816         4096         439.167    743964672    743964672
       90816         8192         839.949   1487929344   1487929344
       99840            1           2.861       199680       199680
       99840            2           1.907       399360       399360
       99840            4           3.099       798720       798720
       99840            8          13.113      1597440      1597440
       99840           16           4.053      3194880      3194880
       99840           32           7.153      6389760      6389760
       99840           64          13.113     12779520     12779520
       99840          128          22.173     25559040     25559040
       99840          256          46.968     51118080     51118080
       99840          512          61.989    102236160    102236160
       99840         1024         117.064    204472320    204472320
       99840         2048         245.094    408944640    408944640
       99840         4096         442.982    817889280    817889280
       99840         8192         908.136   1635778560   1635778560
      109824            1           3.815       219648       219648
      109824            2          11.921       439296       439296
      109824            4           3.099       878592       878592
      109824            8          14.067      1757184      1757184
      109824           16           5.960      3514368      3514368
      109824           32           7.868      7028736      7028736
      109824           64          15.020     14057472     14057472
      109824          128          25.988     28114944     28114944
      109824          256          46.968     56229888     56229888
      109824          512          71.049    112459776    112459776
      109824         1024         134.945    224919552    224919552
      109824         2048         260.830    449839104    449839104
      109824         4096         515.938    899678208    899678208
      109824         8192        1044.035   1799356416   1799356416
      120768            1           3.099       241536       241536
      120768            2          11.921       483072       483072
      120768            4           3.099       966144       966144
      120768            8          13.828      1932288      1932288
      120768           16           5.007      3864576      3864576
      120768           32           9.060      7729152      7729152
      120768           64          15.974     15458304     15458304
      120768          128          27.895     30916608     30916608
      120768          256          51.022     61833216     61833216
      120768          512          75.102    123666432    123666432
      120768         1024         144.005    247332864    247332864
      120768         2048         296.831    494665728    494665728
      120768         4096         554.800    989331456    989331456
      120768         8192        1123.905   1978662912   1978662912
      132672            1           3.815       265344       265344
      132672            2           1.907       530688       530688
      132672            4           4.053      1061376      1061376
      132672            8          14.067      2122752      2122752
      132672           16           5.960      4245504      4245504
      132672           32          10.014      8491008      8491008
      132672           64          15.974     16982016     16982016
      132672          128          30.994     33964032     33964032
      132672          256          51.022     67928064     67928064
      132672          512          82.016    135856128    135856128
      132672         1024         157.118    271712256    271712256
      132672         2048         307.083    543424512    543424512
      132672         4096         622.034   1086849024   1086849024
      145920            1           2.861       291840       291840
      145920            2           3.099       583680       583680
      145920            4           3.099      1167360      1167360
      145920            8          14.067      2334720      2334720
      145920           16           6.914      4669440      4669440
      145920           32          10.014      9338880      9338880
      145920           64          16.928     18677760     18677760
      145920          128          49.114     37355520     37355520
      145920          256          55.075     74711040     74711040
      145920          512          88.930    149422080    149422080
      145920         1024         170.946    298844160    298844160
      145920         2048         334.024    597688320    597688320
      145920         4096         677.824   1195376640   1195376640
      160512            1           5.007       321024       321024
      160512            2           2.861       642048       642048
      160512            4           3.099      1284096      1284096
      160512            8          12.875      2568192      2568192
      160512           16           5.960      5136384      5136384
      160512           32          10.014     10272768     10272768
      160512           64          17.881     20545536     20545536
      160512          128          33.855     41091072     41091072
      160512          256          56.982     82182144     82182144
      160512          512         115.156    164364288    164364288
      160512         1024         185.013    328728576    328728576
      160512         2048         359.058    657457152    657457152
      160512         4096         720.024   1314914304   1314914304
      176448            1           4.053       352896       352896
      176448            2           1.907       705792       705792
      176448            4           3.815      1411584      1411584
      176448            8          15.020      2823168      2823168
      176448           16           5.960      5646336      5646336
      176448           32          10.967     11292672     11292672
      176448           64          20.027     22585344     22585344
      176448          128          36.001     45170688     45170688
      176448          256          59.843     90341376     90341376
      176448          512         103.951    180682752    180682752
      176448         1024         226.021    361365504    361365504
      176448         2048         395.060    722731008    722731008
      176448         4096         797.987   1445462016   1445462016
      193920            1           4.053       387840       387840
      193920            2           1.907       775680       775680
      193920            4           4.053      1551360      1551360
      193920            8          13.828      3102720      3102720
      193920           16           7.153      6205440      6205440
      193920           32          13.113     12410880     12410880
      193920           64          22.173     24821760     24821760
      193920          128          45.061     49643520     49643520
      193920          256          82.016     99287040     99287040
      193920          512         118.017    198574080    198574080
      193920         1024         223.875    397148160    397148160
      193920         2048         449.896    794296320    794296320
      193920         4096         914.097   1588592640   1588592640
      213312            1           4.053       426624       426624
      213312            2          13.113       853248       853248
      213312            4           2.861      1706496      1706496
      213312            8          15.020      3412992      3412992
      213312           16           8.106      6825984      6825984
      213312           32          13.113     13651968     13651968
      213312           64          22.888     27303936     27303936
      213312          128          44.823     54607872     54607872
      213312          256          64.850    109215744    109215744
      213312          512         124.931    218431488    218431488
      213312         1024         244.141    436862976    436862976
      213312         2048         496.149    873725952    873725952
      213312         4096         967.979   1747451904   1747451904
      234624            1           5.007       469248       469248
      234624            2           3.099       938496       938496
      234624            4           5.960      1876992      1876992
      234624            8          15.020      3753984      3753984
      234624           16           7.868      7507968      7507968
      234624           32          14.067     15015936     15015936
      234624           64          25.988     30031872     30031872
      234624          128          50.068     60063744     60063744
      234624          256          69.857    120127488    120127488
      234624          512         134.230    240254976    240254976
      234624         1024         277.996    480509952    480509952
      234624         2048         520.945    961019904    961019904
      234624         4096        1041.889   1922039808   1922039808
      258048            1           4.768       516096       516096
      258048            2           3.099      1032192      1032192
      258048            4           4.053      2064384      2064384
      258048            8          12.159      4128768      4128768
      258048           16           8.821      8257536      8257536
      258048           32          14.067     16515072     16515072
      258048           64          25.988     33030144     33030144
      258048          128          50.068     66060288     66060288
      258048          256          76.056    132120576    132120576
      258048          512         147.104    264241152    264241152
      258048         1024         288.963    528482304    528482304
      258048         2048         581.980   1056964608   1056964608
      258048         4096        1142.979   2113929216   2113929216
      283776            1           5.007       567552       567552
      283776            2           5.007      1135104      1135104
      283776            4          38.862      2270208      2270208
      283776            8           5.007      4540416      4540416
      283776           16          10.014      9080832      9080832
      283776           32          15.974     18161664     18161664
      283776           64          30.994     36323328     36323328
      283776          128          46.968     72646656     72646656
      283776          256          82.970    145293312    145293312
      283776          512         161.886    290586624    290586624
      283776         1024         315.189    581173248    581173248
      283776         2048         641.108   1162346496   1162346496
      312000            1           4.053       624000       624000
      312000            2          14.067      1248000      1248000
      312000            4           4.053      2496000      2496000
      312000            8           5.007      4992000      4992000
      312000           16           9.060      9984000      9984000
      312000           32          16.928     19968000     19968000
      312000           64          31.948     39936000     39936000
      312000          128          55.790     79872000     79872000
      312000          256         113.964    159744000    159744000
      312000          512         181.913    319488000    319488000
      312000         1024         355.959    638976000    638976000
      312000         2048         718.117   1277952000   1277952000
      343104            1           5.960       686208       686208
      343104            2           5.007      1372416      1372416
      343104            4           3.815      2744832      2744832
      343104            8           7.153      5489664      5489664
      343104           16          10.967     10979328     10979328
      343104           32          17.166     21958656     21958656
      343104           64          34.094     43917312     43917312
      343104          128          59.843     87834624     87834624
      343104          256         100.851    175669248    175669248
      343104          512         215.054    351338496    351338496
      343104         1024         386.000    702676992    702676992
      343104         2048         777.006   1405353984   1405353984
      377280            1           5.960       754560       754560
      377280            2          14.067      1509120      1509120
      377280            4           5.007      3018240      3018240
      377280            8           6.914      6036480      6036480
      377280           16          10.967     12072960     12072960
      377280           32          20.981     24145920     24145920
      377280           64          41.008     48291840     48291840
      377280          128          60.081     96583680     96583680
      377280          256         128.031    193167360    193167360
      377280          512         214.100    386334720    386334720
      377280         1024         422.955    772669440    772669440
      377280         2048         852.108   1545338880   1545338880
      414912            1           8.106       829824       829824
      414912            2          14.067      1659648      1659648
      414912            4          17.881      3319296      3319296
      414912            8           7.868      6638592      6638592
      414912           16          13.113     13277184     13277184
      414912           32          39.101     26554368     26554368
      414912           64          44.107     53108736     53108736
      414912          128          64.135    106217472    106217472
      414912          256         119.925    212434944    212434944
      414912          512         234.842    424869888    424869888
      414912         1024         468.016    849739776    849739776
      414912         2048         922.918   1699479552   1699479552
      456384            1           6.914       912768       912768
      456384            2          15.974      1825536      1825536
      456384            4          15.974      3651072      3651072
      456384            8           7.868      7302144      7302144
      456384           16          13.113     14604288     14604288
      456384           32          25.034     29208576     29208576
      456384           64          48.876     58417152     58417152
      456384          128          69.141    116834304    116834304
      456384          256         130.892    233668608    233668608
      456384          512         253.916    467337216    467337216
      456384         1024         514.984    934674432    934674432
      456384         2048        1016.855   1869348864   1869348864
      501888            1           7.153      1003776      1003776
      501888            2          14.067      2007552      2007552
      501888            4           5.960      4015104      4015104
      501888            8           9.060      8030208      8030208
      501888           16          13.828     16060416     16060416
      501888           32          27.180     32120832     32120832
      501888           64          51.975     64241664     64241664
      501888          128          75.102    128483328    128483328
      501888          256         144.005    256966656    256966656
      501888          512         295.162    513933312    513933312
      501888         1024         571.966   1027866624   1027866624
      501888         2048        1123.190   2055733248   2055733248
      552000            1           7.868      1104000      1104000
      552000            2           4.053      2208000      2208000
      552000            4          16.928      4416000      4416000
      552000            8           9.060      8832000      8832000
      552000           16          14.067     17664000     17664000
      552000           32          28.133     35328000     35328000
      552000           64          54.121     70656000     70656000
      552000          128          82.970    141312000    141312000
      552000          256         182.152    282624000    282624000
      552000          512         312.090    565248000    565248000
      552000         1024         627.041   1130496000   1130496000
      607104            1           9.060      1214208      1214208
      607104            2           5.007      2428416      2428416
      607104            4          17.881      4856832      4856832
      607104            8           9.060      9713664      9713664
      607104           16          16.928     19427328     19427328
      607104           32          30.994     38854656     38854656
      607104           64          56.028     77709312     77709312
      607104          128          88.930    155418624    155418624
      607104          256         181.913    310837248    310837248
      607104          512         359.058    621674496    621674496
      607104         1024         678.778   1243348992   1243348992
      667776            1           9.060      1335552      1335552
      667776            2          15.974      2671104      2671104
      667776            4           7.153      5342208      5342208
      667776            8           9.060     10684416     10684416
      667776           16          16.928     21368832     21368832
      667776           32          30.041     42737664     42737664
      667776           64          57.936     85475328     85475328
      667776          128          97.990    170950656    170950656
      667776          256         188.112    341901312    341901312
      667776          512         394.821    683802624    683802624
      667776         1024         735.998   1367605248   1367605248
      734400            1          11.206      1468800      1468800
      734400            2           5.960      2937600      2937600
      734400            4          16.928      5875200      5875200
      734400            8          11.921     11750400     11750400
      734400           16          19.073     23500800     23500800
      734400           32          35.048     47001600     47001600
      734400           64          62.943     94003200     94003200
      734400          128         107.050    188006400    188006400
      734400          256         216.007    376012800    376012800
      734400          512         422.001    752025600    752025600
      734400         1024         823.021   1504051200   1504051200
      807744            1          10.967      1615488      1615488
      807744            2          15.974      3230976      3230976
      807744            4           5.960      6461952      6461952
      807744            8          10.967     12923904     12923904
      807744           16          20.981     25847808     25847808
      807744           32          36.955     51695616     51695616
      807744           64          69.141    103391232    103391232
      807744          128         117.064    206782464    206782464
      807744          256         226.021    413564928    413564928
      807744          512         463.963    827129856    827129856
      807744         1024         903.845   1654259712   1654259712
      888384            1          12.875      1776768      1776768
      888384            2          13.828      3553536      3553536
      888384            4           5.960      7107072      7107072
      888384            8          11.921     14214144     14214144
      888384           16          23.127     28428288     28428288
      888384           32          40.054     56856576     56856576
      888384           64          69.857    113713152    113713152
      888384          128         145.912    227426304    227426304
      888384          256         247.955    454852608    454852608
      888384          512         487.804    909705216    909705216
      888384         1024         981.808   1819410432   1819410432
      977088            1          13.113      1954176      1954176
      977088            2           5.960      3908352      3908352
      977088            4           6.914      7816704      7816704
      977088            8          14.067     15633408     15633408
      977088           16          25.034     31266816     31266816
      977088           32          49.114     62533632     62533632
      977088           64          73.910    125067264    125067264
      977088          128         138.998    250134528    250134528
      977088          256         274.897    500269056    500269056
      977088          512         553.846   1000538112   1000538112
      977088         1024        1083.851   2001076224   2001076224
     1074624            1          13.828      2149248      2149248
     1074624            2           6.914      4298496      4298496
     1074624            4           7.153      8596992      8596992
     1074624            8          14.067     17193984     17193984
     1074624           16          25.988     34387968     34387968
     1074624           32          51.975     68775936     68775936
     1074624           64         100.851    137551872    137551872
     1074624          128         154.018    275103744    275103744
     1074624          256         300.169    550207488    550207488
     1074624          512         603.914   1100414976   1100414976
     1181952            1          15.020      2363904      2363904
     1181952            2           5.960      4727808      4727808
     1181952            4           8.106      9455616      9455616
     1181952            8          13.828     18911232     18911232
     1181952           16          29.087     37822464     37822464
     1181952           32          54.121     75644928     75644928
     1181952           64          87.023    151289856    151289856
     1181952          128         167.131    302579712    302579712
     1181952          256         348.091    605159424    605159424
     1181952          512         648.022   1210318848   1210318848
     1300032            1          16.928      2600064      2600064
     1300032            2          15.020      5200128      5200128
     1300032            4           7.868     10400256     10400256
     1300032            8          15.974     20800512     20800512
     1300032           16          32.187     41601024     41601024
     1300032           32          57.936     83202048     83202048
     1300032           64          94.891    166404096    166404096
     1300032          128         183.105    332808192    332808192
     1300032          256         376.940    665616384    665616384
     1300032          512         711.918   1331232768   1331232768
     1430016            1          17.881      2860032      2860032
     1430016            2           8.106      5720064      5720064
     1430016            4          11.206     11440128     11440128
     1430016            8          17.166     22880256     22880256
     1430016           16          36.955     45760512     45760512
     1430016           32          61.989     91521024     91521024
     1430016           64         102.997    183042048    183042048
     1430016          128         198.841    366084096    366084096
     1430016          256         411.987    732168192    732168192
     1430016          512         778.913   1464336384   1464336384
     1572864            1          32.902      3145728      3145728
     1572864            2           5.960      6291456      6291456
     1572864            4          10.967     12582912     12582912
     1572864            8          20.027     25165824     25165824
     1572864           16          37.909     50331648     50331648
     1572864           32          66.042    100663296    100663296
     1572864           64         114.202    201326592    201326592
     1572864          128         222.921    402653184    402653184
     1572864          256         447.989    805306368    805306368
     1572864          512         870.943   1610612736   1610612736
     1730112            1          20.981      3460224      3460224
     1730112            2           5.960      6920448      6920448
     1730112            4          10.014     13840896     13840896
     1730112            8          20.027     27681792     27681792
     1730112           16          40.770     55363584     55363584
     1730112           32          73.910    110727168    110727168
     1730112           64         122.786    221454336    221454336
     1730112          128         261.068    442908672    442908672
     1730112          256         474.930    885817344    885817344
     1730112          512         957.966   1771634688   1771634688
     1903104            1          34.094      3806208      3806208
     1903104            2          30.994      7612416      7612416
     1903104            4          12.159     15224832     15224832
     1903104            8          21.935     30449664     30449664
     1903104           16          42.915     60899328     60899328
     1903104           32          76.056    121798656    121798656
     1903104           64         135.899    243597312    243597312
     1903104          128         263.929    487194624    487194624
     1903104          256         536.203    974389248    974389248
     1903104          512        1049.042   1948778496   1948778496
     2093376            1          36.001      4186752      4186752
     2093376            2           6.914      8373504      8373504
     2093376            4          13.113     16747008     16747008
     2093376            8          26.226     33494016     33494016
     2093376           16          47.922     66988032     66988032
     2093376           32          77.963    133976064    133976064
     2093376           64         147.104    267952128    267952128
     2093376          128         307.083    535904256    535904256
     2093376          256         572.205   1071808512   1071808512
     2093376          512        1156.092   2143617024   2143617024
     2302656            1          33.855      4605312      4605312
     2302656            2           8.106      9210624      9210624
     2302656            4          14.067     18421248     18421248
     2302656            8          26.941     36842496     36842496
     2302656           16          53.883     73684992     73684992
     2302656           32          84.877    147369984    147369984
     2302656           64         171.185    294739968    294739968
     2302656          128         334.978    589479936    589479936
     2302656          256         627.995   1178959872   1178959872
     2532864            1          41.008      5065728      5065728
     2532864            2           9.060     10131456     10131456
     2532864            4          15.974     20262912     20262912
     2532864            8          28.133     40525824     40525824
     2532864           16          58.174     81051648     81051648
     2532864           32          92.983    162103296    162103296
     2532864           64         185.013    324206592    324206592
     2532864          128         365.019    648413184    648413184
     2532864          256         689.983   1296826368   1296826368
     2786112            1          36.955      5572224      5572224
     2786112            2           9.060     11144448     11144448
     2786112            4          17.881     22288896     22288896
     2786112            8          31.948     44577792     44577792
     2786112           16          61.989     89155584     89155584
     2786112           32          99.897    178311168    178311168
     2786112           64         193.834    356622336    356622336
     2786112          128         408.888    713244672    713244672
     2786112          256         759.125   1426489344   1426489344
     3064704            1          57.936      6129408      6129408
     3064704            2          10.014     12258816     12258816
     3064704            4          20.027     24517632     24517632
     3064704            8          36.001     49035264     49035264
     3064704           16          66.996     98070528     98070528
     3064704           32         110.149    196141056    196141056
     3064704           64         221.968    392282112    392282112
     3064704          128         438.929    784564224    784564224
     3064704          256         832.081   1569128448   1569128448
     3371136            1          52.929      6742272      6742272
     3371136            2          10.967     13484544     13484544
     3371136            4          20.981     26969088     26969088
     3371136            8          40.054     53938176     53938176
     3371136           16          70.810    107876352    107876352
     3371136           32         120.878    215752704    215752704
     3371136           64         234.127    431505408    431505408
     3371136          128         475.883    863010816    863010816
     3371136          256         930.071   1726021632   1726021632
     3708096            1          54.121      7416192      7416192
     3708096            2          10.967     14832384     14832384
     3708096            4          22.888     29664768     29664768
     3708096            8          43.154     59329536     59329536
     3708096           16          76.056    118659072    118659072
     3708096           32         151.157    237318144    237318144
     3708096           64         257.015    474636288    474636288
     3708096          128         506.163    949272576    949272576
     3708096          256        1022.100   1898545152   1898545152
     4078848            1          56.982      8157696      8157696
     4078848            2          12.875     16315392     16315392
     4078848            4          25.034     32630784     32630784
     4078848            8          46.015     65261568     65261568
     4078848           16          77.009    130523136    130523136
     4078848           32         144.958    261046272    261046272
     4078848           64         281.096    522092544    522092544
     4078848          128         571.966   1044185088   1044185088
     4078848          256        1119.852   2088370176   2088370176
     4486656            1          60.797      8973312      8973312
     4486656            2          14.067     17946624     17946624
     4486656            4          26.941     35893248     35893248
     4486656            8          49.114     71786496     71786496
     4486656           16          86.069    143572992    143572992
     4486656           32         158.072    287145984    287145984
     4486656           64         308.037    574291968    574291968
     4486656          128         626.087   1148583936   1148583936
     4935168            1          61.989      9870336      9870336
     4935168            2          15.974     19740672     19740672
     4935168            4          27.895     39481344     39481344
     4935168            8          56.028     78962688     78962688
     4935168           16          90.122    157925376    157925376
     4935168           32         190.973    315850752    315850752
     4935168           64         339.031    631701504    631701504
     4935168          128         686.884   1263403008   1263403008
     5428608            1          70.095     10857216     10857216
     5428608            2          17.166     21714432     21714432
     5428608            4          29.802     43428864     43428864
     5428608            8          61.035     86857728     86857728
     5428608           16          98.944    173715456    173715456
     5428608           32         189.066    347430912    347430912
     5428608           64         408.173    694861824    694861824
     5428608          128         754.118   1389723648   1389723648
     5971392            1          77.963     11942784     11942784
     5971392            2          18.120     23885568     23885568
     5971392            4          32.187     47771136     47771136
     5971392            8          66.042     95542272     95542272
     5971392           16         107.050    191084544    191084544
     5971392           32         206.947    382169088    382169088
     5971392           64         426.054    764338176    764338176
     5971392          128         826.120   1528676352   1528676352
     6568512            1          82.016     13137024     13137024
     6568512            2          19.073     26274048     26274048
     6568512            4          33.855     52548096     52548096
     6568512            8          69.857    105096192    105096192
     6568512           16         117.064    210192384    210192384
     6568512           32         247.002    420384768    420384768
     6568512           64         451.088    840769536    840769536
     6568512          128         907.898   1681539072   1681539072
     7225344            1          93.937     14450688     14450688
     7225344            2          20.981     28901376     28901376
     7225344            4          37.909     57802752     57802752
     7225344            8          95.844    115605504    115605504
     7225344           16         129.938    231211008    231211008
     7225344           32         252.008    462422016    462422016
     7225344           64         496.149    924844032    924844032
     7225344          128        1004.934   1849688064   1849688064
     7947840            1         104.904     15895680     15895680
     7947840            2          22.888     31791360     31791360
     7947840            4          42.915     63582720     63582720
     7947840            8          79.870    127165440    127165440
     7947840           16         141.859    254330880    254330880
     7947840           32         277.996    508661760    508661760
     7947840           64         566.959   1017323520   1017323520
     7947840          128        1111.984   2034647040   2034647040
     8742528            1         104.189     17485056     17485056
     8742528            2          28.133     34970112     34970112
     8742528            4          54.836     69940224     69940224
     8742528            8         105.143    139880448    139880448
     8742528           16         209.808    279760896    279760896
     8742528           32         433.207    559521792    559521792
     8742528           64         826.836   1119043584   1119043584
     9616704            1         144.958     19233408     19233408
     9616704            2          36.001     38466816     38466816
     9616704            4          56.982     76933632     76933632
     9616704            8         115.156    153867264    153867264
     9616704           16         226.974    307734528    307734528
     9616704           32         455.856    615469056    615469056
     9616704           64         924.110   1230938112   1230938112
    10578240            1         132.084     21156480     21156480
    10578240            2          33.140     42312960     42312960
    10578240            4          62.943     84625920     84625920
    10578240            8         144.005    169251840    169251840
    10578240           16         251.055    338503680    338503680
    10578240           32         497.103    677007360    677007360
    10578240           64        1011.848   1354014720   1354014720
    11635968            1         135.899     23271936     23271936
    11635968            2          32.187     46543872     46543872
    11635968            4          61.035     93087744     93087744
    11635968            8         104.904    186175488    186175488
    11635968           16         224.113    372350976    372350976
    11635968           32         404.119    744701952    744701952
    11635968           64         815.153   1489403904   1489403904
    12799488            1         164.986     25598976     25598976
    12799488            2          36.001     51197952     51197952
    12799488            4          66.042    102395904    102395904
    12799488            8         116.110    204791808    204791808
    12799488           16         243.902    409583616    409583616
    12799488           32         443.935    819167232    819167232
    12799488           64         895.977   1638334464   1638334464
    14079360            1         174.046     28158720     28158720
    14079360            2          60.081     56317440     56317440
    14079360            4          73.910    112634880    112634880
    14079360            8         128.031    225269760    225269760
    14079360           16         246.048    450539520    450539520
    14079360           32         485.182    901079040    901079040
    14079360           64         983.953   1802158080   1802158080
    15487296            1         190.020     30974592     30974592
    15487296            2          41.962     61949184     61949184
    15487296            4          81.062    123898368    123898368
    15487296            8         139.952    247796736    247796736
    15487296           16         291.824    495593472    495593472
    15487296           32         540.018    991186944    991186944
    15487296           64        1078.129   1982373888   1982373888
    17035968            1         234.842     34071936     34071936
    17035968            2          55.075     68143872     68143872
    17035968            4          86.069    136287744    136287744
    17035968            8         154.972    272575488    272575488
    17035968           16         297.070    545150976    545150976
    17035968           32         603.199   1090301952   1090301952
    18739392            1         229.836     37478784     37478784
    18739392            2          56.982     74957568     74957568
    18739392            4          97.990    149915136    149915136
    18739392            8         188.112    299830272    299830272
    18739392           16         327.110    599660544    599660544
    18739392           32         666.142   1199321088   1199321088
    20613312            1         243.902     41226624     41226624
    20613312            2          65.088     82453248     82453248
    20613312            4         104.904    164906496    164906496
    20613312            8         185.966    329812992    329812992
    20613312           16         383.139    659625984    659625984
    20613312           32         710.964   1319251968   1319251968
    22674624            1         259.161     45349248     45349248
    22674624            2          77.009     90698496     90698496
    22674624            4         114.918    181396992    181396992
    22674624            8         211.954    362793984    362793984
    22674624           16         432.968    725587968    725587968
    22674624           32         825.882   1451175936   1451175936
    24941952            1         255.108     49883904     49883904
    24941952            2          94.175     99767808     99767808
    24941952            4         133.991    199535616    199535616
    24941952            8         273.943    399071232    399071232
    24941952           16         482.082    798142464    798142464
    24941952           32         969.172   1596284928   1596284928
    27436032            1         208.139     54872064     54872064
    27436032            2         131.130    109744128    109744128
    27436032            4         165.939    219488256    219488256
    27436032            8         303.984    438976512    438976512
    27436032           16         613.928    877953024    877953024
    27436032           32        1191.139   1755906048   1755906048
    30179520            1         195.026     60359040     60359040
    30179520            2         149.012    120718080    120718080
    30179520            4         216.007    241436160    241436160
    30179520            8         402.212    482872320    482872320
    30179520           16         813.007    965744640    965744640
    30179520           32        1605.988   1931489280   1931489280
    33197376            1         328.064     66394752     66394752
    33197376            2         179.052    132789504    132789504
    33197376            4         259.161    265579008    265579008
    33197376            8         508.070    531158016    531158016
    33197376           16        1030.922   1062316032   1062316032
    33197376           32        2059.937   2124632064   2124632064
    36517056            1         211.000     73034112     73034112
    36517056            2         174.999    146068224    146068224
    36517056            4         302.076    292136448    292136448
    36517056            8         617.981    584272896    584272896
    36517056           16        1219.034   1168545792   1168545792
    40168704            1         225.782     80337408     80337408
    40168704            2         202.894    160674816    160674816
    40168704            4         344.038    321349632    321349632
    40168704            8         699.043    642699264    642699264
    40168704           16        1380.920   1285398528   1285398528
    44185536            1         272.989     88371072     88371072
    44185536            2         251.055    176742144    176742144
    44185536            4         397.921    353484288    353484288
    44185536            8         769.138    706968576    706968576
    44185536           16        1556.158   1413937152   1413937152
    48604032            1         306.845     97208064     97208064
    48604032            2         288.963    194416128    194416128
    48604032            4         425.100    388832256    388832256
    48604032            8         860.929    777664512    777664512
    48604032           16        1722.097   1555329024   1555329024
    53464320            1         328.064    106928640    106928640
    53464320            2         361.204    213857280    213857280
    53464320            4         495.911    427714560    427714560
    53464320            8        1019.955    855429120    855429120
    53464320           16        1981.974   1710858240   1710858240
    58810752            1         367.165    117621504    117621504
    58810752            2         441.074    235243008    235243008
    58810752            4         648.975    470486016    470486016
    58810752            8        1228.094    940972032    940972032
    58810752           16        2477.884   1881944064   1881944064
    64691712            1         431.061    129383424    129383424
    64691712            2         566.006    258766848    258766848
    64691712            4         792.027    517533696    517533696
    64691712            8        1512.051   1035067392   1035067392
    64691712           16        3014.088   2070134784   2070134784
    71160768            1         489.950    142321536    142321536
    71160768            2         679.016    284643072    284643072
    71160768            4         991.821    569286144    569286144
    71160768            8        1914.024   1138572288   1138572288
    78276672            1         571.966    156553344    156553344
    78276672            2         808.954    313106688    313106688
    78276672            4        1350.164    626213376    626213376
    78276672            8        2665.043   1252426752   1252426752
    86104320            1         628.948    172208640    172208640
    86104320            2        1020.193    344417280    344417280
    86104320            4        1793.146    688834560    688834560
    86104320            8        3482.103   1377669120   1377669120
    94714752            1         747.204    189429504    189429504
    94714752            2        1237.154    378859008    378859008
    94714752            4        2240.896    757718016    757718016
    94714752            8        4385.948   1515436032   1515436032
   104186112            1         866.890    208372224    208372224
   104186112            2        1462.936    416744448    416744448
   104186112            4        2702.951    833488896    833488896
   104186112            8        5316.019   1666977792   1666977792
   114604608            1         942.945    229209216    229209216
   114604608            2        1666.784    458418432    458418432
   114604608            4        3169.060    916836864    916836864
   114604608            8        6247.044   1833673728   1833673728
   126064896            1        1087.189    252129792    252129792
   126064896            2        1973.152    504259584    504259584
   126064896            4        3684.044   1008519168   1008519168
   126064896            8        7244.110   2017038336   2017038336
   138671232            1        1202.106    277342464    277342464
   138671232            2        2196.074    554684928    554684928
   138671232            4        4228.115   1109369856   1109369856
   152538240            1        1363.993    305076480    305076480
   152538240            2        2521.992    610152960    610152960
   152538240            4        4806.995   1220305920   1220305920
   167792064            1        1520.872    335584128    335584128
   167792064            2        2821.922    671168256    671168256
   167792064            4        5507.946   1342336512   1342336512
   184571136            1        1711.845    369142272    369142272
   184571136            2        3191.948    738284544    738284544
   184571136            4        6233.931   1476569088   1476569088
   203028096            1        1871.109    406056192    406056192
   203028096            2        3562.927    812112384    812112384
   203028096            4        7032.871   1624224768   1624224768
   223330752            1        2125.978    446661504    446661504
   223330752            2        4004.955    893323008    893323008
   223330752            4        7831.097   1786646016   1786646016
   245663808            1        2342.939    491327616    491327616
   245663808            2        4529.953    982655232    982655232
   245663808            4        8985.996   1965310464   1965310464
   270230016            1        2652.884    540460032    540460032
   270230016            2        5061.865   1080920064   1080920064
   297252864            1        2945.900    594505728    594505728
   297252864            2        5664.110   1189011456   1189011456
   326978112            1        3212.929    653956224    653956224
   326978112            2        6206.036   1307912448   1307912448
   359675904            1        3584.862    719351808    719351808
   359675904            2        7001.877   1438703616   1438703616
   395643456            1        3962.994    791286912    791286912
   395643456            2        7674.932   1582573824   1582573824
   435207744            1        4370.928    870415488    870415488
   435207744            2        8603.096   1740830976   1740830976
   478728384            1        4822.969    957456768    957456768
   478728384            2        9464.025   1914913536   1914913536
   526601088            1        5319.834   1053202176   1053202176
   526601088            2       10509.968   2106404352   2106404352
   579261120            1        5931.854   1158522240   1158522240
   637187136            1        6608.963   1274374272   1274374272
   700905792            1        7295.132   1401811584   1401811584
   770996352            1        8032.084   1541992704   1541992704
   848095872            1        8984.089   1696191744   1696191744
   932905344            1        9841.919   1865810688   1865810688
  1026195840            1       10924.101   2052391680   2052391680

META_DATA
FLOPS          16
MPI_PROCS      1
OPENMP_THREADS 24
ERT_VERSION  1.1.0
HOSTNAME  ('deepv.deep', [], ['10.2.8.6'])
UNAME  uname_result(system='Linux', node='deepv', release='4.18.0-372.32.1.el8_6.x86_64', version='#1 SMP Thu Oct 27 15:18:36 UTC 2022', machine='x86_64')
TIMESTAMP_DATA  1673470301.7725708
CONFIG  {'ERT_RESULTS': ['Results.cn.deep.fz-juelich.de.01'], 'ERT_DRIVER': ['driver1'], 'ERT_KERNEL': ['kernel1'], 'ERT_MPI': ['True'], 'ERT_MPI_CFLAGS': ['-I', '/p/deep/software/skylake/Stages/2022/software/psmpi/5.5.0-1-intel-compilers-2021.4.0/include'], 'ERT_MPI_LDFLAGS': ['-L', '/p/deep/software/skylake/Stages/2022/software/psmpi/5.5.0-1-intel-compilers-2021.4.0/lib', '-lmpi'], 'ERT_OPENMP': ['True'], 'ERT_OPENMP_CFLAGS': ['-qopenmp'], 'ERT_OPENMP_LDFLAGS': ['-qopenmp'], 'ERT_FLOPS': ['1,2,4,8,16,64,128'], 'ERT_ALIGN': ['64'], 'ERT_CC': ['icpc'], 'ERT_CFLAGS': ['-O3', '-fno-alias', '-fno-fnalias', '-xCore-AVX512', '-qopt-zmm-usage=high', '-DERT_INTEL'], 'ERT_LD': ['icpc'], 'ERT_LDFLAGS': [], 'ERT_LDLIBS': [], 'ERT_PRECISION': ['FP64'], 'ERT_RUN': ['export', 'OMP_NUM_THREADS=ERT_OPENMP_THREADS;', 'export', 'OMP_PLACES="cores";', 'srun', '-p', 'dp-cn', '-n', 'ERT_MPI_PROCS', '-c', '48', '--ntasks-per-node', '1', 'ERT_CODE'], 'ERT_PROCS_THREADS': ['24'], 'ERT_MPI_PROCS': ['1'], 'ERT_OPENMP_THREADS': ['24'], 'ERT_NUM_EXPERIMENTS': ['5'], 'ERT_MEMORY_MAX': ['1073741824'], 'ERT_WORKING_SET_MIN': ['128'], 'ERT_TRIALS_MIN': ['1'], 'ERT_GNUPLOT': ['gnuplot'], 'ERT_GPU': [False], 'ERT_HIP': [False], 'ERT_OCL': [False], 'ERT_SYCL': [False], 'ERT_WSS_MULT': [1.1]}
