fp64
 1024 1048576 185605.118 186497.025 192453.598 11.158448947262603 11.514841311811812 11.570174740547834 1.3948061184078253 1.4393551639764766 1.4462718425684793
 1120 524288 97199.104 97229.82 97714.142 12.018783524702085 12.078651590633408 12.082468579134227 1.5023479405877607 1.509831448829176 1.5103085723917784
 1232 524288 98807.838 98844.673 99373.055 12.999958912403368 13.069451218681255 13.074323435758203 1.624994864050421 1.633681402335157 1.6342904294697753
 1352 524288 97215.485 97232.895 97763.359 14.50108472643621 14.580196876787427 14.582807996071818 1.8126355908045262 1.8225246095984284 1.8228509995089772
 1480 524288 98829.315 98863.106 99336.189 15.622629533331503 15.697387456145671 15.702754592602407 1.952828691666438 1.962173432018209 1.9628443240753009
 1624 524288 97241.15 97262.589 97776.611 17.416101934643656 17.50814410255931 17.512004166960182 2.177012741830457 2.1885180128199138 2.1890005208700227
 1784 524288 99039.23 99059.616 99601.41 18.781456848853846 18.884179643902517 18.888066718612414 2.347682106106731 2.3605224554878146 2.361008339826552
 1960 524288 98977.791 99021.828 99493.889 20.656635102483527 20.75511027730169 20.764344599284904 2.582079387810441 2.594388784662711 2.595543074910613
 2152 262144 48433.151 48446.465 48707.584 23.16410881722238 23.28895980336233 23.295361807039974 2.8955136021527976 2.9111199754202914 2.9119202258799968
 2360 262144 48396.29 48401.409 48653.313 25.431355106280222 25.56371199854946 25.566415938081203 3.1789193882850277 3.1954639998186827 3.1958019922601504
 2592 262144 48395.264 48412.67 48667.648 27.923159467250194 28.070224096295455 28.080319925519984 3.4903949334062743 3.508778012036932 3.510039990689998
 2848 262144 48391.167 48396.32 48673.794 30.677128312619313 30.853011633942415 30.856297059337297 3.834641039077414 3.856626454242802 3.857037132417162
 3128 262144 48292.866 48304.127 48563.202 33.76986682220831 33.95098857702158 33.95890531740236 4.221233352776038 4.243873572127698 4.244863164675295
 3440 262144 48376.831 48387.074 48642.048 37.07801776767294 37.27339909001317 37.28129112053661 4.634752220959117 4.659174886251646 4.660161390067076
 3784 262144 49031.17 49053.726 49298.431 40.24277754397498 40.44352903997547 40.4621344340753 5.030347192996873 5.055441129996934 5.057766804259413
 4160 131072 24246.271 24256.512 24378.368 44.73306170454069 44.957784532252624 44.97677354179535 5.591632713067586 5.619723066531578 5.622096692724419
 4576 131072 24610.847 24624.128 24742.912 48.48139717750279 48.71526593753898 48.7415546486474 6.060174647187849 6.0894082421923725 6.092694331080925
 5032 131072 25198.591 25217.024 25336.832 52.06288647294185 52.31024120847884 52.34850662880318 6.507860809117731 6.538780151059855 6.543563328600397
 5528 131072 25825.279 25828.352 25964.544 55.81195772203817 56.106252230107444 56.11292842179944 6.976494715254772 7.0132815287634305 7.01411605272493
 6080 131072 26580.992 26588.127 26720.257 59.64895921472612 59.945385397023266 59.961476230834435 7.456119901840765 7.493173174627908 7.495184528854304
 6688 131072 27429.888 27438.08 27579.391 63.56989797200381 63.897294271319275 63.91637734722067 7.946237246500476 7.987161783914909 7.989547168402583
 7352 131072 29331.455 29339.647 29496.321 65.33976518630917 65.68868016714721 65.70702639879269 8.167470648288646 8.211085020893401 8.213378299849087
 8080 131072 30224.384 30238.625 30393.345 69.69037202058543 70.04695220103427 70.07995663369022 8.711296502573179 8.755869025129284 8.759994579211277
 8888 65536 15099.904 15107.104 15190.016 76.69300256168263 77.11391514879358 77.15068493150685 9.586625320210329 9.639239393599198 9.643835616438356
 9776 65536 15098.784 15110.144 15190.016 84.35539975731427 84.80130116562754 84.86510383882569 10.544424969664284 10.600162645703442 10.608137979853211
 10752 65536 15098.88 15108.128 15180.8 92.83345699831366 93.27999762776699 93.33713123092575 11.604182124789208 11.659999703470874 11.667141403865719
 11824 65536 15101.952 15106.016 15182.88 102.07518784314966 102.594577418692 102.62218605912666 12.759398480393708 12.8243221773365 12.827773257390833
 13000 65536 15097.856 15105.024 15178.752 112.25797746744922 112.80591146362958 112.85946825827455 14.032247183431153 14.100738932953698 14.107433532284318
 14296 65536 15098.88 15105.024 15184.896 123.39928518443591 124.05179309877296 124.10227195659547 15.424910648054489 15.50647413734662 15.512783994574434
 15720 65536 15106.048 15110.208 15191.04 135.6359959555106 136.36158019796946 136.3991323210412 16.954499494438824 17.045197524746182 17.04989154013015
 17288 32768 7557.12 7565.312 7600.128 149.07464295338187 149.76069301570115 149.92303523035233 18.634330369172734 18.720086626962644 18.74037940379404
 19016 32768 7560.192 7563.264 7604.224 163.88688392135737 164.77443812618466 164.84139238791818 20.48586049016967 20.596804765773083 20.605174048489772
 20912 32768 7555.008 7562.24 7598.08 180.37304582210243 181.22789438050103 181.40137402898844 22.546630727762803 22.65348679756263 22.675171753623555
 23000 32768 7555.072 7564.288 7606.272 198.1690899299946 199.2689860565859 199.512062889672 24.771136241249327 24.908623257073238 24.939007861209
 25296 32768 7560.128 7566.336 7605.248 217.98088057089 219.10190824198133 219.2818237998087 27.24761007136125 27.387738530247667 27.410227974976088
 27824 32768 7557.12 7565.248 7602.176 239.86206896551724 241.03289991286474 241.2921409214092 29.982758620689655 30.129112489108092 30.16151761517615
 30600 32768 7565.312 7569.44 7603.2 263.75757575757575 264.93394491534383 265.0785056848944 32.96969696969697 33.11674311441798 33.1348132106118
 33656 16384 3788.8 3798.016 3810.304 289.43617307175487 290.3726071717444 291.0789189189189 36.17952163396936 36.29657589646805 36.38486486486486
 37016 16384 3790.848 3791.872 3812.352 318.160623153371 319.8790170132325 319.96542409508373 39.77007789417137 39.98487712665406 39.99567801188547
 40712 16384 3788.8 3793.92 3813.376 349.8345864661654 351.6286099865047 352.10378378378374 43.72932330827067 43.95357624831309 44.01297297297297
 44776 16384 3794.944 3805.184 3814.4 384.6528859060403 385.58449946178683 386.6249325418241 48.08161073825504 48.198062432723354 48.32811656772801
 49248 16384 3799.04 3800.064 3815.424 422.95652173913044 424.66612772837516 424.78059299191375 52.869565217391305 53.083265966046895 53.09757412398922
 54168 16384 3798.016 3803.136 3815.36 465.2187536693785 466.71405492730213 467.34321919654894 58.15234420867231 58.339256865912766 58.41790239956862
 59584 16384 3795.968 3807.232 3814.4 511.86255033557046 512.8262506724045 514.3479902886431 63.98281879194631 64.10328133405056 64.29349878608039
 65536 16384 3789.824 3805.184 3815.424 562.8427267847558 564.357373519914 566.6446906241556 70.35534084809447 70.54467168998924 70.83058632801945
 72088 8192 1903.616 1915.904 1917.952 615.8077949813135 616.466060929984 620.4454007530932 76.97597437266418 77.058257616248 77.55567509413665
 79296 8192 1907.808 1910.784 1918.976 677.0202774813232 679.9228295819935 680.9834448749559 84.6275346851654 84.99035369774919 85.12293060936949
 87224 8192 1906.688 1911.776 1916.928 745.5042735042736 747.5133153674908 749.5080558539205 93.1880341880342 93.43916442093635 93.68850698174006
 95944 8192 1905.664 1907.712 1920.0 818.7221333333333 823.9957058507783 824.8812466415906 102.34026666666666 102.99946323134729 103.11015583019882
 105536 8192 1909.76 1912.832 1918.912 901.0844812060167 903.9486081370449 905.4026809651475 112.63556015075208 112.99357601713061 113.17533512064344
 116088 8192 1906.688 1909.824 1917.952 991.6753870795516 995.8958479943701 997.5338345864661 123.95942338494395 124.48698099929626 124.69172932330827
 127696 8192 1908.832 1911.808 1920.0 1089.6725333333334 1094.3417246920192 1096.0478784932357 136.20906666666667 136.7927155865024 137.00598481165446
 140464 4096 959.488 963.552 1092.608 1053.1508903467668 1194.2075653415695 1199.265741728922 131.64386129334585 149.2759456676962 149.90821771611525
 154504 4096 960.512 964.608 1079.296 1172.7058823529412 1312.135881104034 1317.7313432835822 146.58823529411765 164.01698513800426 164.71641791044777
 169952 4096 960.512 967.68 1078.272 1291.1832858499524 1438.74708994709 1449.4840085287847 161.39791073124405 179.84338624338625 181.18550106609808
 186944 4096 962.56 967.68 1081.344 1416.242424242424 1582.5947089947092 1591.012765957447 177.030303030303 197.82433862433865 198.87659574468088
 205632 4096 961.568 972.8 1084.416 1553.4050991501417 1731.6378947368423 1751.8650204665712 194.17563739376772 216.4547368421053 218.9831275583214
 226192 4096 968.704 972.8 1087.488 1703.894538606403 1904.7747368421055 1912.8287526427064 212.9868173258004 238.0968421052632 239.1035940803383
 248808 4096 969.76 974.848 1089.536 1870.736842105263 2090.823529411765 2101.793367431117 233.84210526315786 261.3529411764706 262.72417092888963
 273688 2048 556.032 560.128 561.152 1997.722627737226 2001.3747714808044 2016.1178637200737 249.71532846715326 250.17184643510055 252.01473296500922
 301056 2048 573.44 573.44 576.512 2138.941385435169 2150.4 2150.4 267.36767317939615 268.8 268.8
 331160 2048 748.544 751.616 754.688 1797.3405698778834 1804.6866485013625 1812.093023255814 224.66757123473542 225.5858310626703 226.51162790697674
 364272 2048 996.352 998.4 1000.448 1491.3899692937566 1494.4492307692308 1497.5210688591983 186.42374616171958 186.80615384615385 187.1901336073998
 400696 2048 991.232 997.408 1000.448 1640.5158648925283 1645.5159934550354 1655.7685950413224 205.06448311156603 205.68949918187943 206.9710743801653
 440760 2048 994.272 998.4 1001.472 1802.6993865030674 1808.246153846154 1815.7535966013324 225.33742331288343 226.03076923076924 226.96919957516656
 484832 2048 998.4 1000.448 1001.472 1982.9529652351737 1984.982599795292 1989.054358974359 247.8691206543967 248.1228249744115 248.63179487179488
 533312 1024 505.856 506.88 508.928 2146.124748490946 2154.795959595959 2159.157894736842 268.26559356136823 269.3494949494949 269.89473684210526
 586640 1024 512.992 515.072 517.152 2323.1829713507827 2332.564612326044 2342.022331732269 290.39787141884784 291.5705765407555 292.7527914665336
 645304 1024 525.312 526.336 529.408 2496.3404255319147 2510.910505836576 2515.805068226121 312.04255319148933 313.863813229572 314.4756335282651
 709832 1024 695.296 695.328 697.344 2084.6754772393538 2090.7196833724515 2090.8159057437406 260.5844346549192 261.33996042155644 261.3519882179676
 780808 1024 695.296 697.344 704.512 2269.790697674419 2293.12187958884 2299.8762886597938 283.72383720930236 286.640234948605 287.4845360824742
 858888 1024 697.344 698.368 698.368 2518.733137829912 2518.733137829912 2522.431718061674 314.841642228739 314.841642228739 315.30396475770925
 944776 1024 711.68 713.728 713.728 2710.978479196557 2710.978479196557 2718.7798561151085 338.87230989956964 338.87230989956964 339.84748201438856
 1039248 1024 929.792 931.84 932.864 2281.554335894621 2284.0615384615385 2289.0925110132157 285.19429198682764 285.5076923076923 286.13656387665196
 1143168 512 471.04 472.064 473.088 2474.38961038961 2479.75704989154 2485.1478260869562 309.29870129870125 309.9696312364425 310.64347826086953
 1257480 512 476.128 477.184 479.232 2686.923076923077 2698.4549356223174 2704.439814503663 335.86538461538464 337.3068669527897 338.0549768129579
 1383224 512 590.848 591.872 593.952 2384.7404773449703 2393.1211072664364 2397.2686308492202 298.0925596681213 299.14013840830455 299.65857885615253
 1521544 512 592.896 593.92 598.016 2605.383561643836 2623.3517241379313 2627.882556131261 325.6729452054795 327.9189655172414 328.4853195164076
 1673696 512 710.656 710.656 713.728 2401.2855093256817 2411.6657060518733 2411.6657060518733 300.1606886657102 301.45821325648416 301.45821325648416
 1841064 512 713.728 715.776 716.8 2630.0914285714284 2633.8540772532187 2641.4117647058824 328.76142857142855 329.23175965665234 330.1764705882353
 2025168 512 832.512 834.56 835.584 2481.823529411765 2484.868711656442 2490.981549815498 310.2279411764706 310.60858895705525 311.37269372693726
 2227680 256 423.936 427.008 428.032 2664.6889952153115 2671.079136690648 2690.434782608696 333.08612440191393 333.884892086331 336.304347826087
 2450448 256 482.304 484.352 484.352 2590.325581395349 2590.325581395349 2601.3248407643314 323.79069767441865 323.79069767441865 325.1656050955414
 2695488 256 542.72 543.744 545.792 2528.6003752345214 2538.124293785311 2542.9132075471693 316.0750469043152 317.26553672316385 317.86415094339617
 2965032 256 600.064 601.088 603.136 2517.005093378608 2525.580919931857 2529.890784982935 314.625636672326 315.6976149914821 316.2363481228669
 3261528 256 611.328 612.352 614.4 2717.94 2727.0301003344484 2731.597989949749 339.7425 340.87876254180605 341.4497487437186
 3587680 256 673.792 673.792 673.824 2726.071140238401 2726.2006079027356 2726.2006079027356 340.7588925298001 340.77507598784194 340.77507598784194
 3946448 256 777.184 778.24 779.264 2592.9356110381077 2596.3473684210526 2599.875159550377 324.11695137976346 324.5434210526316 324.9843949437971
 4341088 128 429.056 430.08 431.104 2577.8432304038006 2583.980952380952 2590.147971360382 322.2304038004751 322.997619047619 323.76849642004777
 4775192 128 459.776 461.824 463.872 2635.3156732891835 2647.0022172949 2658.792873051225 329.41445916114793 330.8752771618625 332.3491091314031
 5252704 128 512.0 514.048 516.096 2605.507936507937 2615.8884462151395 2626.3520000000003 325.6884920634921 326.98605577689244 328.29400000000004
 5777968 128 551.904 551.936 552.96 2674.985185185185 2679.9480519480517 2680.103438279121 334.3731481481481 334.99350649350646 335.0129297848901
 6355760 128 613.376 614.4 615.424 2643.8269550748755 2648.2333333333336 2652.6544240400667 330.47836938435944 331.0291666666667 331.58180300500834
 6991336 128 676.832 677.888 678.912 2636.2503770739063 2640.2326283987913 2644.35194553449 329.5312971342383 330.0290785498489 330.54399319181124
 7690464 128 738.304 740.352 747.52 2633.7205479452055 2659.219917012448 2666.596393897365 329.2150684931507 332.402489626556 333.32454923717063
 8459504 64 414.72 422.912 429.056 2523.7183770883057 2560.3825665859567 2610.958024691358 315.4647971360382 320.0478208232446 326.36975308641973
 9305448 64 501.76 508.928 540.672 2202.9943181818176 2340.404426559356 2373.838775510204 275.3742897727272 292.5505533199195 296.7298469387755
 10235992 64 747.52 775.168 779.264 1681.3390275952693 1690.2232496697488 1752.7383561643835 210.16737844940866 211.2779062087186 219.09229452054794
 11259584 64 998.4 1011.712 1025.024 1406.0419580419582 1424.5425101214576 1443.5364102564101 175.75524475524477 178.0678137651822 180.44205128205127
 12385536 64 1204.224 1231.872 1251.328 1266.932896890344 1286.9426433915212 1316.4897959183677 158.366612111293 160.86783042394015 164.56122448979596
 13624088 64 1376.256 1381.408 1423.328 1225.2153150925155 1262.3955153003312 1267.1212797619046 153.15191438656444 157.7994394125414 158.39015997023807
 14986496 64 1582.08 1595.392 1629.184 1177.4431175361408 1202.382541720154 1212.4996763754045 147.1803896920176 150.29781771501925 151.56245954692557
 16485144 64 1678.336 1700.896 1704.96 1237.6234234234234 1240.5805128591048 1257.2562538133006 154.70292792792793 155.0725641073881 157.15703172666258
 18133656 32 1221.632 1263.616 1272.832 911.7888173773131 918.4388168557538 950.0029337803857 113.97360217216414 114.80485210696922 118.75036672254821
 19947016 32 1566.72 1567.744 1583.104 806.3961836998707 814.2968647942523 814.8290849673203 100.79952296248383 101.78710809928154 101.85363562091504
 21941712 32 1739.776 1740.8 1756.16 799.6250728862973 806.6805882352941 807.1553855208945 99.95313411078716 100.83507352941176 100.89442319011181
 24135880 32 1921.024 1924.096 1941.504 795.6184071729957 802.8166577967004 804.1004797441365 99.45230089662446 100.35208222458755 100.51255996801706
 26549464 32 2125.824 2131.968 2146.304 791.6705629770992 796.9939961575409 799.2974470134874 98.9588203721374 99.62424951969261 99.91218087668592
 29204408 32 2347.04 2350.08 2374.656 787.0959465286761 795.3270152505447 796.3571613606927 98.38699331608451 99.41587690631809 99.54464517008658
 32124848 32 2587.648 2591.744 2612.224 787.0650725205801 793.2844725404977 794.540166204986 98.38313406507251 99.16055906756222 99.31752077562325
 35337328 16 1421.312 1426.432 1439.744 785.4135846372689 792.7433596554199 795.5990634005765 98.1766980796586 99.09291995692749 99.44988292507206
 38871056 16 1570.848 1572.832 1587.2 783.6906451612904 790.8497487334947 791.8486015196888 97.9613306451613 98.85621859168684 98.9810751899611
 42758160 16 1730.56 1738.752 1752.064 780.9424313267095 786.921378091873 790.6464497041421 97.61780391583869 98.36517226148412 98.83080621301777
 47033976 16 1898.528 1908.736 1928.192 780.5691715347849 788.5256169527896 792.7653592678116 97.57114644184811 98.5657021190987 99.09566990847645
 51737368 16 2104.32 2112.512 2121.728 780.3053812741312 783.7095249636452 786.7604622871045 97.5381726592664 97.96369062045565 98.34505778588806
 56911104 16 2327.584 2344.96 2356.224 772.9126466753585 776.6253275109169 782.4230309196146 96.61408083441981 97.07816593886461 97.80287886495182
 62602208 16 2565.12 2581.504 2590.72 773.2486166007906 776.0091233637446 780.9656686626748 96.65607707509882 97.00114042046808 97.62070858283435
 68862424 8 1396.736 1401.856 1417.216 777.4388547687863 785.9571767713661 788.8382514662757 97.17985684609829 98.24464709642076 98.60478143328446
 75748664 8 1522.688 1547.264 1556.448 778.6823742264437 783.3043514228988 795.9467888365836 97.33529677830546 97.91304392786235 99.49334860457294
 83323528 8 1702.912 1713.152 1719.264 775.434399836209 778.2009115361625 782.8804119061936 96.92929997952612 97.27511394202031 97.8600514882742
 91655880 8 1883.136 1888.256 1904.64 769.9586693548385 776.6394387201735 778.7510195758565 96.24483366935482 97.07992984002169 97.34387744698206
 100821464 8 2057.184 2070.528 2077.696 776.4097461803844 779.0976137487636 784.1512591970383 97.05121827254806 97.38720171859545 98.01890739962978
 110903608 8 2269.152 2288.64 2292.736 773.9476887003126 775.3328299776288 781.9915668937118 96.74346108753907 96.9166037472036 97.74894586171398
 121993968 8 2511.872 2520.064 2575.36 757.9148111332007 774.5452052011377 777.0712392988179 94.73935139165009 96.81815065014221 97.13390491235224
 134193360 8 2770.944 2777.088 2792.448 768.8930143014302 773.1457411504425 774.8600332594235 96.11162678767877 96.64321764380531 96.85750415742794
 147612696 4 1490.944 1502.208 1518.592 777.629256574511 786.1105572597136 792.0495793269231 97.20365707181388 98.2638196574642 99.00619741586539
 162373960 4 1648.64 1659.904 1664.0 780.6440384615386 782.5703655151142 787.9171195652174 97.58050480769232 97.82129568938927 98.48963994565217
 178611352 4 1810.432 1816.576 1833.984 779.1184743160246 786.5846603720405 789.2540653280543 97.38980928950308 98.32308254650506 98.65675816600678
 196472480 4 1990.656 2022.4 2032.64 773.2701511335013 777.1854430379747 789.5788323045268 96.65876889168766 97.14818037974683 98.69735403806585
 216119728 4 2199.552 2226.176 2238.464 772.385807410796 776.6492065317389 786.0499883612663 96.5482259263495 97.08115081646736 98.25624854515829
 237731696 4 2439.168 2459.648 2462.72 772.2573284823285 773.2218463780183 779.7140533165406 96.53216606029106 96.65273079725229 97.46425666456757
 261504864 4 2690.048 2701.312 2711.552 771.5282288519637 774.452899924185 777.6957556147698 96.44102860649546 96.80661249052312 97.21196945184623
 287655344 2 1455.104 1467.392 1480.704 777.077238934993 784.1267882065596 790.748548557354 97.13465486687413 98.01584852581995 98.84356856966924
 316420872 2 1599.488 1614.848 1632.256 775.4197184755333 783.7787135383641 791.3053977272727 96.92746480944166 97.97233919229551 98.9131747159091
 348062952 2 1761.28 1771.52 1787.904 778.7061318728521 785.9080382947976 790.4772710755814 97.33826648410651 98.2385047868497 98.80965888444767
 382869240 2 1952.768 1969.152 1982.464 772.5118640237604 777.7342531201248 784.2595536182486 96.56398300297005 97.2167816400156 98.03244420228107
 421156160 2 2162.688 2167.808 2186.24 770.557962529274 777.109707132735 778.9494554924241 96.31974531615926 97.13871339159188 97.36868193655302
 463271776 2 2372.608 2385.888 2386.944 776.3429322179323 776.6865435426978 781.0338260681916 97.04286652724154 97.08581794283722 97.62922825852395
 509598952 2 2616.32 2629.632 2678.784 760.940713398318 775.1639043029595 779.1079867906067 95.11758917478976 96.89548803786994 97.38849834882583
 560558840 1 1442.368 1448.256 1453.216 771.4735318080727 774.1156812055327 777.2757576429872 96.43419147600909 96.76446015069159 97.1594697053734
 616614720 1 1577.504 1589.024 1602.816 769.4142309535217 776.0923938216163 781.7599448242286 96.17677886919022 97.01154922770203 97.71999310302857
 678276192 1 1731.392 1757.824 1765.024 768.5744692423447 771.7225296730503 783.503899752338 96.07180865529308 96.46531620913129 97.93798746904226
 746103808 1 1911.872 1926.72 1932.512 772.1595601993674 774.4807839229363 780.495564556623 96.51994502492093 96.81009799036704 97.56194556957787
 820714184 1 2110.432 2117.888 2123.456 772.9985306971276 775.030770276804 777.7688966050553 96.62481633714096 96.8788462846005 97.22111207563191
 902785600 1 2321.568 2346.336 2353.216 767.2781419130246 769.5279789424875 777.7378047940011 95.90976773912807 96.19099736781094 97.21722559925014
 993064160 1 2570.08 2583.296 2596.672 764.8745471126118 768.8349767119216 772.7885202017059 95.60931838907648 96.1043720889902 96.59856502521323
 
META_DATA
 FLOPS          2
 MPI_PROCS      1
 GPU_BLOCKS     160
 GPU_THREADS    1024
 ERT_VERSION  1.1.0
 HOSTNAME  ('deepv.deep', [], ['10.2.8.6'])
 UNAME  uname_result(system='Linux', node='deepv', release='4.18.0-513.11.1.el8_9.0.1.x86_64', version='#1 SMP Sun Feb 11 10:42:18 UTC 2024', machine='x86_64')
 TIMESTAMP_DATA  1710681264.9639313
 CONFIG  {'ERT_RESULTS': ['Results.esb.deep.fz-juelich.de.01-gcc2023'], 'ERT_DRIVER': ['driver1'], 'ERT_KERNEL': ['kernel1'], 'ERT_MPI': ['True'], 'ERT_MPI_CFLAGS': ['-I', '/p/software/deep/stages/2023/software/psmpi/5.9.2-1-GCC-11.3.0/include'], 'ERT_MPI_LDFLAGS': ['-L', '/p/software/deep/stages/2023/software/psmpi/5.9.2-1-GCC-11.3.0/lib', '-lmpi'], 'ERT_GPU': ['True'], 'ERT_GPU_CFLAGS': ['-x', 'cu', '-arch=sm_70'], 'ERT_GPU_LDFLAGS': [], 'ERT_FLOPS': ['1,2,4,8,16,32,64,128'], 'ERT_ALIGN': ['64'], 'ERT_CC': ['nvcc'], 'ERT_CFLAGS': ['-O3'], 'ERT_LD': ['nvcc'], 'ERT_LDFLAGS': [], 'ERT_LDLIBS': [], 'ERT_PRECISION': ['FP64'], 'ERT_RUN': ['srun', '-p', 'dp-esb', '-n', 'ERT_MPI_PROCS', '-c', '8', 'ERT_CODE'], 'ERT_MPI_PROCS': ['1'], 'ERT_BLOCKS_THREADS': ['163840'], 'ERT_GPU_BLOCKS': ['80,160,320'], 'ERT_GPU_THREADS': ['256,512,1024'], 'ERT_NUM_EXPERIMENTS': ['5'], 'ERT_MEMORY_MAX': ['1073741824'], 'ERT_WORKING_SET_MIN': ['128'], 'ERT_TRIALS_MIN': ['1'], 'ERT_GNUPLOT': ['gnuplot'], 'ERT_OPENMP': [False], 'ERT_HIP': [False], 'ERT_OCL': [False], 'ERT_SYCL': [False], 'ERT_WSS_MULT': [1.1]}
 TIMESTAMP_DATA  1710681325.6874106
 TIMESTAMP_DATA  1710681373.114552
 TIMESTAMP_DATA  1710681428.934539
 TIMESTAMP_DATA  1710681471.0664885
 