fp64
 24576 32768 401.95 414.875 419.695 3837.5790419233017 3882.163871045496 4006.9977260853343 479.6973802404127 485.270483880687 500.8747157606668
 26880 32768 491.471 505.802 521.525 3377.8010258376876 3482.8009379164173 3584.3573272888934 422.22512822971095 435.35011723955216 448.0446659111117
 29568 32768 465.114 468.338 484.542 3999.1754027514644 4137.542646550141 4166.222577690631 499.89692534393305 517.1928308187677 520.7778222113288
 32448 32768 504.594 515.24 518.855 4098.470917693768 4127.22639546619 4214.303237850628 512.308864711721 515.9032994332738 526.7879047313285
 35520 16384 270.051 287.262 293.236 3969.223969771788 4051.769325563423 4309.998333648089 496.1529962214735 506.4711656954279 538.7497917060111
 38976 16384 287.259 293.347 338.267 3775.613843502322 4353.770681138721 4446.041962131735 471.9517304377903 544.2213351423401 555.7552452664669
 42816 16384 317.861 332.08 784.501 1788.3912040902435 4224.869573596723 4413.862310884317 223.54890051128044 528.1086966995904 551.7327888605396
 47040 16384 338.023 339.316 585.692 2631.770145400654 4542.687995850475 4560.064610988009 328.9712681750818 567.8359994813094 570.0080763735011
 51648 16384 380.11 382.478 618.353 2736.950680274859 4424.834013982503 4452.39973691826 342.1188350343574 553.1042517478129 556.5499671147825
 56640 16384 399.143 400.069 558.035 3325.9195570170327 4639.148546875664 4649.911234820604 415.7399446271291 579.893568359458 581.2389043525754
 62208 16384 459.959 474.534 653.171 3120.824016987894 4295.649508781246 4431.768361962696 390.10300212348676 536.9561885976558 553.971045245337
 68352 8192 251.211 255.507 279.355 4008.8030212453687 4382.968638823985 4457.922495432127 501.1003776556711 547.8710798529982 557.2403119290159
 75072 8192 272.126 272.801 288.934 4256.9571182346135 4508.706522336795 4519.890227321168 532.1196397793267 563.5883152920994 564.986278415146
 82560 8192 298.595 301.144 312.999 4321.620963645251 4491.748266609994 4530.092734305665 540.2026204556564 561.4685333262493 566.2615917882081
 90816 8192 339.611 344.25 349.422 4258.258907567354 4322.234840958606 4381.275471053647 532.2823634459193 540.2793551198257 547.6594338817059
 99840 8192 355.329 359.331 374.266 4370.63094162975 4552.289003731936 4603.560531225991 546.3288677037187 569.036125466492 575.4450664032489
 109824 8192 388.718 394.459 400.769 4489.759477404689 4561.580331542695 4628.95059143132 561.2199346755862 570.1975414428368 578.618823928915
 120768 8192 422.056 440.118 442.765 4468.878325974276 4495.7554837566295 4688.15254847698 558.6097907467845 561.9694354695787 586.0190685596225
 132672 4096 234.82 241.569 252.851 4298.377400128929 4499.124573103337 4628.4346478153475 537.2971750161162 562.3905716379171 578.5543309769184
 145920 4096 257.163 267.054 275.687 4335.992048954068 4476.160776472175 4648.3228147128475 541.9990061192585 559.5200970590219 581.0403518391059
 160512 4096 281.477 301.553 308.316 4264.826684310902 4360.474954651421 4671.48045488619 533.1033355388628 545.0593693314277 583.9350568607738
 176448 4096 307.621 318.309 407.933 3543.3809375559226 4541.065492964383 4698.840508287796 442.92261719449033 567.6331866205479 587.3550635359745
 193920 4096 334.118 340.205 356.598 4454.855719886258 4669.515850737055 4754.5856254377195 556.8569649857823 583.6894813421319 594.3232031797149
 213312 4096 368.106 372.342 389.137 4490.582761341121 4693.136696907682 4747.143225049307 561.3228451676401 586.6420871134602 593.3929031311634
 234624 4096 405.43 421.561 698.915 2750.0337065308377 4559.339711216171 4740.743921268776 343.7542133163547 569.9174639020214 592.592990158597
 258048 4096 444.187 447.629 758.748 2786.075503329168 4722.502822650006 4759.097443193969 348.259437916146 590.3128528312508 594.8871803992462
 283776 2048 245.388 256.98 423.611 2743.9006446952512 4523.10100396918 4736.769915399285 342.9875805869064 565.3876254961475 592.0962394249107
 312000 2048 270.522 273.903 473.081 2701.3386713903114 4665.710123656914 4724.022445494267 337.66733392378893 583.2137654571143 590.5028056867834
 343104 2048 295.15 316.317 516.008 2723.5120075657737 4442.865808666623 4761.49071319668 340.4390009457217 555.3582260833278 595.186339149585
 377280 2048 327.399 342.064 537.33 2875.9586846072248 4517.6893212966 4720.047648282371 359.4948355759031 564.711165162075 590.0059560352963
 414912 2048 355.699 366.948 374.057 4543.370534437265 4631.39069295922 4777.858672641755 567.9213168046581 578.9238366199025 597.2323340802194
 456384 2048 388.735 390.784 409.878 4560.744572775314 4783.585981002293 4808.799989710214 570.0930715969142 597.9482476252866 601.0999987137767
 501888 2048 426.433 430.021 447.357 4595.285751648013 4780.541527041703 4820.764922039336 574.4107189560016 597.5676908802129 602.595615254917
 552000 1024 237.566 241.234 248.899 4541.986910353195 4686.304583930954 4758.6607511175835 567.7483637941493 585.7880729913693 594.8325938896979
 607104 1024 261.661 265.694 289.563 4293.880751339087 4679.627661896769 4751.755102976753 536.7350939173858 584.9534577370961 593.9693878720941
 667776 1024 292.809 301.357 311.572 4389.37147112064 4538.15656513703 4670.639386084444 548.67143389008 567.2695706421288 583.8299232605555
 734400 1024 319.275 326.698 334.73 4493.326561706449 4603.796778676331 4710.8329809725155 561.6658202133061 575.4745973345414 588.8541226215644
 807744 1024 395.445 399.891 419.992 3938.7886245452296 4136.776551610314 4183.286454500626 492.3485780681537 517.0970689512892 522.9108068125782
 888384 1024 597.484 608.736 614.182 2962.331087527801 2988.8333070493613 3045.119922876596 370.29138594097515 373.60416338117017 380.6399903595745
 977088 1024 658.358 671.028 680.338 2941.2971552375443 2982.1054024571254 3039.4955692799363 367.66214440469304 372.76317530714067 379.93694615999203
 1074624 512 363.086 379.472 389.935 2822.047202738918 2899.858160812919 3030.728191117256 352.7559003423647 362.48227010161486 378.841023889657
 1181952 512 398.943 404.42 420.292 2879.709459137933 2992.7274813312893 3033.813973424775 359.96368239224165 374.09093516641116 379.2267466780969
 1300032 512 436.132 440.237 461.042 2887.443590822528 3023.9002355549396 3052.3620555244743 360.930448852816 377.98752944436745 381.5452569405593
 1430016 512 481.773 488.654 497.182 2945.272322811365 2996.6732780249417 3039.4737438586226 368.15904035142063 374.5841597531177 379.9342179823278
 1572864 512 527.283 542.614 552.633 2914.4345994538867 2968.2476603994733 3054.550850302399 364.30432493173583 371.03095754993416 381.81885628779986
 1730112 512 581.667 594.751 599.915 2953.1428419026033 2978.7838742599843 3045.78854911831 369.1428552378254 372.34798428249803 380.72356863978877
 1903104 512 650.292 654.001 655.951 2970.920840123729 2979.7790767904025 2996.7745197542026 371.3651050154661 372.4723845988003 374.59681496927533
 2093376 512 712.56 717.74 725.49 2954.71615597734 2986.6205366845934 3008.331963624116 369.3395194971675 373.3275670855742 376.0414954530145
 2302656 256 388.877 397.032 403.259 2923.579813469755 2969.4328719095693 3031.703782944222 365.4474766837194 371.17910898869616 378.96297286802775
 2532864 256 427.182 431.579 447.204 2899.8541336839567 3004.841217946193 3035.770158855008 362.4817667104946 375.6051522432741 379.471269856876
 2786112 256 468.774 479.331 486.623 2931.405511042429 2976.000600837417 3043.0214645010174 366.42568888030365 372.00007510467714 380.37768306262717
 3064704 256 527.358 532.678 539.268 2909.7377333719037 2945.735412387972 2975.4520610287514 363.71721667148796 368.2169265484965 371.9315076285939
 3371136 256 566.565 579.147 844.245 2044.4558534548619 2980.2824360654545 3046.4670990971904 255.55698168185774 372.5353045081818 380.8083873871488
 3708096 256 623.372 625.399 915.511 2073.754604805404 3035.7342304672698 3045.6054362403192 259.2193256006755 379.4667788084087 380.7006795300399
 4078848 256 687.739 699.071 1020.822 2045.7730887461282 2987.350606733794 3036.573723461953 255.72163609326603 373.41882584172424 379.5717154327441
 4486656 128 379.831 395.875 562.675 2041.2919287332832 2901.380324597411 3023.934160192296 255.1614910916604 362.67254057467636 377.991770024037
 4935168 128 419.714 430.949 601.994 2098.6970102692053 2931.676388621391 3010.152170287386 262.33712628365066 366.4595485776739 376.26902128592326
 5428608 128 458.678 473.604 478.816 2902.4168950076855 2934.3579192743305 3029.8458788082266 362.8021118759607 366.7947399092913 378.73073485102833
 5971392 128 504.563 511.534 527.7 2896.8663104036377 2988.4159254321316 3029.703628684624 362.1082888004547 373.55199067901646 378.712953585578
 6568512 128 554.919 567.69 580.442 2896.9975845993226 2962.072736881044 3030.2423813205173 362.12469807491533 370.2590921101305 378.78029766506467
 7225344 128 620.556 623.84 627.971 2945.4991775097897 2965.0039497307 2980.6948349544596 368.1873971887237 370.6254937163375 372.58685436930745
 7947840 128 676.988 683.787 690.87 2945.0505015415342 2975.5567742586504 3005.4403327680843 368.1313126926918 371.9445967823313 375.68004159601054
 8742528 64 372.52 385.31 399.927 2798.119616830071 2904.268210012717 3003.9825620100933 349.7649521037589 363.03352625158965 375.49782025126166
 9616704 64 409.23 413.683 437.13 2815.9543202251048 2975.5588506175022 3007.9371307088923 351.9942900281381 371.9448563271878 375.99214133861153
 10578240 64 449.19 457.686 471.978 2868.808969909614 2958.3922601958548 3014.347425365658 358.60112123870175 369.79903252448185 376.7934281707073
 11635968 64 494.918 509.452 514.083 2897.2051283547603 2923.54118543062 3009.395301847983 362.15064104434504 365.4426481788275 376.17441273099786
 12799488 64 547.732 559.752 566.936 2889.80495858439 2926.893452814818 2991.124243243046 361.22561982304876 365.86168160185224 373.89053040538073
 14079360 64 598.754 619.722 628.439 2867.673839465724 2908.0104950284162 3009.847249454701 358.4592299332155 363.50131187855203 376.2309061818376
 15487296 64 658.844 666.813 677.658 2925.3309014281535 2972.90827863284 3008.8668759220695 365.6663626785192 371.613534829105 376.1083594902587
 17035968 32 368.037 377.648 401.496 2715.598541454958 2887.0852010337667 2962.4791855166736 339.4498176818698 360.88565012922083 370.3098981895842
 18739392 32 406.195 422.391 428.166 2801.065680133406 2839.3623159584363 2952.5747190388856 350.1332100166758 354.92028949480454 369.0718398798607
 20613312 32 445.493 458.928 474.79 2778.600998336107 2874.638217759649 2961.3304092320195 347.32512479201336 359.3297772199561 370.16630115400244
 22674624 32 496.757 507.864 516.913 2807.3891273773343 2857.4105193516375 2921.2994200383687 350.9236409221668 357.1763149189547 365.1624275047961
 24941952 32 543.21 568.12 581.08 2747.1001032560057 2809.7671759487434 2938.6147677693707 343.3875129070007 351.22089699359293 367.32684597117134
 27436032 32 677.025 697.65 711.214 2468.885663105619 2516.886759836594 2593.56160850781 308.6107078882024 314.61084497957427 324.19520106347625
 30179520 32 854.103 869.254 884.546 2183.59393406335 2222.0079286376595 2261.424301284506 272.94924175791874 277.75099107970743 282.67803766056323
 33197376 32 1071.301 1082.667 1095.11 1940.108358064487 1962.4058588651915 1983.2260625165104 242.51354475806087 245.30073235814893 247.9032578145638
 36517056 16 653.818 669.372 684.306 1707.6363381294332 1745.7344974095122 1787.2646393950608 213.45454226617915 218.21681217618902 223.4080799243826
 40168704 16 742.388 766.453 770.656 1667.9277498650501 1677.0741689314284 1731.4376417722267 208.49096873313127 209.63427111642855 216.42970522152834
 44185536 16 837.17 840.508 870.243 1624.7613046011286 1682.241158918178 1688.9486627566685 203.09516307514107 210.28014486477224 211.11858284458356
 48604032 16 932.492 964.363 1021.543 1522.529177920068 1612.804539369511 1667.927471763833 190.3161472400085 201.60056742118888 208.49093397047912
 53464320 16 1047.326 1190.083 1267.016 1350.3051579459138 1437.5957307179417 1633.5489045435709 168.78814474323923 179.6994663397427 204.19361306794636
 58810752 16 1298.473 1406.992 1514.765 1242.4000184847152 1337.5655753550839 1449.3517108172448 155.3000023105894 167.19569691938548 181.1689638521556
 64691712 16 1550.597 1696.571 1934.571 1070.0743389619713 1220.1875335603402 1335.0566162581251 133.7592923702464 152.52344169504252 166.88207703226564
 71160768 8 1110.136 1246.138 1489.1 764.6043167013632 913.6807384093897 1025.6151390460268 95.5755395876704 114.21009230117372 128.20189238075335
 78276672 8 1640.317 1668.016 1778.746 704.1065739571586 750.8481645259998 763.5272645470358 88.01332174464483 93.85602056574997 95.44090806837947
 86104320 8 2105.095 2167.364 2201.6 625.7581395348838 635.6427069933799 654.445105802826 78.21976744186047 79.45533837417248 81.80563822535325
 94714752 8 2652.245 2706.776 2738.856 553.3098607593828 559.8675442666848 571.3785988850955 69.16373259492285 69.9834430333356 71.42232486063693
 104186112 8 3246.143 3276.144 3308.065 503.9132520068378 508.8231140023149 513.5256801687418 62.989156500854726 63.602889250289365 64.19071002109273
 114604608 8 3852.885 3896.315 3919.62 467.8192600303091 470.61742389924837 475.9222577367349 58.47740750378864 58.827177987406046 59.49028221709186
 126064896 8 4503.026 4524.277 4616.695 436.900929344477 445.82556196271804 447.92953360695674 54.612616168059624 55.728195245339755 55.99119170086959
 138671232 4 3066.536 3097.131 3165.341 350.474042449139 358.1927454796068 361.7664543967526 43.809255306142376 44.77409318495085 45.22080679959407
 152538240 4 3533.126 3556.578 3626.523 336.49474165750496 343.1123737480241 345.38986721673666 42.06184270718812 42.88904671850301 43.17373340209208
 167792064 4 4042.899 4126.674 4211.889 318.7017777534023 325.2829062823959 332.0232615259496 39.83772221917529 40.66036328529949 41.5029076907437
 184571136 4 4592.831 4650.927 4744.028 311.2479707118086 317.4784484899462 321.49432191169234 38.905996338976074 39.68480606124327 40.18679023896154
 203028096 4 5191.415 5301.167 5386.104 301.55837466190775 306.3900397780337 312.8674490480919 37.69479683273847 38.298754972254216 39.108431131011486
 223330752 4 5966.507 5996.966 6396.217 279.32854935972307 297.92498673495896 299.44589288171454 34.916068669965384 37.24062334186987 37.43073661021432
 245663808 4 6606.235 6729.807 6875.372 285.847873249622 292.0307319362948 297.49327173495954 35.73098415620275 36.50384149203685 37.18665896686994
 270230016 2 4984.07 5111.304 6141.023 176.01628653727565 211.47637941315958 216.87497647504955 22.002035817159456 26.434547426644947 27.109372059381194
 297252864 2 5566.769 5733.07 5752.011 206.71230566144604 207.3952447815917 213.5909458430914 25.839038207680755 25.924405597698964 26.698868230386424
 326978112 2 6216.047 6308.25 6442.591 203.0103180537147 207.33364213529902 210.40903455202317 25.37628975671434 25.916705266912377 26.301129319002897
 359675904 2 6999.149 7036.919 7201.436 199.78010163528498 204.4507853508048 205.55407750285067 24.972512704410622 25.5563481688506 25.694259687856334
 395643456 2 7789.838 7809.45 7919.017 199.8447312336872 202.64856347117916 203.15875939910433 24.9805914042109 25.331070433897395 25.39484492488804
 435207744 2 8611.764 8707.384 8809.22 197.61465555406724 199.9258303067833 202.14569001194184 24.701831944258405 24.990728788347912 25.26821125149273
 478728384 2 9500.486 9657.539 9796.798 195.46320501861933 198.28172953792884 201.55953453328598 24.432900627327417 24.785216192241105 25.194941816660748
 526601088 2 10630.401 10678.585 10861.679 193.92990273419053 197.25500635149697 198.14909635111604 24.241237841773817 24.65687579393712 24.768637043889505
 579261120 1 5887.063 6037.226 6215.823 186.38275896852272 191.89645045588819 196.79120811175284 23.29784487106534 23.987056306986023 24.598901013969105
 637187136 1 6562.641 6626.763 6868.868 185.52900885560763 192.3072051920372 194.18619302808125 23.191126106950954 24.03840064900465 24.273274128510156
 700905792 1 7248.897 7338.255 7404.453 189.3200732045973 191.02791930779185 193.38274278141904 23.66500915057466 23.87848991347398 24.17284284767738
 770996352 1 8007.319 8100.36 8563.557 180.06451104371698 190.36100914033455 192.57290786092074 22.508063880464622 23.795126142541818 24.071613482615092
 848095872 1 8831.606 8968.031 8998.394 188.4993860015465 189.13758705785025 192.0592635133406 23.562423250193312 23.642198382231282 24.007407939167575
 932905344 1 9723.869 9866.726 9968.36 187.17328507397406 189.10129743138705 191.87945538961907 23.396660634246757 23.63766217892338 23.984931923702383
 1026195840 1 10776.03 10917.88 11014.837 186.329736881263 187.9844511938215 190.4589797912589 23.291217110157874 23.49805639922769 23.807372473907364
 
META_DATA
 FLOPS          2
 MPI_PROCS      1
 OPENMP_THREADS 24
 ERT_VERSION  1.1.0
 HOSTNAME  ('deepv.deep', [], ['10.2.8.6'])
 UNAME  uname_result(system='Linux', node='deepv', release='4.18.0-513.11.1.el8_9.0.1.x86_64', version='#1 SMP Sun Feb 11 10:42:18 UTC 2024', machine='x86_64')
 TIMESTAMP_DATA  1710501389.2957532
 CONFIG  {'ERT_RESULTS': ['Results.cn.deep.fz-juelich.de.01.gcc2023-O3'], 'ERT_DRIVER': ['driver1'], 'ERT_KERNEL': ['kernel1'], 'ERT_MPI': ['True'], 'ERT_MPI_CFLAGS': ['-I', '/p/software/deep/stages/2023/software/psmpi/5.9.2-1-GCC-11.3.0/include'], 'ERT_MPI_LDFLAGS': ['-L', '/p/software/deep/stages/2023/software/psmpi/5.9.2-1-GCC-11.3.0/lib', '-lmpi'], 'ERT_OPENMP': ['True'], 'ERT_OPENMP_CFLAGS': ['-fopenmp'], 'ERT_OPENMP_LDFLAGS': ['-fopenmp'], 'ERT_FLOPS': ['1,2,4,8,16,64,128'], 'ERT_ALIGN': ['64'], 'ERT_CC': ['mpicxx'], 'ERT_CFLAGS': ['-g', '-O3', '-mavx'], 'ERT_LD': ['mpicxx'], 'ERT_LDFLAGS': [], 'ERT_LDLIBS': [], 'ERT_PRECISION': ['FP64'], 'ERT_RUN': ['export', 'OMP_NUM_THREADS=ERT_OPENMP_THREADS;', 'export', 'OMP_PLACES="cores(ERT_OPENMP_THREADS)";', 'srun', '-p', 'dp-cn', '-n', 'ERT_MPI_PROCS', '-c', '48', '--ntasks-per-node', '1', 'ERT_CODE'], 'ERT_PROCS_THREADS': ['24'], 'ERT_MPI_PROCS': ['1'], 'ERT_OPENMP_THREADS': ['24'], 'ERT_NUM_EXPERIMENTS': ['5'], 'ERT_MEMORY_MAX': ['1073741824'], 'ERT_WORKING_SET_MIN': ['128'], 'ERT_TRIALS_MIN': ['1'], 'ERT_GNUPLOT': ['gnuplot'], 'ERT_GPU': [False], 'ERT_HIP': [False], 'ERT_OCL': [False], 'ERT_SYCL': [False], 'ERT_WSS_MULT': [1.1]}
 TIMESTAMP_DATA  1710501417.7389367
 TIMESTAMP_DATA  1710501451.9106977
 TIMESTAMP_DATA  1710501480.8847568
 TIMESTAMP_DATA  1710501519.261736
 