fp64
       24576            1           2.496        49152         6144
       24576            2           4.870        98304        12288
       24576            4          20.773       196608        24576
       24576            8          12.690       393216        49152
       24576           16           7.118       786432        98304
       24576           32           4.716      1572864       196608
       24576           64           4.253      3145728       393216
       24576          128           4.186      6291456       786432
       24576          256           5.282     12582912      1572864
       24576          512          10.729     25165824      3145728
       24576         1024          21.828     50331648      6291456
       24576         2048          35.212    100663296     12582912
       24576         4096          56.988    201326592     25165824
       24576         8192         105.817    402653184     50331648
       24576        16384         206.696    805306368    100663296
       24576        32768         419.695   1610612736    201326592
       26880            1           3.924        53760         6720
       26880            2           4.139       107520        13440
       26880            4           1.951       215040        26880
       26880            8           3.408       430080        53760
       26880           16           6.583       860160       107520
       26880           32           3.876      1720320       215040
       26880           64           5.332      3440640       430080
       26880          128           5.013      6881280       860160
       26880          256           8.207     13762560      1720320
       26880          512          14.607     27525120      3440640
       26880         1024          28.767     55050240      6881280
       26880         2048          44.191    110100480     13762560
       26880         4096          65.418    220200960     27525120
       26880         8192         149.127    440401920     55050240
       26880        16384         254.963    880803840    110100480
       26880        32768         498.786   1761607680    220200960
       29568            1           2.571        59136         7392
       29568            2          14.305       118272        14784
       29568            4           4.081       236544        29568
       29568            8           5.022       473088        59136
       29568           16           5.649       946176       118272
       29568           32           3.004      1892352       236544
       29568           64           5.084      3784704       473088
       29568          128           6.340      7569408       946176
       29568          256           6.747     15138816      1892352
       29568          512          13.227     30277632      3784704
       29568         1024          25.171     60555264      7569408
       29568         2048          40.366    121110528     15138816
       29568         4096          64.634    242221056     30277632
       29568         8192         121.172    484442112     60555264
       29568        16384         236.229    968884224    121110528
       29568        32768         484.542   1937768448    242221056
       32448            1           4.780        64896         8112
       32448            2          11.865       129792        16224
       32448            4          17.555       259584        32448
       32448            8          12.537       519168        64896
       32448           16          10.834      1038336       129792
       32448           32           5.189      2076672       259584
       32448           64           6.016      4153344       519168
       32448          128           4.391      8306688      1038336
       32448          256           7.500     16613376      2076672
       32448          512          13.941     33226752      4153344
       32448         1024          26.658     66453504      8306688
       32448         2048          48.358    132907008     16613376
       32448         4096          71.147    265814016     33226752
       32448         8192         129.339    531628032     66453504
       32448        16384         257.012   1063256064    132907008
       32448        32768         518.855   2126512128    265814016
       35520            1           3.525        71040         8880
       35520            2           6.763       142080        17760
       35520            4           3.425       284160        35520
       35520            8           2.982       568320        71040
       35520           16           5.039      1136640       142080
       35520           32           5.461      2273280       284160
       35520           64           3.311      4546560       568320
       35520          128           6.522      9093120      1136640
       35520          256           9.752     18186240      2273280
       35520          512          18.057     36372480      4546560
       35520         1024          30.793     72744960      9093120
       35520         2048          41.520    145489920     18186240
       35520         4096          73.308    290979840     36372480
       35520         8192         140.479    581959680     72744960
       35520        16384         292.150   1163919360    145489920
       38976            1           2.758        77952         9744
       38976            2          14.659       155904        19488
       38976            4          15.859       311808        38976
       38976            8           5.477       623616        77952
       38976           16           5.757      1247232       155904
       38976           32           6.258      2494464       311808
       38976           64           5.472      4988928       623616
       38976          128           4.818      9977856      1247232
       38976          256           9.363     19955712      2494464
       38976          512          17.032     39911424      4988928
       38976         1024          34.550     79822848      9977856
       38976         2048          45.515    159645696     19955712
       38976         4096          97.702    319291392     39911424
       38976         8192         149.038    638582784     79822848
       38976        16384         293.347   1277165568    159645696
       42816            1           3.239        85632        10704
       42816            2           4.574       171264        21408
       42816            4          11.378       342528        42816
       42816            8           3.753       685056        85632
       42816           16           3.769      1370112       171264
       42816           32           3.293      2740224       342528
       42816           64           4.504      5480448       685056
       42816          128           6.427     10960896      1370112
       42816          256           9.414     21921792      2740224
       42816          512          34.768     43843584      5480448
       42816         1024          32.796     87687168     10960896
       42816         2048          55.195    175374336     21921792
       42816         4096          83.928    350748672     43843584
       42816         8192         165.245    701497344     87687168
       42816        16384         322.103   1402994688    175374336
       47040            1           1.494        94080        11760
       47040            2           3.090       188160        23520
       47040            4          15.796       376320        47040
       47040            8           5.129       752640        94080
       47040           16           3.496      1505280       188160
       47040           32           3.116      3010560       376320
       47040           64           4.301      6021120       752640
       47040          128           8.692     12042240      1505280
       47040          256          11.173     24084480      3010560
       47040          512          20.054     48168960      6021120
       47040         1024          37.449     96337920     12042240
       47040         2048          50.499    192675840     24084480
       47040         4096          90.509    385351680     48168960
       47040         8192         173.659    770703360     96337920
       47040        16384         339.316   1541406720    192675840
       51648            1           2.799       103296        12912
       51648            2           4.463       206592        25824
       51648            4           4.351       413184        51648
       51648            8          13.856       826368       103296
       51648           16           5.685      1652736       206592
       51648           32           3.596      3305472       413184
       51648           64           4.562      6610944       826368
       51648          128           6.373     13221888      1652736
       51648          256          11.102     26443776      3305472
       51648          512          20.651     52887552      6610944
       51648         1024          39.541    105775104     13221888
       51648         2048          51.254    211550208     26443776
       51648         4096          96.889    423100416     52887552
       51648         8192         187.392    846200832    105775104
       51648        16384         382.478   1692401664    211550208
       56640            1           4.550       113280        14160
       56640            2           5.035       226560        28320
       56640            4          13.109       453120        56640
       56640            8          12.626       906240       113280
       56640           16           2.657      1812480       226560
       56640           32          12.979      3624960       453120
       56640           64           6.475      7249920       906240
       56640          128           6.648     14499840      1812480
       56640          256          14.410     28999680      3624960
       56640          512          21.858     57999360      7249920
       56640         1024          43.718    115998720     14499840
       56640         2048          56.610    231997440     28999680
       56640         4096         107.607    463994880     57999360
       56640         8192         203.795    927989760    115998720
       56640        16384         400.069   1855979520    231997440
       62208            1           5.057       124416        15552
       62208            2           9.981       248832        31104
       62208            4           4.951       497664        62208
       62208            8           3.587       995328       124416
       62208           16           3.404      1990656       248832
       62208           32           4.474      3981312       497664
       62208           64           4.991      7962624       995328
       62208          128           8.476     15925248      1990656
       62208          256          13.481     31850496      3981312
       62208          512          27.535     63700992      7962624
       62208         1024          44.362    127401984     15925248
       62208         2048          63.812    254803968     31850496
       62208         4096         120.824    509607936     63700992
       62208         8192         235.764   1019215872    127401984
       62208        16384         478.097   2038431744    254803968
       68352            1           4.422       136704        17088
       68352            2          19.402       273408        34176
       68352            4          17.211       546816        68352
       68352            8           2.720      1093632       136704
       68352           16           4.120      2187264       273408
       68352           32           4.033      4374528       546816
       68352           64           5.791      8749056      1093632
       68352          128           8.055     17498112      2187264
       68352          256          13.938     34996224      4374528
       68352          512          28.259     69992448      8749056
       68352         1024          47.850    139984896     17498112
       68352         2048          87.561    279969792     34996224
       68352         4096         131.966    559939584     69992448
       68352         8192         255.213   1119879168    139984896
       75072            1           4.795       150144        18768
       75072            2           3.328       300288        37536
       75072            4          14.856       600576        75072
       75072            8           3.495      1201152       150144
       75072           16           5.743      2402304       300288
       75072           32           3.365      4804608       600576
       75072           64           6.836      9609216      1201152
       75072          128           9.108     19218432      2402304
       75072          256          16.077     38436864      4804608
       75072          512          44.789     76873728      9609216
       75072         1024          51.338    153747456     19218432
       75072         2048          73.835    307494912     38436864
       75072         4096         138.858    614989824     76873728
       75072         8192         272.126   1229979648    153747456
       82560            1           2.506       165120        20640
       82560            2           1.783       330240        41280
       82560            4           3.482       660480        82560
       82560            8           3.574      1320960       165120
       82560           16           3.836      2641920       330240
       82560           32           5.569      5283840       660480
       82560           64           6.367     10567680      1320960
       82560          128           9.572     21135360      2641920
       82560          256          16.872     42270720      5283840
       82560          512          29.873     84541440     10567680
       82560         1024          50.318    169082880     21135360
       82560         2048          82.266    338165760     42270720
       82560         4096         152.375    676331520     84541440
       82560         8192         301.126   1352663040    169082880
       90816            1           2.428       181632        22704
       90816            2           3.362       363264        45408
       90816            4           3.969       726528        90816
       90816            8           4.573      1453056       181632
       90816           16           3.906      2906112       363264
       90816           32           5.172      5812224       726528
       90816           64           7.196     11624448      1453056
       90816          128           9.173     23248896      2906112
       90816          256          18.870     46497792      5812224
       90816          512          35.465     92995584     11624448
       90816         1024          51.397    185991168     23248896
       90816         2048          88.014    371982336     46497792
       90816         4096         165.776    743964672     92995584
       90816         8192         339.611   1487929344    185991168
       99840            1          10.408       199680        24960
       99840            2          14.221       399360        49920
       99840            4           5.049       798720        99840
       99840            8           3.097      1597440       199680
       99840           16           3.614      3194880       399360
       99840           32           4.551      6389760       798720
       99840           64           6.876     12779520      1597440
       99840          128           9.758     25559040      3194880
       99840          256          22.325     51118080      6389760
       99840          512          38.765    102236160     12779520
       99840         1024          52.336    204472320     25559040
       99840         2048          92.727    408944640     51118080
       99840         4096         178.857    817889280    102236160
       99840         8192         370.389   1635778560    204472320
      109824            1           3.518       219648        27456
      109824            2           3.969       439296        54912
      109824            4          14.844       878592       109824
      109824            8          18.621      1757184       219648
      109824           16           4.569      3514368       439296
      109824           32           4.823      7028736       878592
      109824           64           7.089     14057472      1757184
      109824          128          11.396     28114944      3514368
      109824          256          21.378     56229888      7028736
      109824          512          43.341    112459776     14057472
      109824         1024          56.653    224919552     28114944
      109824         2048         121.302    449839104     56229888
      109824         4096         199.481    899678208    112459776
      109824         8192         391.769   1799356416    224919552
      120768            1           2.846       241536        30192
      120768            2           4.673       483072        60384
      120768            4           2.972       966144       120768
      120768            8          15.224      1932288       241536
      120768           16           4.053      3864576       483072
      120768           32           4.843      7729152       966144
      120768           64           6.715     15458304      1932288
      120768          128          12.882     30916608      3864576
      120768          256          24.966     61833216      7729152
      120768          512          47.108    123666432     15458304
      120768         1024          59.985    247332864     30916608
      120768         2048         112.051    494665728     61833216
      120768         4096         215.518    989331456    123666432
      120768         8192         440.118   1978662912    247332864
      132672            1           4.789       265344        33168
      132672            2          15.531       530688        66336
      132672            4          14.356      1061376       132672
      132672            8           3.478      2122752       265344
      132672           16           4.062      4245504       530688
      132672           32           6.107      8491008      1061376
      132672           64           7.636     16982016      2122752
      132672          128          15.294     33964032      4245504
      132672          256          26.884     67928064      8491008
      132672          512          47.109    135856128     16982016
      132672         1024          64.232    271712256     33964032
      132672         2048         121.882    543424512     67928064
      132672         4096         252.851   1086849024    135856128
      145920            1           3.538       291840        36480
      145920            2          10.356       583680        72960
      145920            4           4.392      1167360       145920
      145920            8           5.705      2334720       291840
      145920           16           4.239      4669440       583680
      145920           32           7.706      9338880      1167360
      145920           64           6.761     18677760      2334720
      145920          128          14.988     37355520      4669440
      145920          256          27.544     74711040      9338880
      145920          512          46.191    149422080     18677760
      145920         1024          70.474    298844160     37355520
      145920         2048         132.325    597688320     74711040
      145920         4096         275.687   1195376640    149422080
      160512            1           7.603       321024        40128
      160512            2          13.313       642048        80256
      160512            4          14.340      1284096       160512
      160512            8           4.633      2568192       321024
      160512           16           7.140      5136384       642048
      160512           32           4.477     10272768      1284096
      160512           64          10.983     20545536      2568192
      160512          128          15.361     41091072      5136384
      160512          256          32.994     82182144     10272768
      160512          512          52.240    164364288     20545536
      160512         1024          75.665    328728576     41091072
      160512         2048         144.291    657457152     82182144
      160512         4096         302.127   1314914304    164364288
      176448            1           2.926       352896        44112
      176448            2           3.650       705792        88224
      176448            4           4.452      1411584       176448
      176448            8           5.473      2823168       352896
      176448           16          12.492      5646336       705792
      176448           32           5.070     11292672      1411584
      176448           64          10.820     22585344      2823168
      176448          128          18.076     45170688      5646336
      176448          256          34.354     90341376     11292672
      176448          512          47.134    180682752     22585344
      176448         1024          82.382    361365504     45170688
      176448         2048         156.784    722731008     90341376
      176448         4096         307.621   1445462016    180682752
      193920            1           4.227       387840        48480
      193920            2           5.283       775680        96960
      193920            4          14.686      1551360       193920
      193920            8           2.982      3102720       387840
      193920           16           3.722      6205440       775680
      193920           32           5.673     12410880      1551360
      193920           64           9.089     24821760      3102720
      193920          128          17.079     49643520      6205440
      193920          256          51.222     99287040     12410880
      193920          512          59.727    198574080     24821760
      193920         1024          89.132    397148160     49643520
      193920         2048         169.478    794296320     99287040
      193920         4096         335.536   1588592640    198574080
      213312            1           2.974       426624        53328
      213312            2           3.385       853248       106656
      213312            4           3.398      1706496       213312
      213312            8          17.896      3412992       426624
      213312           16           6.119      6825984       853248
      213312           32           7.047     13651968      1706496
      213312           64          10.190     27303936      3412992
      213312          128          24.241     54607872      6825984
      213312          256          37.796    109215744     13651968
      213312          512          55.657    218431488     27303936
      213312         1024          98.819    436862976     54607872
      213312         2048         187.977    873725952    109215744
      213312         4096         368.106   1747451904    218431488
      234624            1           3.894       469248        58656
      234624            2           4.553       938496       117312
      234624            4          15.920      1876992       234624
      234624            8           4.403      3753984       469248
      234624           16           4.802      7507968       938496
      234624           32           8.344     15015936      1876992
      234624           64          12.941     30031872      3753984
      234624          128          23.636     60063744      7507968
      234624          256          43.661    120127488     15015936
      234624          512          56.450    240254976     30031872
      234624         1024         106.745    480509952     60063744
      234624         2048         205.810    961019904    120127488
      234624         4096         421.561   1922039808    240254976
      258048            1           4.354       516096        64512
      258048            2           3.889      1032192       129024
      258048            4          12.925      2064384       258048
      258048            8          14.202      4128768       516096
      258048           16           5.621      8257536      1032192
      258048           32           7.999     16515072      2064384
      258048           64          12.798     33030144      4128768
      258048          128          23.895     66060288      8257536
      258048          256          46.867    132120576     16515072
      258048          512          62.892    264241152     33030144
      258048         1024         134.209    528482304     66060288
      258048         2048         228.198   1056964608    132120576
      258048         4096         444.187   2113929216    264241152
      283776            1           4.582       567552        70944
      283776            2           3.883      1135104       141888
      283776            4          15.330      2270208       283776
      283776            8           4.750      4540416       567552
      283776           16           4.948      9080832      1135104
      283776           32           7.370     18161664      2270208
      283776           64          14.156     36323328      4540416
      283776          128          27.295     72646656      9080832
      283776          256          48.847    145293312     18161664
      283776          512          67.551    290586624     36323328
      283776         1024         126.078    581173248     72646656
      283776         2048         246.759   1162346496    145293312
      312000            1           5.798       624000        78000
      312000            2          15.193      1248000       156000
      312000            4           4.645      2496000       312000
      312000            8           4.642      4992000       624000
      312000           16           5.913      9984000      1248000
      312000           32           8.251     19968000      2496000
      312000           64          16.476     39936000      4992000
      312000          128          29.634     79872000      9984000
      312000          256          58.822    159744000     19968000
      312000          512         114.666    319488000     39936000
      312000         1024         228.499    638976000     79872000
      312000         2048         473.081   1277952000    159744000
      343104            1           5.799       686208        85776
      343104            2           4.227      1372416       171552
      343104            4          21.982      2744832       343104
      343104            8           9.775      5489664       686208
      343104           16           8.402     10979328      1372416
      343104           32           9.834     21958656      2744832
      343104           64          16.787     43917312      5489664
      343104          128          30.617     87834624     10979328
      343104          256          63.133    175669248     21958656
      343104          512         127.675    351338496     43917312
      343104         1024         251.363    702676992     87834624
      343104         2048         516.008   1405353984    175669248
      377280            1           7.691       754560        94320
      377280            2          13.364      1509120       188640
      377280            4          16.011      3018240       377280
      377280            8           5.987      6036480       754560
      377280           16           9.070     12072960      1509120
      377280           32          11.058     24145920      3018240
      377280           64          17.221     48291840      6036480
      377280          128          35.831     96583680     12072960
      377280          256          68.138    193167360     24145920
      377280          512         149.599    386334720     48291840
      377280         1024         261.722    772669440     96583680
      377280         2048         537.330   1545338880    193167360
      414912            1           4.780       829824       103728
      414912            2           3.850      1659648       207456
      414912            4           4.760      3319296       414912
      414912            8           4.345      6638592       829824
      414912           16           7.436     13277184      1659648
      414912           32          10.745     26554368      3319296
      414912           64          20.848     53108736      6638592
      414912          128          38.351    106217472     13277184
      414912          256          52.033    212434944     26554368
      414912          512          94.119    424869888     53108736
      414912         1024         181.528    849739776    106217472
      414912         2048         374.057   1699479552    212434944
      456384            1           8.609       912768       114096
      456384            2          18.099      1825536       228192
      456384            4          20.219      3651072       456384
      456384            8           5.031      7302144       912768
      456384           16           8.773     14604288      1825536
      456384           32          11.713     29208576      3651072
      456384           64          22.354     58417152      7302144
      456384          128          41.277    116834304     14604288
      456384          256          57.785    233668608     29208576
      456384          512         102.455    467337216     58417152
      456384         1024         218.281    934674432    116834304
      456384         2048         391.417   1869348864    233668608
      501888            1           8.880      1003776       125472
      501888            2          14.666      2007552       250944
      501888            4          21.069      4015104       501888
      501888            8           6.149      8030208      1003776
      501888           16           7.404     16060416      2007552
      501888           32          14.689     32120832      4015104
      501888           64          22.692     64241664      8030208
      501888          128          59.189    128483328     16060416
      501888          256          63.431    256966656     32120832
      501888          512         112.112    513933312     64241664
      501888         1024         218.562   1027866624    128483328
      501888         2048         428.918   2055733248    256966656
      552000            1           7.348      1104000       138000
      552000            2          23.505      2208000       276000
      552000            4          12.074      4416000       552000
      552000            8           5.914      8832000      1104000
      552000           16          11.565     17664000      2208000
      552000           32          14.837     35328000      4416000
      552000           64          26.053     70656000      8832000
      552000          128          44.898    141312000     17664000
      552000          256          64.942    282624000     35328000
      552000          512         122.547    565248000     70656000
      552000         1024         238.054   1130496000    141312000
      607104            1           7.818      1214208       151776
      607104            2           3.860      2428416       303552
      607104            4           8.937      4856832       607104
      607104            8           5.227      9713664      1214208
      607104           16           9.812     19427328      2428416
      607104           32          14.513     38854656      4856832
      607104           64          32.638     77709312      9713664
      607104          128          48.146    155418624     19427328
      607104          256          74.076    310837248     38854656
      607104          512         134.450    621674496     77709312
      607104         1024         263.540   1243348992    155418624
      667776            1           9.863      1335552       166944
      667776            2          15.397      2671104       333888
      667776            4          12.993      5342208       667776
      667776            8           8.100     10684416      1335552
      667776           16          12.080     21368832      2671104
      667776           32          15.004     42737664      5342208
      667776           64          32.646     85475328     10684416
      667776          128          53.289    170950656     21368832
      667776          256          80.268    341901312     42737664
      667776          512         147.385    683802624     85475328
      667776         1024         305.949   1367605248    170950656
      734400            1          11.435      1468800       183600
      734400            2           4.274      2937600       367200
      734400            4          23.561      5875200       734400
      734400            8           8.088     11750400      1468800
      734400           16           9.690     23500800      2937600
      734400           32          21.731     47001600      5875200
      734400           64          37.208     94003200     11750400
      734400          128          51.265    188006400     23500800
      734400          256          87.935    376012800     47001600
      734400          512         181.895    752025600     94003200
      734400         1024         319.275   1504051200    188006400
      807744            1          11.283      1615488       201936
      807744            2           3.109      3230976       403872
      807744            4           5.149      6461952       807744
      807744            8           8.632     12923904      1615488
      807744           16          12.098     25847808      3230976
      807744           32          25.338     51695616      6461952
      807744           64          42.329    103391232     12923904
      807744          128          55.829    206782464     25847808
      807744          256         122.893    413564928     51695616
      807744          512         202.602    827129856    103391232
      807744         1024         395.884   1654259712    206782464
      888384            1          10.119      1776768       222096
      888384            2          29.973      3553536       444192
      888384            4           8.981      7107072       888384
      888384            8           7.799     14214144      1776768
      888384           16          14.018     28428288      3553536
      888384           32          29.473     56856576      7107072
      888384           64          46.313    113713152     14214144
      888384          128          78.247    227426304     28428288
      888384          256         152.390    454852608     56856576
      888384          512         304.247    909705216    113713152
      888384         1024         611.146   1819410432    227426304
      977088            1          13.081      1954176       244272
      977088            2           4.884      3908352       488544
      977088            4          14.917      7816704       977088
      977088            8           8.783     15633408      1954176
      977088           16          15.712     31266816      3908352
      977088           32          29.079     62533632      7816704
      977088           64          52.826    125067264     15633408
      977088          128         104.707    250134528     31266816
      977088          256         169.244    500269056     62533632
      977088          512         329.654   1000538112    125067264
      977088         1024         674.349   2001076224    250134528
     1074624            1          13.325      2149248       268656
     1074624            2           4.895      4298496       537312
     1074624            4          21.144      8596992      1074624
     1074624            8          11.287     17193984      2149248
     1074624           16          16.736     34387968      4298496
     1074624           32          33.333     68775936      8596992
     1074624           64          56.247    137551872     17193984
     1074624          128          95.138    275103744     34387968
     1074624          256         203.830    550207488     68775936
     1074624          512         363.086   1100414976    137551872
     1181952            1          19.770      2363904       295488
     1181952            2           5.652      4727808       590976
     1181952            4           6.776      9455616      1181952
     1181952            8          12.933     18911232      2363904
     1181952           16          18.064     37822464      4727808
     1181952           32          34.741     75644928      9455616
     1181952           64          80.504    151289856     18911232
     1181952          128         103.712    302579712     37822464
     1181952          256         201.227    605159424     75644928
     1181952          512         398.943   1210318848    151289856
     1300032            1          14.478      2600064       325008
     1300032            2          25.305      5200128       650016
     1300032            4           8.195     10400256      1300032
     1300032            8          12.082     20800512      2600064
     1300032           16          18.552     41601024      5200128
     1300032           32          38.334     83202048     10400256
     1300032           64          64.440    166404096     20800512
     1300032          128         115.703    332808192     41601024
     1300032          256         221.942    665616384     83202048
     1300032          512         455.306   1331232768    166404096
     1430016            1          16.810      2860032       357504
     1430016            2           8.134      5720064       715008
     1430016            4           8.576     11440128      1430016
     1430016            8          12.555     22880256      2860032
     1430016           16          22.370     45760512      5720064
     1430016           32          41.556     91521024     11440128
     1430016           64          64.948    183042048     22880256
     1430016          128         124.303    366084096     45760512
     1430016          256         264.419    732168192     91521024
     1430016          512         481.773   1464336384    183042048
     1572864            1          26.207      3145728       393216
     1572864            2           4.432      6291456       786432
     1572864            4           7.749     12582912      1572864
     1572864            8          14.663     25165824      3145728
     1572864           16          22.250     50331648      6291456
     1572864           32          60.163    100663296     12582912
     1572864           64          71.897    201326592     25165824
     1572864          128         135.055    402653184     50331648
     1572864          256         266.367    805306368    100663296
     1572864          512         540.337   1610612736    201326592
     1730112            1          28.778      3460224       432528
     1730112            2           4.587      6920448       865056
     1730112            4           8.275     13840896      1730112
     1730112            8          15.257     27681792      3460224
     1730112           16          22.591     55363584      6920448
     1730112           32          46.400    110727168     13840896
     1730112           64          86.587    221454336     27681792
     1730112          128         150.282    442908672     55363584
     1730112          256         313.615    885817344    110727168
     1730112          512         581.667   1771634688    221454336
     1903104            1          36.746      3806208       475776
     1903104            2           6.769      7612416       951552
     1903104            4           9.059     15224832      1903104
     1903104            8          15.845     30449664      3806208
     1903104           16          29.251     60899328      7612416
     1903104           32          50.896    121798656     15224832
     1903104           64          86.536    243597312     30449664
     1903104          128         165.525    487194624     60899328
     1903104          256         324.383    974389248    121798656
     1903104          512         654.001   1948778496    243597312
     2093376            1          33.853      4186752       523344
     2093376            2           4.611      8373504      1046688
     2093376            4           9.848     16747008      2093376
     2093376            8          17.071     33494016      4186752
     2093376           16          31.915     66988032      8373504
     2093376           32          57.225    133976064     16747008
     2093376           64          94.193    267952128     33494016
     2093376          128         180.138    535904256     66988032
     2093376          256         356.442   1071808512    133976064
     2093376          512         717.740   2143617024    267952128
     2302656            1          36.911      4605312       575664
     2302656            2           6.255      9210624      1151328
     2302656            4          10.621     18421248      2302656
     2302656            8          19.925     36842496      4605312
     2302656           16          35.161     73684992      9210624
     2302656           32          77.437    147369984     18421248
     2302656           64         101.693    294739968     36842496
     2302656          128         196.697    589479936     73684992
     2302656          256         388.877   1178959872    147369984
     2532864            1          38.155      5065728       633216
     2532864            2           7.270     10131456      1266432
     2532864            4          13.677     20262912      2532864
     2532864            8          19.616     40525824      5065728
     2532864           16          35.868     81051648     10131456
     2532864           32          63.983    162103296     20262912
     2532864           64         111.084    324206592     40525824
     2532864          128         219.391    648413184     81051648
     2532864          256         442.957   1296826368    162103296
     2786112            1          36.348      5572224       696528
     2786112            2           7.783     11144448      1393056
     2786112            4          13.418     22288896      2786112
     2786112            8          23.708     44577792      5572224
     2786112           16          38.995     89155584     11144448
     2786112           32          68.479    178311168     22288896
     2786112           64         122.512    356622336     44577792
     2786112          128         257.305    713244672     89155584
     2786112          256         468.774   1426489344    178311168
     3064704            1          51.376      6129408       766176
     3064704            2           7.824     12258816      1532352
     3064704            4          14.118     24517632      3064704
     3064704            8          22.520     49035264      6129408
     3064704           16          40.883     98070528     12258816
     3064704           32          73.212    196141056     24517632
     3064704           64         133.495    392282112     49035264
     3064704          128         263.782    784564224     98070528
     3064704          256         532.678   1569128448    196141056
     3371136            1          41.516      6742272       842784
     3371136            2           8.445     13484544      1685568
     3371136            4          15.944     26969088      3371136
     3371136            8          24.182     53938176      6742272
     3371136           16          48.518    107876352     13484544
     3371136           32          77.461    215752704     26969088
     3371136           64         147.768    431505408     53938176
     3371136          128         287.262    863010816    107876352
     3371136          256         566.565   1726021632    215752704
     3708096            1          52.735      7416192       927024
     3708096            2           9.071     14832384      1854048
     3708096            4          16.914     29664768      3708096
     3708096            8          27.631     59329536      7416192
     3708096           16          52.423    118659072     14832384
     3708096           32          83.644    237318144     29664768
     3708096           64         166.073    474636288     59329536
     3708096          128         315.355    949272576    118659072
     3708096          256         624.030   1898545152    237318144
     4078848            1          56.335      8157696      1019712
     4078848            2          10.873     16315392      2039424
     4078848            4          18.185     32630784      4078848
     4078848            8          32.095     65261568      8157696
     4078848           16          56.864    130523136     16315392
     4078848           32          91.562    261046272     32630784
     4078848           64         175.650    522092544     65261568
     4078848          128         347.021   1044185088    130523136
     4078848          256         699.071   2088370176    261046272
     4486656            1          58.590      8973312      1121664
     4486656            2          10.948     17946624      2243328
     4486656            4          37.015     35893248      4486656
     4486656            8          34.599     71786496      8973312
     4486656           16          62.118    143572992     17946624
     4486656           32         100.962    287145984     35893248
     4486656           64         193.963    574291968     71786496
     4486656          128         379.831   1148583936    143572992
     4935168            1          62.092      9870336      1233792
     4935168            2          14.536     19740672      2467584
     4935168            4          21.538     39481344      4935168
     4935168            8          39.793     78962688      9870336
     4935168           16          63.816    157925376     19740672
     4935168           32         112.550    315850752     39481344
     4935168           64         216.673    631701504     78962688
     4935168          128         431.721   1263403008    157925376
     5428608            1          71.865     10857216      1357152
     5428608            2          17.965     21714432      2714304
     5428608            4          21.835     43428864      5428608
     5428608            8          39.769     86857728     10857216
     5428608           16          68.190    173715456     21714432
     5428608           32         120.362    347430912     43428864
     5428608           64         252.910    694861824     86857728
     5428608          128         458.678   1389723648    173715456
     5971392            1          73.853     11942784      1492848
     5971392            2          16.030     23885568      2985696
     5971392            4          41.898     47771136      5971392
     5971392            8          42.226     95542272     11942784
     5971392           16          72.736    191084544     23885568
     5971392           32         131.203    382169088     47771136
     5971392           64         255.625    764338176     95542272
     5971392          128         519.424   1528676352    191084544
     6568512            1          76.991     13137024      1642128
     6568512            2          17.358     26274048      3284256
     6568512            4          27.859     52548096      6568512
     6568512            8          48.220    105096192     13137024
     6568512           16          78.497    210192384     26274048
     6568512           32         145.022    420384768     52548096
     6568512           64         297.378    840769536    105096192
     6568512          128         554.919   1681539072    210192384
     7225344            1         109.910     14450688      1806336
     7225344            2          18.489     28901376      3612672
     7225344            4          28.688     57802752      7225344
     7225344            8          52.077    115605504     14450688
     7225344           16          85.427    231211008     28901376
     7225344           32         160.251    462422016     57802752
     7225344           64         308.235    924844032    115605504
     7225344          128         623.840   1849688064    231211008
     7947840            1          99.090     15895680      1986960
     7947840            2          19.779     31791360      3973920
     7947840            4          35.341     63582720      7947840
     7947840            8          56.565    127165440     15895680
     7947840           16         111.276    254330880     31791360
     7947840           32         176.467    508661760     63582720
     7947840           64         340.826   1017323520    127165440
     7947840          128         683.886   2034647040    254330880
     8742528            1         106.174     17485056      2185632
     8742528            2          21.491     34970112      4371264
     8742528            4          36.604     69940224      8742528
     8742528            8          59.907    139880448     17485056
     8742528           16          99.526    279760896     34970112
     8742528           32         210.898    559521792     69940224
     8742528           64         372.520   1119043584    139880448
     9616704            1         113.643     19233408      2404176
     9616704            2          24.406     38466816      4808352
     9616704            4          40.926     76933632      9616704
     9616704            8          63.490    153867264     19233408
     9616704           16         129.245    307734528     38466816
     9616704           32         211.263    615469056     76933632
     9616704           64         410.555   1230938112    153867264
    10578240            1         124.405     21156480      2644560
    10578240            2          26.135     42312960      5289120
    10578240            4          42.878     84625920     10578240
    10578240            8          68.358    169251840     21156480
    10578240           16         119.901    338503680     42312960
    10578240           32         231.001    677007360     84625920
    10578240           64         465.268   1354014720    169251840
    11635968            1         138.281     23271936      2908992
    11635968            2          30.704     46543872      5817984
    11635968            4          46.136     93087744     11635968
    11635968            8          74.558    186175488     23271936
    11635968           16         131.091    372350976     46543872
    11635968           32         273.060    744701952     93087744
    11635968           64         494.918   1489403904    186175488
    12799488            1         167.588     25598976      3199872
    12799488            2          32.645     51197952      6399744
    12799488            4          48.872    102395904     12799488
    12799488            8          80.418    204791808     25598976
    12799488           16         144.015    409583616     51197952
    12799488           32         278.936    819167232    102395904
    12799488           64         564.587   1638334464    204791808
    14079360            1         167.324     28158720      3519840
    14079360            2          34.975     56317440      7039680
    14079360            4          56.064    112634880     14079360
    14079360            8          84.075    225269760     28158720
    14079360           16         178.028    450539520     56317440
    14079360           32         305.659    901079040    112634880
    14079360           64         612.328   1802158080    225269760
    15487296            1         175.996     30974592      3871824
    15487296            2          38.376     61949184      7743648
    15487296            4          61.456    123898368     15487296
    15487296            8          92.657    247796736     30974592
    15487296           16         173.465    495593472     61949184
    15487296           32         354.739    991186944    123898368
    15487296           64         659.389   1982373888    247796736
    17035968            1         207.072     34071936      4258992
    17035968            2          47.375     68143872      8517984
    17035968            4          66.810    136287744     17035968
    17035968            8         102.641    272575488     34071936
    17035968           16         190.080    545150976     68143872
    17035968           32         368.037   1090301952    136287744
    18739392            1         208.123     37478784      4684848
    18739392            2          47.987     74957568      9369696
    18739392            4          70.593    149915136     18739392
    18739392            8         111.502    299830272     37478784
    18739392           16         209.677    599660544     74957568
    18739392           32         422.391   1199321088    149915136
    20613312            1         232.990     41226624      5153328
    20613312            2          54.530     82453248     10306656
    20613312            4          75.197    164906496     20613312
    20613312            8         122.170    329812992     41226624
    20613312           16         255.092    659625984     82453248
    20613312           32         445.493   1319251968    164906496
    22674624            1         271.959     45349248      5668656
    22674624            2          78.842     90698496     11337312
    22674624            4          86.877    181396992     22674624
    22674624            8         136.606    362793984     45349248
    22674624           16         255.079    725587968     90698496
    22674624           32         512.166   1451175936    181396992
    24941952            1         242.025     49883904      6235488
    24941952            2          82.052     99767808     12470976
    24941952            4          89.550    199535616     24941952
    24941952            8         170.096    399071232     49883904
    24941952           16         290.008    798142464     99767808
    24941952           32         543.210   1596284928    199535616
    27436032            1         195.060     54872064      6859008
    27436032            2         103.314    109744128     13718016
    27436032            4         115.453    219488256     27436032
    27436032            8         189.640    438976512     54872064
    27436032           16         372.582    877953024    109744128
    27436032           32         677.025   1755906048    219488256
    30179520            1         157.462     60359040      7544880
    30179520            2         126.470    120718080     15089760
    30179520            4         153.465    241436160     30179520
    30179520            8         249.301    482872320     60359040
    30179520           16         473.283    965744640    120718080
    30179520           32         871.183   1931489280    241436160
    33197376            1         169.753     66394752      8299344
    33197376            2         142.455    132789504     16598688
    33197376            4         204.514    265579008     33197376
    33197376            8         313.591    531158016     66394752
    33197376           16         562.070   1062316032    132789504
    33197376           32        1095.110   2124632064    265579008
    36517056            1         206.453     73034112      9129264
    36517056            2         169.828    146068224     18258528
    36517056            4         222.578    292136448     36517056
    36517056            8         385.587    584272896     73034112
    36517056           16         683.301   1168545792    146068224
    40168704            1         222.139     80337408     10042176
    40168704            2         192.220    160674816     20084352
    40168704            4         265.349    321349632     40168704
    40168704            8         419.358    642699264     80337408
    40168704           16         769.447   1285398528    160674816
    44185536            1         236.821     88371072     11046384
    44185536            2         228.246    176742144     22092768
    44185536            4         284.931    353484288     44185536
    44185536            8         470.564    706968576     88371072
    44185536           16         870.243   1413937152    176742144
    48604032            1         241.133     97208064     12151008
    48604032            2         242.601    194416128     24302016
    48604032            4         319.355    388832256     48604032
    48604032            8         569.754    777664512     97208064
    48604032           16         985.034   1555329024    194416128
    53464320            1         306.658    106928640     13366080
    53464320            2         319.824    213857280     26732160
    53464320            4         398.260    427714560     53464320
    53464320            8         692.108    855429120    106928640
    53464320           16        1212.342   1710858240    213857280
    58810752            1         330.127    117621504     14702688
    58810752            2         406.086    235243008     29405376
    58810752            4         487.823    470486016     58810752
    58810752            8         824.922    940972032    117621504
    58810752           16        1406.992   1881944064    235243008
    64691712            1         393.253    129383424     16172928
    64691712            2         470.878    258766848     32345856
    64691712            4         594.004    517533696     64691712
    64691712            8         953.266   1035067392    129383424
    64691712           16        1696.571   2070134784    258766848
    71160768            1         467.578    142321536     17790192
    71160768            2         644.806    284643072     35580384
    71160768            4         773.446    569286144     71160768
    71160768            8        1246.138   1138572288    142321536
    78276672            1         522.891    156553344     19569168
    78276672            2         803.803    313106688     39138336
    78276672            4        1018.070    626213376     78276672
    78276672            8        1668.016   1252426752    156553344
    86104320            1         579.913    172208640     21526080
    86104320            2         971.061    344417280     43052160
    86104320            4        1286.373    688834560     86104320
    86104320            8        2175.348   1377669120    172208640
    94714752            1         663.782    189429504     23678688
    94714752            2        1164.945    378859008     47357376
    94714752            4        1610.940    757718016     94714752
    94714752            8        2706.776   1515436032    189429504
   104186112            1         788.136    208372224     26046528
   104186112            2        1386.705    416744448     52093056
   104186112            4        1932.627    833488896    104186112
   104186112            8        3276.144   1666977792    208372224
   114604608            1         872.715    229209216     28651152
   114604608            2        1573.759    458418432     57302304
   114604608            4        2277.729    916836864    114604608
   114604608            8        3852.885   1833673728    229209216
   126064896            1        1016.209    252129792     31516224
   126064896            2        1880.541    504259584     63032448
   126064896            4        2660.209   1008519168    126064896
   126064896            8        4524.277   2017038336    252129792
   138671232            1        1112.410    277342464     34667808
   138671232            2        2141.988    554684928     69335616
   138671232            4        3066.536   1109369856    138671232
   152538240            1        1286.787    305076480     38134560
   152538240            2        2442.606    610152960     76269120
   152538240            4        3556.578   1220305920    152538240
   167792064            1        1444.408    335584128     41948016
   167792064            2        2768.926    671168256     83896032
   167792064            4        4042.899   1342336512    167792064
   184571136            1        1613.313    369142272     46142784
   184571136            2        3107.349    738284544     92285568
   184571136            4        4603.267   1476569088    184571136
   203028096            1        1861.089    406056192     50757024
   203028096            2        3574.880    812112384    101514048
   203028096            4        5267.296   1624224768    203028096
   223330752            1        2075.235    446661504     55832688
   223330752            2        4003.194    893323008    111665376
   223330752            4        5985.302   1786646016    223330752
   245663808            1        2280.676    491327616     61415952
   245663808            2        4468.478    982655232    122831904
   245663808            4        6622.389   1965310464    245663808
   270230016            1        2595.823    540460032     67557504
   270230016            2        5111.304   1080920064    135115008
   297252864            1        2912.985    594505728     74313216
   297252864            2        5630.125   1189011456    148626432
   326978112            1        3192.391    653956224     81744528
   326978112            2        6244.536   1307912448    163489056
   359675904            1        3522.697    719351808     89918976
   359675904            2        6999.149   1438703616    179837952
   395643456            1        3964.863    791286912     98910864
   395643456            2        7796.255   1582573824    197821728
   435207744            1        4345.833    870415488    108801936
   435207744            2        8611.764   1740830976    217603872
   478728384            1        4804.702    957456768    119682096
   478728384            2        9592.332   1914913536    239364192
   526601088            1        5344.952   1053202176    131650272
   526601088            2       10630.401   2106404352    263300544
   579261120            1        5905.815   1158522240    144815280
   637187136            1        6562.641   1274374272    159296784
   700905792            1        7298.588   1401811584    175226448
   770996352            1        8090.588   1541992704    192749088
   848095872            1        8874.650   1696191744    212023968
   932905344            1        9780.441   1865810688    233226336
  1026195840            1       10814.181   2052391680    256548960

META_DATA
FLOPS          2
MPI_PROCS      1
OPENMP_THREADS 24
ERT_VERSION  1.1.0
HOSTNAME  ('deepv.deep', [], ['10.2.8.6'])
UNAME  uname_result(system='Linux', node='deepv', release='4.18.0-513.11.1.el8_9.0.1.x86_64', version='#1 SMP Sun Feb 11 10:42:18 UTC 2024', machine='x86_64')
TIMESTAMP_DATA  1710501480.8847568
CONFIG  {'ERT_RESULTS': ['Results.cn.deep.fz-juelich.de.01.gcc2023-O3'], 'ERT_DRIVER': ['driver1'], 'ERT_KERNEL': ['kernel1'], 'ERT_MPI': ['True'], 'ERT_MPI_CFLAGS': ['-I', '/p/software/deep/stages/2023/software/psmpi/5.9.2-1-GCC-11.3.0/include'], 'ERT_MPI_LDFLAGS': ['-L', '/p/software/deep/stages/2023/software/psmpi/5.9.2-1-GCC-11.3.0/lib', '-lmpi'], 'ERT_OPENMP': ['True'], 'ERT_OPENMP_CFLAGS': ['-fopenmp'], 'ERT_OPENMP_LDFLAGS': ['-fopenmp'], 'ERT_FLOPS': ['1,2,4,8,16,64,128'], 'ERT_ALIGN': ['64'], 'ERT_CC': ['mpicxx'], 'ERT_CFLAGS': ['-g', '-O3', '-mavx'], 'ERT_LD': ['mpicxx'], 'ERT_LDFLAGS': [], 'ERT_LDLIBS': [], 'ERT_PRECISION': ['FP64'], 'ERT_RUN': ['export', 'OMP_NUM_THREADS=ERT_OPENMP_THREADS;', 'export', 'OMP_PLACES="cores(ERT_OPENMP_THREADS)";', 'srun', '-p', 'dp-cn', '-n', 'ERT_MPI_PROCS', '-c', '48', '--ntasks-per-node', '1', 'ERT_CODE'], 'ERT_PROCS_THREADS': ['24'], 'ERT_MPI_PROCS': ['1'], 'ERT_OPENMP_THREADS': ['24'], 'ERT_NUM_EXPERIMENTS': ['5'], 'ERT_MEMORY_MAX': ['1073741824'], 'ERT_WORKING_SET_MIN': ['128'], 'ERT_TRIALS_MIN': ['1'], 'ERT_GNUPLOT': ['gnuplot'], 'ERT_GPU': [False], 'ERT_HIP': [False], 'ERT_OCL': [False], 'ERT_SYCL': [False], 'ERT_WSS_MULT': [1.1]}
