fp64
       24576            1           2.163        49152         6144
       24576            2          17.185        98304        12288
       24576            4          27.474       196608        24576
       24576            8           4.606       393216        49152
       24576           16           3.940       786432        98304
       24576           32           4.099      1572864       196608
       24576           64           4.176      3145728       393216
       24576          128           3.749      6291456       786432
       24576          256           5.230     12582912      1572864
       24576          512           9.834     25165824      3145728
       24576         1024          18.433     50331648      6291456
       24576         2048          34.566    100663296     12582912
       24576         4096          69.634    201326592     25165824
       24576         8192         100.576    402653184     50331648
       24576        16384         200.181    805306368    100663296
       24576        32768         414.036   1610612736    201326592
       26880            1           2.965        53760         6720
       26880            2          18.028       107520        13440
       26880            4           4.475       215040        26880
       26880            8           6.881       430080        53760
       26880           16           4.864       860160       107520
       26880           32           4.074      1720320       215040
       26880           64           3.398      3440640       430080
       26880          128           5.445      6881280       860160
       26880          256           8.191     13762560      1720320
       26880          512          16.145     27525120      3440640
       26880         1024          28.651     55050240      6881280
       26880         2048          44.594    110100480     13762560
       26880         4096          88.492    220200960     27525120
       26880         8192         128.579    440401920     55050240
       26880        16384         249.067    880803840    110100480
       26880        32768         505.802   1761607680    220200960
       29568            1           2.726        59136         7392
       29568            2           7.089       118272        14784
       29568            4           4.447       236544        29568
       29568            8           5.164       473088        59136
       29568           16           7.301       946176       118272
       29568           32           6.188      1892352       236544
       29568           64           4.490      3784704       473088
       29568          128           4.072      7569408       946176
       29568          256           6.934     15138816      1892352
       29568          512          11.622     30277632      3784704
       29568         1024          23.277     60555264      7569408
       29568         2048          44.174    121110528     15138816
       29568         4096          61.404    242221056     30277632
       29568         8192         116.152    484442112     60555264
       29568        16384         254.043    968884224    121110528
       29568        32768         465.114   1937768448    242221056
       32448            1           2.168        64896         8112
       32448            2           4.194       129792        16224
       32448            4          20.405       259584        32448
       32448            8           4.902       519168        64896
       32448           16           4.492      1038336       129792
       32448           32           5.359      2076672       259584
       32448           64           4.821      4153344       519168
       32448          128           5.410      8306688      1038336
       32448          256           7.242     16613376      2076672
       32448          512          12.282     33226752      4153344
       32448         1024          25.155     66453504      8306688
       32448         2048          40.993    132907008     16613376
       32448         4096          65.465    265814016     33226752
       32448         8192         125.640    531628032     66453504
       32448        16384         249.669   1063256064    132907008
       32448        32768         513.352   2126512128    265814016
       35520            1           3.972        71040         8880
       35520            2          13.908       142080        17760
       35520            4           5.269       284160        35520
       35520            8           4.157       568320        71040
       35520           16           4.056      1136640       142080
       35520           32           2.291      2273280       284160
       35520           64           5.509      4546560       568320
       35520          128           5.561      9093120      1136640
       35520          256           8.474     18186240      2273280
       35520          512          13.763     36372480      4546560
       35520         1024          28.911     72744960      9093120
       35520         2048          37.577    145489920     18186240
       35520         4096          87.230    290979840     36372480
       35520         8192         136.178    581959680     72744960
       35520        16384         270.051   1163919360    145489920
       38976            1           1.929        77952         9744
       38976            2           4.241       155904        19488
       38976            4          29.202       311808        38976
       38976            8           4.555       623616        77952
       38976           16           5.166      1247232       155904
       38976           32           5.381      2494464       311808
       38976           64           4.478      4988928       623616
       38976          128           6.668      9977856      1247232
       38976          256           9.143     19955712      2494464
       38976          512          16.766     39911424      4988928
       38976         1024          30.598     79822848      9977856
       38976         2048          49.409    159645696     19955712
       38976         4096          73.228    319291392     39911424
       38976         8192         144.447    638582784     79822848
       38976        16384         287.259   1277165568    159645696
       42816            1           3.722        85632        10704
       42816            2           4.270       171264        21408
       42816            4          14.849       342528        42816
       42816            8           4.910       685056        85632
       42816           16           4.347      1370112       171264
       42816           32           5.448      2740224       342528
       42816           64           5.102      5480448       685056
       42816          128           7.385     10960896      1370112
       42816          256           9.890     21921792      2740224
       42816          512          18.937     43843584      5480448
       42816         1024          36.181     87687168     10960896
       42816         2048          47.044    175374336     21921792
       42816         4096          84.897    350748672     43843584
       42816         8192         163.878    701497344     87687168
       42816        16384         338.404   1402994688    175374336
       47040            1           3.679        94080        11760
       47040            2           3.253       188160        23520
       47040            4           3.565       376320        47040
       47040            8          14.987       752640        94080
       47040           16           5.761      1505280       188160
       47040           32           5.792      3010560       376320
       47040           64           4.078      6021120       752640
       47040          128           6.528     12042240      1505280
       47040          256          10.232     24084480      3010560
       47040          512          19.148     48168960      6021120
       47040         1024          34.112     96337920     12042240
       47040         2048          49.653    192675840     24084480
       47040         4096          90.201    385351680     48168960
       47040         8192         172.329    770703360     96337920
       47040        16384         338.023   1541406720    192675840
       51648            1           3.720       103296        12912
       51648            2          17.746       206592        25824
       51648            4          12.673       413184        51648
       51648            8           5.861       826368       103296
       51648           16           3.833      1652736       206592
       51648           32           4.489      3305472       413184
       51648           64           4.755      6610944       826368
       51648          128           6.287     13221888      1652736
       51648          256          11.673     26443776      3305472
       51648          512          20.997     52887552      6610944
       51648         1024          37.197    105775104     13221888
       51648         2048          51.339    211550208     26443776
       51648         4096          99.495    423100416     52887552
       51648         8192         186.146    846200832    105775104
       51648        16384         380.110   1692401664    211550208
       56640            1           3.473       113280        14160
       56640            2           4.492       226560        28320
       56640            4           4.724       453120        56640
       56640            8          11.618       906240       113280
       56640           16           6.118      1812480       226560
       56640           32           4.942      3624960       453120
       56640           64           5.681      7249920       906240
       56640          128           7.065     14499840      1812480
       56640          256          13.398     28999680      3624960
       56640          512          23.527     57999360      7249920
       56640         1024          41.349    115998720     14499840
       56640         2048          57.237    231997440     28999680
       56640         4096         105.109    463994880     57999360
       56640         8192         202.429    927989760    115998720
       56640        16384         399.153   1855979520    231997440
       62208            1           4.126       124416        15552
       62208            2           3.477       248832        31104
       62208            4           5.380       497664        62208
       62208            8           4.866       995328       124416
       62208           16           3.567      1990656       248832
       62208           32           4.825      3981312       497664
       62208           64           6.050      7962624       995328
       62208          128           7.656     15925248      1990656
       62208          256          14.211     31850496      3981312
       62208          512          28.557     63700992      7962624
       62208         1024          40.492    127401984     15925248
       62208         2048          63.221    254803968     31850496
       62208         4096         119.634    509607936     63700992
       62208         8192         234.488   1019215872    127401984
       62208        16384         473.193   2038431744    254803968
       68352            1           3.760       136704        17088
       68352            2           4.174       273408        34176
       68352            4           3.482       546816        68352
       68352            8          16.515      1093632       136704
       68352           16           4.091      2187264       273408
       68352           32           5.682      4374528       546816
       68352           64           4.985      8749056      1093632
       68352          128           7.685     17498112      2187264
       68352          256          14.035     34996224      4374528
       68352          512          29.461     69992448      8749056
       68352         1024          46.671    139984896     17498112
       68352         2048          89.967    279969792     34996224
       68352         4096         130.043    559939584     69992448
       68352         8192         255.507   1119879168    139984896
       75072            1           2.568       150144        18768
       75072            2           5.371       300288        37536
       75072            4           5.555       600576        75072
       75072            8           4.030      1201152       150144
       75072           16           4.945      2402304       300288
       75072           32           5.410      4804608       600576
       75072           64           5.036      9609216      1201152
       75072          128           9.739     19218432      2402304
       75072          256          17.849     38436864      4804608
       75072          512          27.919     76873728      9609216
       75072         1024          46.995    153747456     19218432
       75072         2048          73.966    307494912     38436864
       75072         4096         139.259    614989824     76873728
       75072         8192         272.801   1229979648    153747456
       82560            1           6.589       165120        20640
       82560            2          12.830       330240        41280
       82560            4           4.130       660480        82560
       82560            8           4.737      1320960       165120
       82560           16           3.060      2641920       330240
       82560           32           3.918      5283840       660480
       82560           64           6.190     10567680      1320960
       82560          128           9.106     21135360      2641920
       82560          256          18.244     42270720      5283840
       82560          512          34.846     84541440     10567680
       82560         1024          43.023    169082880     21135360
       82560         2048          79.589    338165760     42270720
       82560         4096         152.554    676331520     84541440
       82560         8192         298.595   1352663040    169082880
       90816            1           3.029       181632        22704
       90816            2           5.180       363264        45408
       90816            4           4.860       726528        90816
       90816            8          12.872      1453056       181632
       90816           16           4.461      2906112       363264
       90816           32           6.954      5812224       726528
       90816           64           5.228     11624448      1453056
       90816          128          11.356     23248896      2906112
       90816          256          19.532     46497792      5812224
       90816          512          37.466     92995584     11624448
       90816         1024          47.014    185991168     23248896
       90816         2048          88.105    371982336     46497792
       90816         4096         170.686    743964672     92995584
       90816         8192         344.250   1487929344    185991168
       99840            1           4.948       199680        24960
       99840            2          14.764       399360        49920
       99840            4           3.542       798720        99840
       99840            8           5.341      1597440       199680
       99840           16           4.686      3194880       399360
       99840           32           7.389      6389760       798720
       99840           64           6.663     12779520      1597440
       99840          128          10.560     25559040      3194880
       99840          256          21.229     51118080      6389760
       99840          512          39.324    102236160     12779520
       99840         1024          50.956    204472320     25559040
       99840         2048         112.901    408944640     51118080
       99840         4096         184.468    817889280    102236160
       99840         8192         357.284   1635778560    204472320
      109824            1           3.725       219648        27456
      109824            2           2.721       439296        54912
      109824            4          14.611       878592       109824
      109824            8           3.223      1757184       219648
      109824           16           4.428      3514368       439296
      109824           32           5.455      7028736       878592
      109824           64           8.414     14057472      1757184
      109824          128          11.290     28114944      3514368
      109824          256          22.903     56229888      7028736
      109824          512          44.152    112459776     14057472
      109824         1024          55.399    224919552     28114944
      109824         2048         105.046    449839104     56229888
      109824         4096         200.128    899678208    112459776
      109824         8192         400.769   1799356416    224919552
      120768            1           4.622       241536        30192
      120768            2          10.514       483072        60384
      120768            4           5.822       966144       120768
      120768            8           5.456      1932288       241536
      120768           16          12.827      3864576       483072
      120768           32           5.024      7729152       966144
      120768           64           7.377     15458304      1932288
      120768          128          12.779     30916608      3864576
      120768          256          24.710     61833216      7729152
      120768          512          45.903    123666432     15458304
      120768         1024          59.514    247332864     30916608
      120768         2048         111.483    494665728     61833216
      120768         4096         234.049    989331456    123666432
      120768         8192         422.056   1978662912    247332864
      132672            1           2.967       265344        33168
      132672            2           3.892       530688        66336
      132672            4          20.624      1061376       132672
      132672            8           4.258      2122752       265344
      132672           16           3.619      4245504       530688
      132672           32           8.676      8491008      1061376
      132672           64           9.030     16982016      2122752
      132672          128          13.606     33964032      4245504
      132672          256          25.733     67928064      8491008
      132672          512          42.609    135856128     16982016
      132672         1024          64.735    271712256     33964032
      132672         2048         123.355    543424512     67928064
      132672         4096         234.820   1086849024    135856128
      145920            1           4.265       291840        36480
      145920            2           3.972       583680        72960
      145920            4          19.897      1167360       145920
      145920            8           4.904      2334720       291840
      145920           16           4.470      4669440       583680
      145920           32           7.115      9338880      1167360
      145920           64           8.000     18677760      2334720
      145920          128          16.502     37355520      4669440
      145920          256          28.942     74711040      9338880
      145920          512          46.997    149422080     18677760
      145920         1024          69.135    298844160     37355520
      145920         2048         135.689    597688320     74711040
      145920         4096         257.163   1195376640    149422080
      160512            1           2.921       321024        40128
      160512            2          17.843       642048        80256
      160512            4          17.148      1284096       160512
      160512            8           3.879      2568192       321024
      160512           16           4.958      5136384       642048
      160512           32           5.211     10272768      1284096
      160512           64           8.924     20545536      2568192
      160512          128          17.064     41091072      5136384
      160512          256          28.756     82182144     10272768
      160512          512          49.008    164364288     20545536
      160512         1024          75.715    328728576     41091072
      160512         2048         144.042    657457152     82182144
      160512         4096         301.553   1314914304    164364288
      176448            1           4.654       352896        44112
      176448            2           3.675       705792        88224
      176448            4          13.750      1411584       176448
      176448            8           3.474      2823168       352896
      176448           16           6.366      5646336       705792
      176448           32           6.518     11292672      1411584
      176448           64           8.675     22585344      2823168
      176448          128          18.326     45170688      5646336
      176448          256          31.308     90341376     11292672
      176448          512          50.279    180682752     22585344
      176448         1024          81.253    361365504     45170688
      176448         2048         178.567    722731008     90341376
      176448         4096         308.440   1445462016    180682752
      193920            1           3.108       387840        48480
      193920            2           3.223       775680        96960
      193920            4          33.534      1551360       193920
      193920            8           4.158      3102720       387840
      193920           16           4.619      6205440       775680
      193920           32           6.327     12410880      1551360
      193920           64           9.952     24821760      3102720
      193920          128          18.589     49643520      6205440
      193920          256          36.538     99287040     12410880
      193920          512          51.257    198574080     24821760
      193920         1024          88.395    397148160     49643520
      193920         2048         173.974    794296320     99287040
      193920         4096         340.205   1588592640    198574080
      213312            1           4.990       426624        53328
      213312            2          10.470       853248       106656
      213312            4          11.741      1706496       213312
      213312            8           3.106      3412992       426624
      213312           16           6.827      6825984       853248
      213312           32           6.732     13651968      1706496
      213312           64          10.727     27303936      3412992
      213312          128          22.324     54607872      6825984
      213312          256          44.048    109215744     13651968
      213312          512          51.229    218431488     27303936
      213312         1024          97.296    436862976     54607872
      213312         2048         191.581    873725952    109215744
      213312         4096         389.137   1747451904    218431488
      234624            1           3.865       469248        58656
      234624            2           9.955       938496       117312
      234624            4          19.096      1876992       234624
      234624            8           5.568      3753984       469248
      234624           16           5.222      7507968       938496
      234624           32           6.605     15015936      1876992
      234624           64          13.176     30031872      3753984
      234624          128          21.910     60063744      7507968
      234624          256          43.431    120127488     15015936
      234624          512         105.554    240254976     30031872
      234624         1024         170.944    480509952     60063744
      234624         2048         340.904    961019904    120127488
      234624         4096         698.915   1922039808    240254976
      258048            1           4.440       516096        64512
      258048            2           1.715      1032192       129024
      258048            4          14.742      2064384       258048
      258048            8          12.342      4128768       516096
      258048           16           7.207      8257536      1032192
      258048           32           9.053     16515072      2064384
      258048           64          11.783     33030144      4128768
      258048          128          23.734     66060288      8257536
      258048          256          48.060    132120576     16515072
      258048          512          93.825    264241152     33030144
      258048         1024         186.825    528482304     66060288
      258048         2048         373.485   1056964608    132120576
      258048         4096         758.748   2113929216    264241152
      283776            1           5.480       567552        70944
      283776            2           3.764      1135104       141888
      283776            4           4.646      2270208       283776
      283776            8           4.971      4540416       567552
      283776           16           5.693      9080832      1135104
      283776           32           8.509     18161664      2270208
      283776           64          12.651     36323328      4540416
      283776          128          27.571     72646656      9080832
      283776          256          53.620    145293312     18161664
      283776          512         101.992    290586624     36323328
      283776         1024         204.228    581173248     72646656
      283776         2048         423.611   1162346496    145293312
      312000            1           7.058       624000        78000
      312000            2           3.228      1248000       156000
      312000            4           4.474      2496000       312000
      312000            8          30.768      4992000       624000
      312000           16           4.527      9984000      1248000
      312000           32           9.051     19968000      2496000
      312000           64          15.012     39936000      4992000
      312000          128          28.634     79872000      9984000
      312000          256          45.846    159744000     19968000
      312000          512          71.930    319488000     39936000
      312000         1024         145.687    638976000     79872000
      312000         2048         272.008   1277952000    159744000
      343104            1           5.211       686208        85776
      343104            2           3.989      1372416       171552
      343104            4           4.345      2744832       343104
      343104            8           4.372      5489664       686208
      343104           16           6.312     10979328      1372416
      343104           32           8.297     21958656      2744832
      343104           64          17.895     43917312      5489664
      343104          128          30.516     87834624     10979328
      343104          256          48.969    175669248     21958656
      343104          512          79.126    351338496     43917312
      343104         1024         152.807    702676992     87834624
      343104         2048         295.819   1405353984    175669248
      377280            1           6.467       754560        94320
      377280            2           4.408      1509120       188640
      377280            4           3.776      3018240       377280
      377280            8          13.076      6036480       754560
      377280           16           6.806     12072960      1509120
      377280           32          10.477     24145920      3018240
      377280           64          19.177     48291840      6036480
      377280          128          32.511     96583680     12072960
      377280          256          50.444    193167360     24145920
      377280          512          85.874    386334720     48291840
      377280         1024         170.087    772669440     96583680
      377280         2048         342.197   1545338880    193167360
      414912            1           7.873       829824       103728
      414912            2          13.901      1659648       207456
      414912            4          15.024      3319296       414912
      414912            8           5.283      6638592       829824
      414912           16           6.894     13277184      1659648
      414912           32          11.502     26554368      3319296
      414912           64          21.401     53108736      6638592
      414912          128          37.220    106217472     13277184
      414912          256          51.313    212434944     26554368
      414912          512          94.182    424869888     53108736
      414912         1024         203.558    849739776    106217472
      414912         2048         355.699   1699479552    212434944
      456384            1           5.422       912768       114096
      456384            2          19.234      1825536       228192
      456384            4          13.505      3651072       456384
      456384            8           4.340      7302144       912768
      456384           16           7.466     14604288      1825536
      456384           32          12.366     29208576      3651072
      456384           64          24.099     58417152      7302144
      456384          128          41.497    116834304     14604288
      456384          256          55.388    233668608     29208576
      456384          512         102.361    467337216     58417152
      456384         1024         200.933    934674432    116834304
      456384         2048         389.546   1869348864    233668608
      501888            1           8.525      1003776       125472
      501888            2           4.746      2007552       250944
      501888            4           4.607      4015104       501888
      501888            8           6.314      8030208      1003776
      501888           16           7.547     16060416      2007552
      501888           32          11.665     32120832      4015104
      501888           64          26.460     64241664      8030208
      501888          128          43.223    128483328     16060416
      501888          256          59.347    256966656     32120832
      501888          512         117.331    513933312     64241664
      501888         1024         239.130   1027866624    128483328
      501888         2048         430.021   2055733248    256966656
      552000            1           7.868      1104000       138000
      552000            2          21.705      2208000       276000
      552000            4           5.044      4416000       552000
      552000            8           5.945      8832000      1104000
      552000           16           9.718     17664000      2208000
      552000           32          13.351     35328000      4416000
      552000           64          28.460     70656000      8832000
      552000          128          48.739    141312000     17664000
      552000          256          66.243    282624000     35328000
      552000          512         121.181    565248000     70656000
      552000         1024         241.234   1130496000    141312000
      607104            1           8.491      1214208       151776
      607104            2          15.256      2428416       303552
      607104            4           5.727      4856832       607104
      607104            8           5.741      9713664      1214208
      607104           16           9.741     19427328      2428416
      607104           32          16.001     38854656      4856832
      607104           64          29.932     77709312      9713664
      607104          128          51.590    155418624     19427328
      607104          256          72.013    310837248     38854656
      607104          512         138.363    621674496     77709312
      607104         1024         265.694   1243348992    155418624
      667776            1           8.571      1335552       166944
      667776            2           4.336      2671104       333888
      667776            4          16.267      5342208       667776
      667776            8           6.993     10684416      1335552
      667776           16          10.213     21368832      2671104
      667776           32          15.687     42737664      5342208
      667776           64          28.775     85475328     10684416
      667776          128          53.613    170950656     21368832
      667776          256          84.139    341901312     42737664
      667776          512         154.010    683802624     85475328
      667776         1024         311.572   1367605248    170950656
      734400            1           9.367      1468800       183600
      734400            2          14.041      2937600       367200
      734400            4          12.878      5875200       734400
      734400            8           7.155     11750400      1468800
      734400           16          11.897     23500800      2937600
      734400           32          20.585     47001600      5875200
      734400           64          36.903     94003200     11750400
      734400          128          53.884    188006400     23500800
      734400          256         108.935    376012800     47001600
      734400          512         162.798    752025600     94003200
      734400         1024         326.698   1504051200    188006400
      807744            1           9.350      1615488       201936
      807744            2          39.744      3230976       403872
      807744            4           6.286      6461952       807744
      807744            8           7.868     12923904      1615488
      807744           16          13.907     25847808      3230976
      807744           32          25.100     51695616      6461952
      807744           64          42.619    103391232     12923904
      807744          128          56.196    206782464     25847808
      807744          256         107.034    413564928     51695616
      807744          512         208.787    827129856    103391232
      807744         1024         399.891   1654259712    206782464
      888384            1          10.491      1776768       222096
      888384            2           6.462      3553536       444192
      888384            4          16.774      7107072       888384
      888384            8           9.427     14214144      1776768
      888384           16          12.947     28428288      3553536
      888384           32          31.005     56856576      7107072
      888384           64          49.055    113713152     14214144
      888384          128          80.126    227426304     28428288
      888384          256         154.641    454852608     56856576
      888384          512         320.280    909705216    113713152
      888384         1024         597.484   1819410432    227426304
      977088            1          10.096      1954176       244272
      977088            2          30.386      3908352       488544
      977088            4           7.601      7816704       977088
      977088            8          10.582     15633408      1954176
      977088           16          16.221     31266816      3908352
      977088           32          30.044     62533632      7816704
      977088           64          52.510    125067264     15633408
      977088          128          88.088    250134528     31266816
      977088          256         169.121    500269056     62533632
      977088          512         346.436   1000538112    125067264
      977088         1024         658.358   2001076224    250134528
     1074624            1          13.595      2149248       268656
     1074624            2           4.974      4298496       537312
     1074624            4           6.888      8596992      1074624
     1074624            8          12.620     17193984      2149248
     1074624           16          15.801     34387968      4298496
     1074624           32          34.113     68775936      8596992
     1074624           64          57.672    137551872     17193984
     1074624          128          94.852    275103744     34387968
     1074624          256         188.649    550207488     68775936
     1074624          512         379.472   1100414976    137551872
     1181952            1          16.145      2363904       295488
     1181952            2          15.054      4727808       590976
     1181952            4           7.651      9455616      1181952
     1181952            8          11.021     18911232      2363904
     1181952           16          20.456     37822464      4727808
     1181952           32          35.875     75644928      9455616
     1181952           64          58.147    151289856     18911232
     1181952          128         103.902    302579712     37822464
     1181952          256         223.414    605159424     75644928
     1181952          512         401.106   1210318848    151289856
     1300032            1          14.022      2600064       325008
     1300032            2           6.162      5200128       650016
     1300032            4           5.241     10400256      1300032
     1300032            8          14.426     20800512      2600064
     1300032           16          18.863     41601024      5200128
     1300032           32          34.912     83202048     10400256
     1300032           64          64.320    166404096     20800512
     1300032          128         114.126    332808192     41601024
     1300032          256         224.488    665616384     83202048
     1300032          512         438.560   1331232768    166404096
     1430016            1          17.369      2860032       357504
     1430016            2           6.401      5720064       715008
     1430016            4           7.962     11440128      1430016
     1430016            8          11.597     22880256      2860032
     1430016           16          22.575     45760512      5720064
     1430016           32          39.253     91521024     11440128
     1430016           64          70.693    183042048     22880256
     1430016          128         125.033    366084096     45760512
     1430016          256         264.270    732168192     91521024
     1430016          512         482.235   1464336384    183042048
     1572864            1          18.621      3145728       393216
     1572864            2          13.673      6291456       786432
     1572864            4           9.387     12582912      1572864
     1572864            8          13.266     25165824      3145728
     1572864           16          26.523     50331648      6291456
     1572864           32          44.335    100663296     12582912
     1572864           64          70.957    201326592     25165824
     1572864          128         138.363    402653184     50331648
     1572864          256         271.978    805306368    100663296
     1572864          512         542.614   1610612736    201326592
     1730112            1          22.568      3460224       432528
     1730112            2           5.341      6920448       865056
     1730112            4           9.019     13840896      1730112
     1730112            8          13.825     27681792      3460224
     1730112           16          28.956     55363584      6920448
     1730112           32          51.162    110727168     13840896
     1730112           64          77.024    221454336     27681792
     1730112          128         152.442    442908672     55363584
     1730112          256         294.092    885817344    110727168
     1730112          512         594.751   1771634688    221454336
     1903104            1          31.150      3806208       475776
     1903104            2           6.246      7612416       951552
     1903104            4           8.639     15224832      1903104
     1903104            8          15.081     30449664      3806208
     1903104           16          31.304     60899328      7612416
     1903104           32          53.059    121798656     15224832
     1903104           64          85.276    243597312     30449664
     1903104          128         183.185    487194624     60899328
     1903104          256         322.301    974389248    121798656
     1903104          512         654.862   1948778496    243597312
     2093376            1          34.425      4186752       523344
     2093376            2           7.349      8373504      1046688
     2093376            4          10.542     16747008      2093376
     2093376            8          16.674     33494016      4186752
     2093376           16          31.629     66988032      8373504
     2093376           32          55.630    133976064     16747008
     2093376           64          92.116    267952128     33494016
     2093376          128         179.735    535904256     66988032
     2093376          256         372.860   1071808512    133976064
     2093376          512         712.560   2143617024    267952128
     2302656            1          39.991      4605312       575664
     2302656            2           7.425      9210624      1151328
     2302656            4          11.721     18421248      2302656
     2302656            8          17.572     36842496      4605312
     2302656           16          34.984     73684992      9210624
     2302656           32          63.563    147369984     18421248
     2302656           64         102.738    294739968     36842496
     2302656          128         217.915    589479936     73684992
     2302656          256         393.018   1178959872    147369984
     2532864            1          32.179      5065728       633216
     2532864            2           7.443     10131456      1266432
     2532864            4          11.247     20262912      2532864
     2532864            8          18.144     40525824      5065728
     2532864           16          37.078     81051648     10131456
     2532864           32          63.468    162103296     20262912
     2532864           64         111.737    324206592     40525824
     2532864          128         217.882    648413184     81051648
     2532864          256         429.010   1296826368    162103296
     2786112            1          42.770      5572224       696528
     2786112            2          10.670     11144448      1393056
     2786112            4          13.576     22288896      2786112
     2786112            8          21.660     44577792      5572224
     2786112           16          40.649     89155584     11144448
     2786112           32          68.801    178311168     22288896
     2786112           64         122.729    356622336     44577792
     2786112          128         238.618    713244672     89155584
     2786112          256         486.623   1426489344    178311168
     3064704            1          51.379      6129408       766176
     3064704            2           8.160     12258816      1532352
     3064704            4          14.797     24517632      3064704
     3064704            8          39.069     49035264      6129408
     3064704           16          41.996     98070528     12258816
     3064704           32          74.190    196141056     24517632
     3064704           64         133.809    392282112     49035264
     3064704          128         262.224    784564224     98070528
     3064704          256         527.358   1569128448    196141056
     3371136            1          51.283      6742272       842784
     3371136            2           9.934     13484544      1685568
     3371136            4          16.069     26969088      3371136
     3371136            8          26.441     53938176      6742272
     3371136           16          49.423    107876352     13484544
     3371136           32          77.486    215752704     26969088
     3371136           64         147.259    431505408     53938176
     3371136          128         304.972    863010816    107876352
     3371136          256         576.344   1726021632    215752704
     3708096            1          52.861      7416192       927024
     3708096            2           9.357     14832384      1854048
     3708096            4          19.157     29664768      3708096
     3708096            8          28.566     59329536      7416192
     3708096           16          52.704    118659072     14832384
     3708096           32          86.170    237318144     29664768
     3708096           64         164.234    474636288     59329536
     3708096          128         334.406    949272576    118659072
     3708096          256         625.399   1898545152    237318144
     4078848            1          52.149      8157696      1019712
     4078848            2          11.447     16315392      2039424
     4078848            4          19.247     32630784      4078848
     4078848            8          32.674     65261568      8157696
     4078848           16          58.516    130523136     16315392
     4078848           32          91.235    261046272     32630784
     4078848           64         178.645    522092544     65261568
     4078848          128         363.810   1044185088    130523136
     4078848          256         687.739   2088370176    261046272
     4486656            1          54.555      8973312      1121664
     4486656            2          11.982     17946624      2243328
     4486656            4          19.692     35893248      4486656
     4486656            8          34.980     71786496      8973312
     4486656           16          58.947    143572992     17946624
     4486656           32         101.306    287145984     35893248
     4486656           64         196.315    574291968     71786496
     4486656          128         395.875   1148583936    143572992
     4935168            1          64.005      9870336      1233792
     4935168            2          12.029     19740672      2467584
     4935168            4          22.754     39481344      4935168
     4935168            8          36.938     78962688      9870336
     4935168           16          64.548    157925376     19740672
     4935168           32         112.829    315850752     39481344
     4935168           64         231.933    631701504     78962688
     4935168          128         419.714   1263403008    157925376
     5428608            1          87.572     10857216      1357152
     5428608            2          13.896     21714432      2714304
     5428608            4          22.739     43428864      5428608
     5428608            8          39.001     86857728     10857216
     5428608           16          70.404    173715456     21714432
     5428608           32         119.688    347430912     43428864
     5428608           64         235.144    694861824     86857728
     5428608          128         473.604   1389723648    173715456
     5971392            1          74.929     11942784      1492848
     5971392            2          16.971     23885568      2985696
     5971392            4          23.805     47771136      5971392
     5971392            8          41.096     95542272     11942784
     5971392           16          75.950    191084544     23885568
     5971392           32         131.555    382169088     47771136
     5971392           64         275.560    764338176     95542272
     5971392          128         505.461   1528676352    191084544
     6568512            1          81.762     13137024      1642128
     6568512            2          16.405     26274048      3284256
     6568512            4          27.799     52548096      6568512
     6568512            8          49.726    105096192     13137024
     6568512           16          76.717    210192384     26274048
     6568512           32         143.864    420384768     52548096
     6568512           64         282.695    840769536    105096192
     6568512          128         580.442   1681539072    210192384
     7225344            1          89.943     14450688      1806336
     7225344            2          19.020     28901376      3612672
     7225344            4          31.050     57802752      7225344
     7225344            8          52.409    115605504     14450688
     7225344           16          83.880    231211008     28901376
     7225344           32         160.655    462422016     57802752
     7225344           64         308.844    924844032    115605504
     7225344          128         625.719   1849688064    231211008
     7947840            1         100.227     15895680      1986960
     7947840            2          20.577     31791360      3973920
     7947840            4          34.785     63582720      7947840
     7947840            8          55.612    127165440     15895680
     7947840           16         108.356    254330880     31791360
     7947840           32         174.433    508661760     63582720
     7947840           64         341.208   1017323520    127165440
     7947840          128         683.787   2034647040    254330880
     8742528            1         107.606     17485056      2185632
     8742528            2          22.648     34970112      4371264
     8742528            4          37.715     69940224      8742528
     8742528            8          61.235    139880448     17485056
     8742528           16         102.473    279760896     34970112
     8742528           32         210.812    559521792     69940224
     8742528           64         373.171   1119043584    139880448
     9616704            1         106.097     19233408      2404176
     9616704            2          25.580     38466816      4808352
     9616704            4          39.503     76933632      9616704
     9616704            8          63.573    153867264     19233408
     9616704           16         109.839    307734528     38466816
     9616704           32         209.712    615469056     76933632
     9616704           64         424.678   1230938112    153867264
    10578240            1         124.237     21156480      2644560
    10578240            2          27.825     42312960      5289120
    10578240            4          43.376     84625920     10578240
    10578240            8          69.005    169251840     21156480
    10578240           16         120.483    338503680     42312960
    10578240           32         249.510    677007360     84625920
    10578240           64         451.935   1354014720    169251840
    11635968            1         129.313     23271936      2908992
    11635968            2          29.206     46543872      5817984
    11635968            4          44.770     93087744     11635968
    11635968            8          73.660    186175488     23271936
    11635968           16         133.954    372350976     46543872
    11635968           32         255.281    744701952     93087744
    11635968           64         511.453   1489403904    186175488
    12799488            1         151.894     25598976      3199872
    12799488            2          31.767     51197952      6399744
    12799488            4          48.607    102395904     12799488
    12799488            8         102.076    204791808     25598976
    12799488           16         144.260    409583616     51197952
    12799488           32         279.018    819167232    102395904
    12799488           64         559.752   1638334464    204791808
    14079360            1         160.626     28158720      3519840
    14079360            2          34.229     56317440      7039680
    14079360            4          55.399    112634880     14079360
    14079360            8          89.203    225269760     28158720
    14079360           16         159.211    450539520     56317440
    14079360           32         325.049    901079040    112634880
    14079360           64         598.754   1802158080    225269760
    15487296            1         175.673     30974592      3871824
    15487296            2          36.471     61949184      7743648
    15487296            4          61.271    123898368     15487296
    15487296            8          93.204    247796736     30974592
    15487296           16         174.830    495593472     61949184
    15487296           32         356.382    991186944    123898368
    15487296           64         658.844   1982373888    247796736
    17035968            1         204.264     34071936      4258992
    17035968            2          46.053     68143872      8517984
    17035968            4          65.308    136287744     17035968
    17035968            8         102.198    272575488     34071936
    17035968           16         190.108    545150976     68143872
    17035968           32         369.605   1090301952    136287744
    18739392            1         208.924     37478784      4684848
    18739392            2          50.553     74957568      9369696
    18739392            4          76.561    149915136     18739392
    18739392            8         111.945    299830272     37478784
    18739392           16         243.431    599660544     74957568
    18739392           32         406.195   1199321088    149915136
    20613312            1         251.612     41226624      5153328
    20613312            2          66.778     82453248     10306656
    20613312            4          75.455    164906496     20613312
    20613312            8         121.958    329812992     41226624
    20613312           16         243.717    659625984     82453248
    20613312           32         474.790   1319251968    164906496
    22674624            1         228.160     45349248      5668656
    22674624            2          67.834     90698496     11337312
    22674624            4          83.419    181396992     22674624
    22674624            8         135.124    362793984     45349248
    22674624           16         292.548    725587968     90698496
    22674624           32         507.864   1451175936    181396992
    24941952            1         228.038     49883904      6235488
    24941952            2          77.829     99767808     12470976
    24941952            4          89.349    199535616     24941952
    24941952            8         151.685    399071232     49883904
    24941952           16         296.944    798142464     99767808
    24941952           32         577.967   1596284928    199535616
    27436032            1         224.412     54872064      6859008
    27436032            2         107.551    109744128     13718016
    27436032            4         115.085    219488256     27436032
    27436032            8         209.481    438976512     54872064
    27436032           16         366.336    877953024    109744128
    27436032           32         711.214   1755906048    219488256
    30179520            1         171.477     60359040      7544880
    30179520            2         118.545    120718080     15089760
    30179520            4         153.950    241436160     30179520
    30179520            8         263.717    482872320     60359040
    30179520           16         484.845    965744640    120718080
    30179520           32         884.546   1931489280    241436160
    33197376            1         181.135     66394752      8299344
    33197376            2         144.643    132789504     16598688
    33197376            4         188.117    265579008     33197376
    33197376            8         336.922    531158016     66394752
    33197376           16         566.058   1062316032    132789504
    33197376           32        1071.301   2124632064    265579008
    36517056            1         188.101     73034112      9129264
    36517056            2         164.458    146068224     18258528
    36517056            4         218.564    292136448     36517056
    36517056            8         377.246    584272896     73034112
    36517056           16         653.818   1168545792    146068224
    40168704            1         213.413     80337408     10042176
    40168704            2         187.001    160674816     20084352
    40168704            4         264.150    321349632     40168704
    40168704            8         412.197    642699264     80337408
    40168704           16         758.746   1285398528    160674816
    44185536            1         230.002     88371072     11046384
    44185536            2         237.736    176742144     22092768
    44185536            4         276.846    353484288     44185536
    44185536            8         461.412    706968576     88371072
    44185536           16         840.508   1413937152    176742144
    48604032            1         253.892     97208064     12151008
    48604032            2         264.726    194416128     24302016
    48604032            4         308.907    388832256     48604032
    48604032            8         539.002    777664512     97208064
    48604032           16         964.363   1555329024    194416128
    53464320            1         311.950    106928640     13366080
    53464320            2         326.723    213857280     26732160
    53464320            4         379.963    427714560     53464320
    53464320            8         651.074    855429120    106928640
    53464320           16        1190.083   1710858240    213857280
    58810752            1         335.870    117621504     14702688
    58810752            2         409.570    235243008     29405376
    58810752            4         494.052    470486016     58810752
    58810752            8         769.953    940972032    117621504
    58810752           16        1435.038   1881944064    235243008
    64691712            1         392.810    129383424     16172928
    64691712            2         491.787    258766848     32345856
    64691712            4         629.787    517533696     64691712
    64691712            8        1017.812   1035067392    129383424
    64691712           16        1778.214   2070134784    258766848
    71160768            1         467.766    142321536     17790192
    71160768            2         611.294    284643072     35580384
    71160768            4         806.999    569286144     71160768
    71160768            8        1332.008   1138572288    142321536
    78276672            1         492.846    156553344     19569168
    78276672            2         770.474    313106688     39138336
    78276672            4        1021.000    626213376     78276672
    78276672            8        1682.523   1252426752    156553344
    86104320            1         599.037    172208640     21526080
    86104320            2        1029.667    344417280     43052160
    86104320            4        1323.686    688834560     86104320
    86104320            8        2167.364   1377669120    172208640
    94714752            1         658.948    189429504     23678688
    94714752            2        1217.183    378859008     47357376
    94714752            4        1604.834    757718016     94714752
    94714752            8        2738.856   1515436032    189429504
   104186112            1         800.987    208372224     26046528
   104186112            2        1400.737    416744448     52093056
   104186112            4        1954.504    833488896    104186112
   104186112            8        3249.251   1666977792    208372224
   114604608            1         898.476    229209216     28651152
   114604608            2        1602.666    458418432     57302304
   114604608            4        2301.110    916836864    114604608
   114604608            8        3853.250   1833673728    229209216
   126064896            1        1007.836    252129792     31516224
   126064896            2        1815.144    504259584     63032448
   126064896            4        2682.858   1008519168    126064896
   126064896            8        4503.026   2017038336    252129792
   138671232            1        1155.191    277342464     34667808
   138671232            2        2143.953    554684928     69335616
   138671232            4        3084.032   1109369856    138671232
   152538240            1        1295.030    305076480     38134560
   152538240            2        2448.597    610152960     76269120
   152538240            4        3550.747   1220305920    152538240
   167792064            1        1459.967    335584128     41948016
   167792064            2        2810.620    671168256     83896032
   167792064            4        4211.889   1342336512    167792064
   184571136            1        1621.949    369142272     46142784
   184571136            2        3224.801    738284544     92285568
   184571136            4        4744.028   1476569088    184571136
   203028096            1        1882.511    406056192     50757024
   203028096            2        3652.119    812112384    101514048
   203028096            4        5386.104   1624224768    203028096
   223330752            1        2107.561    446661504     55832688
   223330752            2        4109.609    893323008    111665376
   223330752            4        6094.425   1786646016    223330752
   245663808            1        2393.728    491327616     61415952
   245663808            2        4615.650    982655232    122831904
   245663808            4        6875.372   1965310464    245663808
   270230016            1        2700.900    540460032     67557504
   270230016            2        5264.267   1080920064    135115008
   297252864            1        2930.130    594505728     74313216
   297252864            2        5740.611   1189011456    148626432
   326978112            1        3254.792    653956224     81744528
   326978112            2        6442.591   1307912448    163489056
   359675904            1        3669.010    719351808     89918976
   359675904            2        7201.436   1438703616    179837952
   395643456            1        4075.193    791286912     98910864
   395643456            2        7919.017   1582573824    197821728
   435207744            1        4485.546    870415488    108801936
   435207744            2        8808.075   1740830976    217603872
   478728384            1        4962.862    957456768    119682096
   478728384            2        9786.689   1914913536    239364192
   526601088            1        5452.780   1053202176    131650272
   526601088            2       10827.097   2106404352    263300544
   579261120            1        6037.226   1158522240    144815280
   637187136            1        6709.160   1274374272    159296784
   700905792            1        7404.453   1401811584    175226448
   770996352            1        8100.360   1541992704    192749088
   848095872            1        8998.394   1696191744    212023968
   932905344            1        9959.519   1865810688    233226336
  1026195840            1       10917.880   2052391680    256548960

META_DATA
FLOPS          2
MPI_PROCS      1
OPENMP_THREADS 24
ERT_VERSION  1.1.0
HOSTNAME  ('deepv.deep', [], ['10.2.8.6'])
UNAME  uname_result(system='Linux', node='deepv', release='4.18.0-513.11.1.el8_9.0.1.x86_64', version='#1 SMP Sun Feb 11 10:42:18 UTC 2024', machine='x86_64')
TIMESTAMP_DATA  1710501389.2957532
CONFIG  {'ERT_RESULTS': ['Results.cn.deep.fz-juelich.de.01.gcc2023-O3'], 'ERT_DRIVER': ['driver1'], 'ERT_KERNEL': ['kernel1'], 'ERT_MPI': ['True'], 'ERT_MPI_CFLAGS': ['-I', '/p/software/deep/stages/2023/software/psmpi/5.9.2-1-GCC-11.3.0/include'], 'ERT_MPI_LDFLAGS': ['-L', '/p/software/deep/stages/2023/software/psmpi/5.9.2-1-GCC-11.3.0/lib', '-lmpi'], 'ERT_OPENMP': ['True'], 'ERT_OPENMP_CFLAGS': ['-fopenmp'], 'ERT_OPENMP_LDFLAGS': ['-fopenmp'], 'ERT_FLOPS': ['1,2,4,8,16,64,128'], 'ERT_ALIGN': ['64'], 'ERT_CC': ['mpicxx'], 'ERT_CFLAGS': ['-g', '-O3', '-mavx'], 'ERT_LD': ['mpicxx'], 'ERT_LDFLAGS': [], 'ERT_LDLIBS': [], 'ERT_PRECISION': ['FP64'], 'ERT_RUN': ['export', 'OMP_NUM_THREADS=ERT_OPENMP_THREADS;', 'export', 'OMP_PLACES="cores(ERT_OPENMP_THREADS)";', 'srun', '-p', 'dp-cn', '-n', 'ERT_MPI_PROCS', '-c', '48', '--ntasks-per-node', '1', 'ERT_CODE'], 'ERT_PROCS_THREADS': ['24'], 'ERT_MPI_PROCS': ['1'], 'ERT_OPENMP_THREADS': ['24'], 'ERT_NUM_EXPERIMENTS': ['5'], 'ERT_MEMORY_MAX': ['1073741824'], 'ERT_WORKING_SET_MIN': ['128'], 'ERT_TRIALS_MIN': ['1'], 'ERT_GNUPLOT': ['gnuplot'], 'ERT_GPU': [False], 'ERT_HIP': [False], 'ERT_OCL': [False], 'ERT_SYCL': [False], 'ERT_WSS_MULT': [1.1]}
