fp64
 1024 1048576 186682.373 187531.265 188116.989 11.415681589502796 11.451336650451326 11.503408776574746 0.7134800993439248 0.7157085406532079 0.7189630485359216
 1120 524288 97185.791 97215.485 97734.657 12.016260721107356 12.08043265946778 12.084123696642035 0.7510162950692097 0.7550270412167362 0.7552577310401272
 1232 524288 98780.159 98837.502 99385.345 12.998351336406792 13.070399452224118 13.077986966998099 0.8123969585254245 0.8168999657640074 0.8173741854373812
 1352 524288 97208.321 97234.947 97774.59 14.499419041286698 14.57988918325836 14.58388271102841 0.9062136900804186 0.9112430739536475 0.9114926694392756
 1480 524288 98809.853 98859.009 99367.935 15.617638426319315 15.69803800076531 15.705847472518757 0.9761024016449572 0.9811273750478319 0.9816154670324223
 1624 524288 97220.612 97276.932 97783.806 17.414820445831285 17.50556261375513 17.515703604087577 1.0884262778644553 1.0940976633596957 1.0947314752554735
 1784 524288 99037.186 99062.782 99572.639 18.78688365385194 18.883576114387743 18.888456543989445 1.1741802283657463 1.180223507149234 1.1805285339993403
 1960 524288 98913.277 98969.597 99571.709 20.64049096515959 20.766063743798007 20.777887684380325 1.2900306853224743 1.2978789839873754 1.2986179802737703
 2152 262144 48427.04 48447.392 48705.441 23.16512801926996 23.28851418875138 23.29830144481265 1.4478205012043726 1.4555321367969611 1.4561438403007907
 2360 262144 48406.528 48412.704 48675.777 25.41961846854545 25.557747817597626 25.561008630902013 1.5887261542840907 1.5973592385998516 1.5975630394313758
 2592 262144 48383.999 48396.29 48658.432 27.928448167010394 28.079724623519695 28.08685772335602 1.7455280104381496 1.754982788969981 1.7554286077097512
 2848 262144 48402.431 48413.696 48669.697 30.67971070376707 30.841938281266522 30.849116318145263 1.917481918985442 1.9276211425791576 1.928069769884079
 3128 262144 48303.104 48314.369 48563.202 33.76986682220831 33.94379142155412 33.95170761696805 2.110616676388019 2.1214869638471323 2.121981726060503
 3440 262144 48387.074 48404.449 48649.216 37.07255467385127 37.2600196316665 37.27339909001317 2.3170346671157045 2.3287512269791564 2.329587443125823
 3784 262144 49038.338 49040.382 49312.767 40.231078333122134 40.45453381664115 40.456220029316654 2.5144423958201334 2.528408363540072 2.528513751832291
 4160 131072 24235.008 24260.609 24384.48 44.72184930742833 44.950192305560016 44.99767608906917 2.7951155817142705 2.809387019097501 2.812354755566823
 4576 131072 24609.728 24619.007 24756.224 48.455327597617476 48.725399200706995 48.74377091855708 3.0284579748510922 3.045337450044187 3.0464856824098177
 5032 131072 25203.712 25218.048 25347.073 52.04185145953539 52.30811710724002 52.33787023117865 3.2526157162209617 3.2692573192025014 3.2711168894486655
 5528 131072 25822.208 25829.409 25967.615 55.805357249789786 56.103956230667144 56.11960185589087 3.4878348281118616 3.5064972644166965 3.5074751159931794
 6080 131072 26578.943 26599.424 26730.495 59.626113171491966 59.9199260856175 59.966098727101375 3.726632073218248 3.7449953803510936 3.747881170443836
 6688 131072 27424.768 27429.888 27591.681 63.541582406668155 63.91637734722067 63.92831005899485 3.9713489004167597 3.9947735842012917 3.9955193786871783
 7352 131072 29336.576 29338.623 29509.632 65.31029217849955 65.69097288580994 65.69555656392893 4.081893261156222 4.105685805363121 4.105972285245558
 8080 131072 30221.312 30233.601 30388.224 69.70211618816553 70.05859209427287 70.08708026971166 4.356382261760346 4.378662005892054 4.380442516856979
 8888 65536 15099.904 15108.096 15179.776 76.7447382622774 77.10885183679002 77.15068493150685 4.796546141392337 4.8193032397993765 4.821917808219178
 9776 65536 15100.928 15105.024 15191.04 84.34971351533534 84.83004542064944 84.85305485861531 5.271857094708459 5.30187783879059 5.303315928663457
 10752 65536 15100.928 15104.0 15184.896 92.80841594173579 93.30549152542373 93.32447277412355 5.800525996358487 5.831593220338983 5.832779548382722
 11824 65536 15102.976 15109.12 15197.184 101.97911191968197 102.57350050830227 102.61522815106109 6.373694494980123 6.410843781768892 6.413451759441318
 13000 65536 15101.952 15107.072 15183.872 112.22012408956029 112.79061885718157 112.82885815025766 7.013757755597518 7.049413678573848 7.051803634391104
 14296 65536 15101.952 15108.064 15184.896 123.39928518443591 124.02683176348737 124.07702739354488 7.712455324027244 7.75167698521796 7.754814212096555
 15720 65536 15095.808 15108.096 15191.04 135.6359959555106 136.38064253761692 136.49165649165647 8.477249747219412 8.523790158601058 8.53072853072853
 17288 32768 7557.12 7566.336 7604.224 148.99434419606786 149.74042495601572 149.92303523035233 9.312146512254241 9.358776559750982 9.37018970189702
 19016 32768 7560.192 7562.24 7605.248 163.86481755756026 164.79675016926203 164.84139238791818 10.241551097347516 10.299796885578877 10.302587024244886
 20912 32768 7560.192 7563.2 7604.224 180.22730945327226 181.2048910514068 181.2769876743871 11.264206840829516 11.325305690712925 11.329811729649194
 23000 32768 7562.24 7565.344 7597.056 198.40948914948106 199.24117132016733 199.32295192958702 12.400593071842566 12.452573207510458 12.457684495599189
 25296 32768 7558.144 7566.304 7604.224 218.01023431187716 219.10283488477333 219.33938490719413 13.625639644492322 13.693927180298333 13.708711556699633
 27824 32768 7557.12 7563.264 7604.224 239.79746835443035 241.09612780936908 241.2921409214092 14.987341772151897 15.068507988085567 15.080758807588076
 30600 32768 7553.024 7558.144 7604.224 263.72205763533526 265.32990109741223 265.50976138828634 16.482628602208454 16.583118818588265 16.594360086767896
 33656 16384 3786.752 3799.04 3813.376 289.20300751879694 290.2943396226415 291.23634396971335 18.07518796992481 18.143396226415092 18.202271498107084
 37016 16384 3787.776 3795.968 3814.4 317.9897986577181 319.5338548691665 320.22492565558264 19.87436241610738 19.970865929322905 20.014057853473915
 40712 16384 3790.944 3792.896 3815.456 349.64387375978123 351.72354211663065 351.9046485519174 21.852742109986327 21.982721382289416 21.994040534494836
 44776 16384 3791.872 3802.112 3814.4 384.6528859060403 385.89604093724745 386.9381582500675 24.04080536912752 24.118502558577966 24.183634890629218
 49248 16384 3795.968 3802.112 3813.376 423.1836734693877 424.4373821707514 425.12435932020503 26.448979591836732 26.527336385671962 26.570272457512814
 54168 16384 3790.816 3799.04 3816.448 465.0861282532868 467.21725067385444 468.2308568920254 29.067883015830425 29.201078167115902 29.264428555751586
 59584 16384 3798.016 3802.112 3812.32 512.14182230243 513.5168327497979 514.0706389862496 32.008863893901875 32.09480204686237 32.1294149366406
 65536 16384 3799.04 3803.136 3815.424 562.8427267847558 564.661281637049 565.2700808625337 35.177670424047236 35.29133010231556 35.32938005390836
 72088 8192 1906.72 1908.736 1916.928 616.1367521367522 618.7811158798283 619.4353612486365 38.50854700854701 38.67381974248927 38.71471007803978
 79296 8192 1906.688 1909.856 1914.88 678.4684491978609 680.2532044300722 681.3834586466164 42.404278074866305 42.51582527687951 42.586466165413526
 87224 8192 1906.688 1911.904 1917.952 745.1062466631074 747.4632701223493 749.5080558539205 46.56914041644421 46.71645438264683 46.84425349087003
 95944 8192 1906.592 1910.88 1917.952 819.5963694607582 822.6296240475591 824.4797502559541 51.224773091297386 51.414351502972444 51.52998439099713
 105536 8192 1908.704 1911.808 1917.952 901.5355045381741 904.4327798607392 905.9035995104532 56.34596903363588 56.5270487412962 56.618974969403325
 116088 8192 1906.688 1907.712 1917.888 991.7084793272601 996.9983896940419 997.5338345864661 61.981779957953755 62.312399355877616 62.34586466165413
 127696 8192 1906.688 1909.664 1919.04 1090.2176421544107 1095.570353737621 1097.280343716434 68.13860263465067 68.47314710860131 68.58002148227712
 140464 4096 960.512 961.536 966.72 1190.2940748096657 1196.7113951011715 1197.9872068230277 74.39337967560411 74.79446219382322 74.87420042643923
 154504 4096 959.488 961.536 965.632 1310.744432661718 1316.3280085197018 1319.137673425827 81.92152704135738 82.27050053248136 82.44610458911419
 169952 4096 961.536 961.536 1086.464 1281.4476908576814 1447.940362087327 1447.940362087327 80.09048067860509 90.49627263045794 90.49627263045794
 186944 4096 962.528 963.584 1079.296 1418.9297912713473 1589.3219978746015 1591.0656604275407 88.6831119544592 99.3326248671626 99.4416037767213
 205632 4096 964.576 964.608 1085.44 1551.9396226415095 1746.343949044586 1746.401884351259 96.99622641509434 109.14649681528662 109.15011777195369
 226192 4096 967.712 969.728 1090.56 1699.0948356807512 1910.8088701161564 1914.7895902913262 106.19342723004695 119.42555438225978 119.67434939320789
 248808 4096 970.752 970.752 1090.56 1868.9802816901408 2099.6455696202534 2099.6455696202534 116.8112676056338 131.22784810126583 131.22784810126583
 273688 2048 496.64 557.056 560.128 2001.3747714808044 2012.4117647058824 2257.220618556701 125.08592321755027 125.77573529411765 141.07628865979382
 301056 2048 507.936 573.44 576.512 2138.941385435169 2150.4 2427.718011718012 133.68383658969807 134.4 151.73237573237574
 331160 2048 745.44 751.616 758.784 1787.638326585695 1804.6866485013625 1819.6385490448592 111.72739541160594 112.79291553133515 113.7274093153037
 364272 2048 992.256 997.376 998.4 1494.4492307692308 1495.9835728952773 1503.7027863777091 93.40307692307692 93.49897330595483 93.98142414860682
 400696 2048 989.184 996.352 999.392 1642.2493035765744 1647.2600205549843 1659.1966873706003 102.6405814735359 102.95375128468652 103.69979296066252
 440760 2048 990.208 995.328 996.352 1811.9630010277492 1813.8271604938273 1823.2057911065149 113.24768756423433 113.3641975308642 113.95036194415718
 484832 2048 995.328 1000.448 1001.472 1982.9529652351737 1984.982599795292 1995.19341563786 123.93456032719835 124.06141248720574 124.69958847736625
 533312 1024 504.832 506.88 510.976 2137.5230460921844 2154.795959595959 2163.5375253549696 133.59519038076152 134.67474747474745 135.2210953346856
 586640 1024 509.952 515.072 515.072 2332.564612326044 2332.564612326044 2355.983935742972 145.78528827037775 145.78528827037775 147.24899598393574
 645304 1024 526.336 527.36 528.384 2501.178294573643 2506.0349514563104 2510.910505836576 156.3236434108527 156.6271844660194 156.931906614786
 709832 1024 695.296 696.32 698.368 2081.618768328445 2087.741176470588 2090.8159057437406 130.10117302052782 130.48382352941175 130.6759941089838
 780808 1024 695.296 696.32 698.368 2289.7595307917886 2296.494117647059 2299.8762886597938 143.1099706744868 143.53088235294118 143.7422680412371
 858888 1024 698.368 698.368 701.44 2507.702189781022 2518.733137829912 2518.733137829912 156.73138686131387 157.4208211143695 157.4208211143695
 944776 1024 709.632 710.656 713.728 2710.978479196557 2722.697406340058 2726.626262626263 169.43615494978482 170.16858789625363 170.41414141414143
 1039248 1024 931.808 931.84 936.96 2271.5803278688522 2284.0615384615385 2284.1399773343865 141.97377049180326 142.75384615384615 142.75874858339915
 1143168 512 470.016 472.064 473.088 2474.38961038961 2479.75704989154 2490.5620915032678 154.64935064935062 154.98481561822126 155.66013071895424
 1257480 512 477.184 477.184 479.2 2687.102504173623 2698.4549356223174 2698.4549356223174 167.94390651085143 168.65343347639484 168.65343347639484
 1383224 512 590.848 591.872 592.896 2388.987910189983 2393.1211072664364 2397.2686308492202 149.31174438687393 149.57006920415228 149.82928942807627
 1521544 512 592.896 593.92 596.992 2609.852487135506 2623.3517241379313 2627.882556131261 163.11578044596914 163.9594827586207 164.2426597582038
 1673696 512 711.648 711.68 715.808 2394.307836738343 2408.1956834532375 2408.3039705022707 149.64423979614645 150.51223021582734 150.51899815639192
 1841064 512 712.704 713.728 714.752 2637.627507163324 2641.4117647058824 2645.206896551724 164.85171919770775 165.08823529411765 165.32543103448276
 2025168 512 832.512 833.536 835.584 2481.823529411765 2487.921375921376 2490.981549815498 155.1139705882353 155.495085995086 155.68634686346863
 2227680 256 424.96 425.952 425.984 2677.5000000000005 2677.7011494252874 2683.9518072289156 167.34375000000003 167.35632183908046 167.74698795180723
 2450448 256 482.272 483.296 484.352 2590.325581395349 2595.9854333576113 2601.497445424988 161.89534883720933 162.2490895848507 162.59359033906176
 2695488 256 543.744 543.744 544.768 2533.353383458646 2538.124293785311 2538.124293785311 158.33458646616538 158.63276836158192 158.63276836158192
 2965032 256 600.064 601.088 603.136 2517.005093378608 2525.580919931857 2529.890784982935 157.312818336163 157.84880749574106 158.11817406143345
 3261528 256 611.328 611.328 612.352 2727.0301003344484 2731.597989949749 2731.597989949749 170.43938127090303 170.7248743718593 170.7248743718593
 3587680 256 671.744 671.744 673.792 2726.2006079027356 2734.512195121951 2734.512195121951 170.38753799392097 170.90701219512195 170.90701219512195
 3946448 256 775.168 777.216 777.216 2599.7681159420285 2599.7681159420285 2606.6367239101714 162.48550724637678 162.48550724637678 162.91479524438572
 4341088 128 428.032 428.032 431.104 2577.8432304038006 2596.3444976076557 2596.3444976076557 161.11520190023754 162.27153110047848 162.27153110047848
 4775192 128 460.8 460.8 461.824 2647.0022172949 2652.8844444444444 2652.8844444444444 165.43763858093126 165.80527777777777 165.80527777777777
 5252704 128 513.024 514.048 515.072 2610.68787276342 2615.8884462151395 2621.1097804391216 163.16799204771374 163.49302788844622 163.8193612774451
 5777968 128 550.912 552.928 553.984 2670.0406654343806 2675.139996527577 2684.929368029739 166.87754158964879 167.19624978297355 167.8080855018587
 6355760 128 612.352 614.4 614.4 2648.2333333333336 2648.2333333333336 2657.090301003345 165.51458333333335 165.51458333333335 166.06814381270905
 6991336 128 675.84 676.864 679.936 2632.2801204819275 2644.2269288956127 2648.233333333333 164.51750753012047 165.2641830559758 165.51458333333332
 7690464 128 739.328 740.352 742.4 2651.8841379310347 2659.219917012448 2662.903047091413 165.74275862068967 166.201244813278 166.43144044321332
 8459504 64 413.696 415.744 431.104 2511.729216152019 2604.527093596059 2617.420792079208 156.9830760095012 162.78294334975368 163.5887995049505
 9305448 64 515.072 521.216 557.056 2138.2003676470586 2285.2278978388995 2312.4870775347913 133.63752297794116 142.82674361493122 144.53044234592446
 10235992 64 701.44 737.28 806.912 1623.729695431472 1777.0819444444444 1867.8817518248175 101.483105964467 111.06762152777777 116.74260948905109
 11259584 64 999.392 1022.976 1040.384 1385.2834645669288 1408.8568568568567 1442.103550958983 86.58021653543305 88.05355355355354 90.13147193493644
 12385536 64 1226.752 1231.872 1258.496 1259.7168429617575 1286.9426433915212 1292.313856427379 78.73230268510984 80.43391521197007 80.76961602671119
 13624088 64 1355.744 1403.904 1406.976 1239.4548762736533 1242.1670313639677 1286.2924445913093 77.46592976710333 77.63543946024798 80.39327778695683
 14986496 64 1598.464 1618.944 1635.328 1173.0194113963682 1184.8905755850728 1200.0717488789237 73.31371321227302 74.05566097406705 75.00448430493273
 16485144 64 1666.016 1679.392 1738.784 1213.5483372287758 1256.4656923458012 1266.5535216948697 75.84677107679849 78.52910577161258 79.15959510592936
 18133656 32 1222.656 1244.16 1267.68 915.494433926543 932.8012345679012 949.2072864321609 57.21840212040894 58.30007716049383 59.32545540201006
 19947016 32 1565.696 1569.792 1585.152 805.3543281653747 813.2345075016309 815.3620013080446 50.33464551033592 50.82715671885193 50.960125081752786
 21941712 32 1736.704 1737.728 1756.16 799.6250728862973 808.106658809664 808.5831367924528 49.97656705539358 50.506666175604 50.5364460495283
 24135880 32 1922.048 1930.24 1944.576 794.3615060558188 800.261273209549 803.6720831113479 49.64759412848868 50.016329575596814 50.22950519445924
 26549464 32 2122.752 2126.816 2145.28 792.0484486873506 798.9246347591894 800.454172696575 49.503028042959414 49.93278967244934 50.02838579353594
 29204408 32 2339.808 2349.056 2372.608 787.7753560638757 795.6737140366173 798.8185834051341 49.23595975399223 49.72960712728858 49.92616146282088
 32124848 32 2587.648 2592.768 2613.248 786.7566614420062 792.9711690363348 794.540166204986 49.17229134012539 49.560698064770925 49.658760387811625
 35337328 16 1419.264 1428.48 1435.648 787.654422253923 791.6068100358423 796.7471139971141 49.22840139087019 49.47542562724014 49.79669462481963
 38871056 16 1570.816 1572.864 1589.248 782.6807345360825 790.8336588541667 791.8647327249022 48.917545908505154 49.42710367838542 49.491545795306386
 42758160 16 1728.512 1733.632 1747.968 782.7724077328646 789.2454223272298 791.5832345971564 48.92327548330404 49.32783889545186 49.47395216232228
 47033976 16 1899.52 1913.856 1931.264 779.327545068929 786.4161316211878 792.3513477088949 48.70797156680806 49.15100822632424 49.52195923180593
 51737368 16 2095.104 2113.536 2129.92 777.3042067307692 783.329820736434 790.2212854349951 48.58151292067308 48.95811379602713 49.388830339687196
 56911104 16 2330.624 2336.768 2351.104 774.5958188153311 779.3479404031551 781.402460456942 48.41223867595819 48.709246275197195 48.837653778558874
 62602208 16 2552.864 2585.6 2594.816 772.0280189423837 774.7798019801982 784.7149930431077 48.25175118389898 48.423737623762385 49.04468706519423
 68862424 8 1395.712 1401.856 1409.024 781.9588481104653 785.9571767713661 789.417002934703 48.87242800690408 49.12232354821038 49.338562683418935
 75748664 8 1529.856 1541.12 1555.456 779.1789828834759 786.4271594684385 792.2174531459169 48.69868643021724 49.15169746677741 49.51359082161981
 83323528 8 1694.72 1701.92 1712.128 778.6663427033493 783.3367302810942 786.6647280966766 48.66664641895933 48.95854564256839 49.16654550604229
 91655880 8 1865.728 1883.104 1896.448 773.2846247300215 778.7642530630278 786.0170828759605 48.330289045626344 48.67276581643924 49.12606767974753
 100821464 8 2065.408 2072.576 2077.696 776.4097461803844 778.3277544466403 781.0289414972732 48.52560913627403 48.645484652915016 48.814308843579575
 110903608 8 2275.328 2284.544 2288.64 775.3328299776288 776.72293814433 779.8689806480647 48.4583018736018 48.545183634020624 48.741811290504046
 121993968 8 2503.68 2514.944 2530.304 771.4106636989072 776.1220480456026 779.6138036809816 48.2131664811817 48.50762800285016 48.72586273006135
 134193360 8 2766.848 2782.208 2797.568 767.4858162518301 771.7229481045272 776.0071243523316 47.96786351573938 48.23268425653295 48.50044527202073
 147612696 4 1490.944 1500.16 1515.52 779.2055320945946 787.1837457337882 792.0495793269231 48.70034575591216 49.19898410836176 49.50309870793269
 162373960 4 1656.832 1661.952 1673.216 776.3442854957161 781.6060150955022 784.0213612484549 48.52151784348226 48.85037594346889 49.00133507802843
 178611352 4 1807.36 1815.552 1827.84 781.7373599439777 787.0283065425832 790.595573654391 48.85858499649861 49.18926915891145 49.41222335339944
 196472480 4 2012.16 2018.304 2022.4 777.1854430379747 778.7626839167934 781.1405852417302 48.57409018987342 48.67266774479959 48.821286577608134
 216119728 4 2214.912 2229.248 2242.56 770.9750570776257 775.5789503904456 780.5988788719372 48.18594106735161 48.47368439940285 48.78742992949608
 237731696 4 2452.48 2458.624 2460.704 772.8900217173621 773.5438879633485 775.4817849686848 48.30562635733513 48.346492997709284 48.4676115605428
 261504864 4 2697.216 2712.576 2720.768 768.9148475724501 771.2369762174405 775.628986332574 48.05717797327813 48.202311013590034 48.47681164578587
 287655344 2 1463.296 1469.44 1476.608 779.2327929958391 783.0339285714285 786.3216847445766 48.70204956223994 48.93962053571428 49.14510529653604
 316420872 2 1597.44 1619.968 1625.088 778.8399692816636 781.3015368204805 792.319891826923 48.67749808010397 48.83134605128003 49.51999323918269
 348062952 2 1771.52 1778.688 1800.16 773.4044796018131 782.7408786701209 785.9080382947976 48.33777997511332 48.921304916882555 49.11925239342485
 382869240 2 1953.792 1956.832 1987.616 770.509474667139 782.6307828163071 783.8485161163522 48.15684216669619 48.9144239260192 48.990532257272015
 421156160 2 2167.808 2177.024 2183.168 771.6422373358349 773.8199670743179 777.109707132735 48.22763983348968 48.36374794214487 48.56935669579594
 463271776 2 2369.536 2385.92 2406.4 770.0661170212767 776.676126609442 782.0464023336214 48.12913231382979 48.542257913090125 48.877900145851335
 509598952 2 2606.08 2640.896 2663.488 765.3106783285677 771.8576604303994 782.1693148330061 47.831917395535484 48.24110377689996 48.88558217706288
 560558840 1 1434.208 1448.32 1454.944 770.5572723073878 774.081473707468 781.698107945291 48.15982951921174 48.38009210671675 48.85613174658069
 616614720 1 1575.2 1591.968 1596.896 772.2665971985651 774.6571790387745 782.9034027425088 48.26666232491032 48.41607368992341 48.9314626714068
 678276192 1 1731.392 1741.632 1759.968 770.7824142257132 778.8972549884246 783.503899752338 48.173900889107074 48.68107843677654 48.96899373452113
 746103808 1 1919.68 1938.592 1949.056 765.6053063636961 769.7378385962595 777.3210201700283 47.850331647731004 48.10861491226622 48.58256376062677
 820714184 1 2110.336 2136.864 2147.392 764.3822683515633 768.1482621261811 777.8042776126645 47.77389177197271 48.00926638288632 48.61276735079153
 902785600 1 2335.968 2345.248 2359.52 765.2281820031193 769.8849759172591 772.9434649789723 47.826761375194955 48.117810994828695 48.30896656118577
 993064160 1 2573.216 2580.48 2585.12 768.2925047966826 769.6739831349206 771.8467163269621 48.01828154979266 48.10462394593254 48.24041977043513
 
META_DATA
 FLOPS          1
 MPI_PROCS      1
 GPU_BLOCKS     160
 GPU_THREADS    1024
 ERT_VERSION  1.1.0
 HOSTNAME  ('deepv.deep', [], ['10.2.8.6'])
 UNAME  uname_result(system='Linux', node='deepv', release='4.18.0-513.11.1.el8_9.0.1.x86_64', version='#1 SMP Sun Feb 11 10:42:18 UTC 2024', machine='x86_64')
 TIMESTAMP_DATA  1710680756.2364013
 CONFIG  {'ERT_RESULTS': ['Results.esb.deep.fz-juelich.de.01-gcc2023'], 'ERT_DRIVER': ['driver1'], 'ERT_KERNEL': ['kernel1'], 'ERT_MPI': ['True'], 'ERT_MPI_CFLAGS': ['-I', '/p/software/deep/stages/2023/software/psmpi/5.9.2-1-GCC-11.3.0/include'], 'ERT_MPI_LDFLAGS': ['-L', '/p/software/deep/stages/2023/software/psmpi/5.9.2-1-GCC-11.3.0/lib', '-lmpi'], 'ERT_GPU': ['True'], 'ERT_GPU_CFLAGS': ['-x', 'cu', '-arch=sm_70'], 'ERT_GPU_LDFLAGS': [], 'ERT_FLOPS': ['1,2,4,8,16,32,64,128'], 'ERT_ALIGN': ['64'], 'ERT_CC': ['nvcc'], 'ERT_CFLAGS': ['-O3'], 'ERT_LD': ['nvcc'], 'ERT_LDFLAGS': [], 'ERT_LDLIBS': [], 'ERT_PRECISION': ['FP64'], 'ERT_RUN': ['srun', '-p', 'dp-esb', '-n', 'ERT_MPI_PROCS', '-c', '8', 'ERT_CODE'], 'ERT_MPI_PROCS': ['1'], 'ERT_BLOCKS_THREADS': ['163840'], 'ERT_GPU_BLOCKS': ['80,160,320'], 'ERT_GPU_THREADS': ['256,512,1024'], 'ERT_NUM_EXPERIMENTS': ['5'], 'ERT_MEMORY_MAX': ['1073741824'], 'ERT_WORKING_SET_MIN': ['128'], 'ERT_TRIALS_MIN': ['1'], 'ERT_GNUPLOT': ['gnuplot'], 'ERT_OPENMP': [False], 'ERT_HIP': [False], 'ERT_OCL': [False], 'ERT_SYCL': [False], 'ERT_WSS_MULT': [1.1]}
 TIMESTAMP_DATA  1710680811.6869984
 TIMESTAMP_DATA  1710680854.4676394
 TIMESTAMP_DATA  1710680912.0648184
 TIMESTAMP_DATA  1710680955.272563
 