fp64
 1024 1048576 191645.691 192637.955 195401.703 10.990096887743093 11.147770168137427 11.20548882051306 2.747524221935773 2.7869425420343568 2.801372205128265
 1120 524288 99955.711 99980.286 100470.787 11.689020809601105 11.746366878766482 11.74925482747054 2.9222552024002764 2.9365917196916205 2.937313706867635
 1232 524288 101457.916 101487.617 101974.014 12.668380711187853 12.729096122140694 12.732822464045093 3.167095177796963 3.1822740305351735 3.183205616011273
 1352 524288 100124.672 100147.202 100615.166 14.09007019876109 14.15590973774784 14.159095092965696 3.5225175496902725 3.53897743443696 3.539773773241424
 1480 524288 101604.355 101630.974 102145.027 15.193030200089918 15.26987707507359 15.273877581330053 3.7982575500224796 3.8174692687683973 3.8184693953325133
 1624 524288 99979.263 100002.815 100511.742 16.942174019827455 17.028394890683828 17.03240625008408 4.235543504956864 4.257098722670957 4.25810156252102
 1784 524288 101610.497 101676.033 102142.975 18.31412864173968 18.398235344213322 18.41010170435442 4.57853216043492 4.599558836053331 4.602525426088605
 1960 524288 101522.43 101667.839 102110.207 20.127360627131036 20.21493699693961 20.243890537293087 5.031840156782759 5.053734249234902 5.060972634323272
 2152 262144 49896.481 49913.857 50148.354 22.498600372805853 22.604299563546046 22.612171307231065 5.624650093201463 5.651074890886512 5.653042826807766
 2360 262144 49835.007 49857.536 50106.369 24.693860375314763 24.81710447945121 24.828323591887926 6.173465093828691 6.2042761198628025 6.207080897971982
 2592 262144 49814.529 49831.936 50089.985 27.130263584626743 27.270754561893803 27.280283950893118 6.782565896156686 6.817688640473451 6.8200709877232795
 2848 262144 49836.99 49846.272 50104.321 29.801266521504203 29.955544599202927 29.961123735602815 7.450316630376051 7.488886149800732 7.490280933900704
 3128 262144 49889.278 49894.402 50177.025 32.68374049677118 32.86887502930689 32.87225090729916 8.170935124192795 8.217218757326723 8.21806272682479
 3440 262144 49977.345 49987.583 50235.394 35.901992129294335 36.07997450086754 36.087365585346724 8.975498032323584 9.019993625216886 9.021841396336681
 3784 262144 50596.863 50607.105 50880.512 38.99146675253582 39.20211978140223 39.21005521626904 9.747866688133955 9.800529945350558 9.80251380406726
 4160 131072 25112.576 25150.463 25283.585 43.13150370091899 43.35979977784107 43.42521611482629 10.782875925229748 10.839949944460267 10.856304028706573
 4576 131072 25420.799 25434.113 25569.281 46.914535610133115 47.16385997026906 47.18856177573333 11.728633902533279 11.790964992567265 11.797140443933333
 5032 131072 25545.729 25559.04 25696.257 51.33465967436425 51.61025641025641 51.63714873824897 12.833664918591062 12.902564102564103 12.909287184562242
 5528 131072 26249.216 26259.457 26389.503 54.913199085257496 55.18514842100505 55.20667862994461 13.728299771314374 13.796287105251263 13.801669657486153
 6080 131072 27020.288 27040.768 27174.911 58.6509931900053 58.941947210966795 58.98662220032592 14.662748297501325 14.735486802741699 14.74665555008148
 6688 131072 27938.784 27949.057 28089.344 62.41580693376107 62.72909572584149 62.752161010300235 15.603951733440267 15.682273931460372 15.688040252575059
 7352 131072 29692.928 29705.215 29844.481 64.57752399849072 64.88028071838565 64.90712832361969 16.14438099962268 16.220070179596412 16.226782080904922
 8080 131072 30483.36 30495.745 30649.343 69.10828463761851 69.45636251877107 69.48458175214282 17.277071159404628 17.364090629692768 17.371145438035704
 8888 65536 15220.736 15224.896 15306.784 76.10794899830036 76.51730008533391 76.53821313240043 19.02698724957509 19.12932502133348 19.134553283100107
 9776 65536 15219.712 15224.832 15306.752 83.71206850414771 84.16249663707289 84.19080939245104 20.928017126036927 21.040624159268223 21.04770234811276
 10752 65536 15222.784 15227.904 15311.872 92.03878820303619 92.54629816421222 92.57742499663662 23.009697050759048 23.136574541053054 23.144356249159156
 11824 65536 15224.832 15229.952 15313.92 101.20173854898027 101.75969878302966 101.79391982781813 25.30043463724507 25.439924695757416 25.448479956954532
 13000 65536 15224.832 15228.928 15314.944 111.25969510564322 111.8881118881119 111.91821361312886 27.814923776410804 27.972027972027973 27.979553403282214
 14296 65536 15224.832 15225.856 15312.896 122.36779457001471 123.06732127244604 123.07559860102232 30.591948642503677 30.76683031811151 30.76889965025558
 15720 65536 15221.76 15225.856 15309.824 134.58363989030832 135.32584571928172 135.36226034308777 33.64590997257708 33.83146142982043 33.84056508577194
 17288 32768 7619.584 7624.704 7665.664 147.80016029922524 148.59414450711793 148.69399274291092 36.95004007480631 37.14853612677948 37.17349818572773
 19016 32768 7621.632 7623.68 7664.64 162.5950567802271 163.4686366689053 163.51256213892248 40.64876419505678 40.867159167226326 40.87814053473062
 20912 32768 7620.608 7624.704 7664.64 178.8066800267201 179.74321783507924 179.83982800322494 44.701670006680025 44.93580445876981 44.959957000806234
 23000 32768 7618.56 7626.752 7661.568 196.73883988238438 197.63694951664874 197.84946236559136 49.184709970596096 49.409237379162185 49.46236559139784
 25296 32768 7616.512 7626.752 7664.64 216.29178356713425 217.36627282491943 217.65851035224523 54.07294589178356 54.34156820622986 54.41462758806131
 27824 32768 7624.608 7624.704 7663.616 237.9390700160342 239.15337093741607 239.15638207236356 59.48476750400855 59.78834273435402 59.78909551809089
 30600 32768 7624.672 7628.8 7662.592 261.71321662434855 262.8724832214765 263.01480247281455 65.42830415608714 65.71812080536913 65.75370061820364
 33656 16384 3817.376 3823.616 3840.0 287.19786666666664 288.42849491162286 288.89996898393025 71.79946666666666 72.10712372790572 72.22499224598256
 37016 16384 3816.448 3821.568 3841.024 315.78565715809117 317.3933547695606 317.8191574993292 78.94641428952279 79.34833869239014 79.4547893748323
 40712 16384 3818.496 3821.568 3841.024 347.3164489469475 349.08467309753485 349.3655135425047 86.82911223673688 87.27116827438371 87.34137838562617
 44776 16384 3820.544 3833.856 3840.0 382.0885333333333 382.7008547008547 384.03430715625836 95.52213333333333 95.67521367521367 96.00857678906459
 49248 16384 3822.592 3827.712 3841.024 420.13756331644896 421.5987158908507 422.1634074470935 105.03439082911224 105.39967897271268 105.54085186177338
 54168 16384 3821.568 3828.736 3841.024 462.11037056784863 463.5934741909602 464.4630225080386 115.52759264196216 115.89836854774005 116.11575562700965
 59584 16384 3820.544 3832.832 3843.072 508.04369837463355 509.4010152284264 511.03939962476545 127.01092459365839 127.3502538071066 127.75984990619136
 65536 16384 3824.64 3827.712 3845.12 558.4958721704395 561.0358480470841 561.4864792503347 139.62396804260987 140.25896201177102 140.37161981258367
 72088 8192 1915.872 1921.024 1927.168 612.8629117959618 614.8230277185502 616.4763575019625 153.21572794899046 153.70575692963754 154.11908937549063
 79296 8192 1914.88 1917.952 1927.168 674.1424017003188 677.3817405232247 678.4684491978609 168.5356004250797 169.34543513080618 169.61711229946522
 87224 8192 1917.952 1920.0 1924.096 742.7269824374667 744.3114666666667 745.1062466631074 185.6817456093667 186.07786666666667 186.27656166577685
 95944 8192 1912.896 1915.904 1930.24 814.3787798408489 820.4724746125067 821.7626551574158 203.59469496021222 205.1181186531267 205.44066378935395
 105536 8192 1916.928 1920.0 1924.192 898.6118973574363 900.5738666666666 902.017094017094 224.65297433935908 225.14346666666665 225.5042735042735
 116088 8192 1915.904 1917.952 1925.12 987.9829787234044 991.6753870795516 992.735435595938 246.9957446808511 247.9188467698879 248.1838588989845
 127696 8192 1916.928 1921.024 1928.192 1085.043016463091 1089.091684434968 1091.4188034188035 271.2607541157727 272.272921108742 272.85470085470087
 140464 4096 962.56 964.608 967.68 1189.1132275132277 1192.9002123142252 1195.4382978723406 297.2783068783069 298.2250530785563 298.85957446808516
 154504 4096 961.536 964.608 967.68 1307.9703703703703 1312.135881104034 1316.3280085197018 326.9925925925926 328.0339702760085 329.08200212992546
 169952 4096 963.616 965.632 969.728 1435.7085533262934 1441.7985153764582 1444.8149304287183 358.92713833157336 360.44962884411456 361.2037326071796
 186944 4096 965.632 966.656 1083.392 1413.5652173913043 1584.271186440678 1585.9512195121954 353.39130434782606 396.0677966101695 396.48780487804885
 205632 4096 966.592 967.68 1085.408 1551.985376927386 1740.8000000000002 1742.7594517645502 387.9963442318465 435.20000000000005 435.68986294113756
 226192 4096 970.752 977.92 1099.776 1684.8566108007449 1894.8020942408377 1908.7932489451478 421.2141527001862 473.70052356020943 477.19831223628694
 248808 4096 972.8 1093.632 1104.896 1844.7303058387397 1863.7303370786517 2095.225263157895 461.1825764596849 465.9325842696629 523.8063157894737
 273688 2048 498.688 557.056 561.152 1997.722627737226 2012.4117647058824 2247.950718685832 499.4306569343065 503.1029411764706 561.987679671458
 301056 2048 516.096 575.488 580.608 2123.851851851852 2142.747330960854 2389.3333333333335 530.962962962963 535.6868327402135 597.3333333333334
 331160 2048 664.672 753.664 754.688 1797.3405698778834 1799.782608695652 2040.7529728949014 449.33514246947084 449.945652173913 510.18824322372535
 364272 2048 997.376 1000.448 1005.568 1483.7963340122199 1491.3899692937566 1495.9835728952773 370.94908350305496 372.84749232343916 373.99589322381934
 400696 2048 993.28 999.424 1001.472 1638.8384458077708 1642.1967213114751 1652.3546391752575 409.7096114519427 410.5491803278688 413.0886597938144
 440760 2048 990.208 995.328 999.456 1806.3356065699743 1813.8271604938273 1823.2057911065149 451.5839016424936 453.4567901234568 455.8014477766287
 484832 2048 995.328 1000.448 1003.52 1978.9061224489797 1984.982599795292 1995.19341563786 494.7265306122449 496.245649948823 498.798353909465
 533312 1024 504.832 508.928 515.072 2120.524850894632 2146.124748490946 2163.5375253549696 530.131212723658 536.5311871227365 540.8843813387424
 586640 1024 512.0 515.072 517.12 2323.326732673267 2332.564612326044 2346.5600000000004 580.8316831683168 583.141153081511 586.6400000000001
 645304 1024 527.36 529.376 529.408 2496.3404255319147 2496.4913256362206 2506.0349514563104 624.0851063829787 624.1228314090552 626.5087378640776
 709832 1024 694.272 697.344 697.344 2084.6754772393538 2084.6754772393538 2093.899705014749 521.1688693098384 521.1688693098384 523.4749262536873
 780808 1024 696.32 697.312 699.392 2286.4070278184477 2293.227112110504 2296.494117647059 571.6017569546119 573.306778027626 574.1235294117647
 858888 1024 696.32 699.392 699.392 2515.0453879941433 2515.0453879941433 2526.141176470588 628.7613469985358 628.7613469985358 631.535294117647
 944776 1024 710.656 710.656 713.728 2710.978479196557 2722.697406340058 2722.697406340058 677.7446197991393 680.6743515850145 680.6743515850145
 1039248 1024 928.768 931.872 941.056 2261.6931447225243 2283.983104975791 2291.6163175303195 565.4232861806311 570.9957762439477 572.9040793825799
 1143168 512 470.016 471.04 472.064 2479.75704989154 2485.1478260869562 2490.5620915032678 619.939262472885 621.2869565217391 622.6405228758169
 1257480 512 476.16 477.152 479.232 2686.923076923077 2698.635906377842 2704.258064516129 671.7307692307693 674.6589765944605 676.0645161290322
 1383224 512 590.848 591.84 591.872 2393.1211072664364 2393.2505001351715 2397.2686308492202 598.2802768166091 598.3126250337929 599.3171577123051
 1521544 512 592.896 593.888 594.912 2618.9773546339625 2623.4930761355677 2627.882556131261 654.7443386584906 655.8732690338919 656.9706390328153
 1673696 512 709.632 711.68 718.848 2384.1823361823363 2408.1956834532375 2415.145743145743 596.0455840455841 602.0489208633094 603.7864357864357
 1841064 512 711.68 714.752 715.776 2633.8540772532187 2637.627507163324 2649.012949640288 658.4635193133047 659.406876790831 662.253237410072
 2025168 512 832.544 835.552 835.584 2481.823529411765 2481.918578376929 2490.885805434908 620.4558823529412 620.4796445942322 622.721451358727
 2227680 256 424.96 424.96 425.984 2677.5000000000005 2683.9518072289156 2683.9518072289156 669.3750000000001 670.9879518072289 670.9879518072289
 2450448 256 482.304 483.328 483.328 2595.813559322034 2595.813559322034 2601.3248407643314 648.9533898305085 648.9533898305085 650.3312101910828
 2695488 256 541.696 543.744 543.744 2538.124293785311 2538.124293785311 2547.7202268430997 634.5310734463277 634.5310734463277 636.9300567107749
 2965032 256 598.016 601.088 607.232 2500.026981450253 2525.580919931857 2538.554794520548 625.0067453625633 631.3952299829642 634.638698630137
 3261528 256 610.304 611.296 612.352 2727.0301003344484 2731.7409830916613 2736.1812080536915 681.7575250836121 682.9352457729153 684.0453020134229
 3587680 256 671.744 671.744 672.768 2730.3500761035007 2734.512195121951 2734.512195121951 682.5875190258752 683.6280487804878 683.6280487804878
 3946448 256 775.168 777.216 778.24 2596.3473684210526 2599.7681159420285 2606.6367239101714 649.0868421052631 649.9420289855071 651.6591809775429
 4341088 128 427.008 428.032 430.08 2583.980952380952 2596.3444976076557 2602.5707434052756 645.995238095238 649.0861244019139 650.6426858513189
 4775192 128 457.728 460.8 461.824 2647.0022172949 2652.8844444444444 2670.68903803132 661.750554323725 663.2211111111111 667.67225950783
 5252704 128 512.0 514.048 515.072 2610.68787276342 2615.8884462151395 2626.3520000000003 652.671968190855 653.9721115537849 656.5880000000001
 5777968 128 550.88 550.912 552.96 2674.985185185185 2684.929368029739 2685.0853325588146 668.7462962962962 671.2323420074348 671.2713331397036
 6355760 128 612.352 613.376 614.4 2648.2333333333336 2652.6544240400667 2657.090301003345 662.0583333333334 663.1636060100167 664.2725752508362
 6991336 128 674.816 676.864 677.888 2640.2326283987913 2644.2269288956127 2652.251896813353 660.0581570996978 661.0567322239032 663.0629742033383
 7690464 128 737.28 740.352 741.376 2655.546961325967 2659.219917012448 2670.3 663.8867403314918 664.804979253112 667.575
 8459504 64 416.768 417.792 423.936 2554.1980676328503 2591.759803921569 2598.1277641277643 638.5495169082126 647.9399509803923 649.5319410319411
 9305448 64 522.24 529.408 541.664 2198.9597684173214 2249.866537717601 2280.747058823529 549.7399421043303 562.4666344294003 570.1867647058823
 10235992 64 708.608 740.352 802.816 1632.0140306122448 1769.7081604426 1848.9869942196533 408.0035076530612 442.42704011065 462.2467485549133
 11259584 64 1000.448 1024.992 1038.336 1388.0157790927021 1406.0858543286192 1440.5813715455477 347.00394477317553 351.5214635821548 360.1453428863869
 12385536 64 1233.92 1235.968 1248.256 1270.050861361772 1282.6777133388566 1284.8066390041492 317.512715340443 320.66942833471415 321.2016597510373
 13624088 64 1393.632 1396.736 1424.384 1224.3069734004312 1248.5417888563047 1251.3226332345985 306.0767433501078 312.1354472140762 312.8306583086496
 14986496 64 1609.728 1615.872 1648.672 1163.5252421342752 1187.1432192648922 1191.6743002544529 290.8813105335688 296.78580481622305 297.9185750636132
 16485144 64 1691.648 1704.96 1722.368 1225.114744351962 1237.6234234234234 1247.3625907990315 306.2786860879905 309.40585585585586 311.8406476997579
 18133656 32 1223.68 1232.896 1252.32 926.723188961288 941.3235049833887 948.4129707112971 231.680797240322 235.33087624584718 237.10324267782428
 19947016 32 1564.672 1568.768 1582.08 806.9181229773463 813.7653394255875 815.8956151832462 201.72953074433659 203.44133485639688 203.97390379581154
 21941712 32 1735.68 1739.776 1756.128 799.6396435795112 807.1553855208945 809.0601769911503 199.9099108948778 201.78884638022362 202.26504424778759
 24135880 32 1917.952 1922.048 1940.48 796.0382585751978 803.6720831113479 805.3884143085959 199.00956464379945 200.91802077783697 201.34710357714897
 26549464 32 2125.824 2126.848 2145.312 792.0366342984144 798.9126143476168 799.2974470134874 198.0091585746036 199.7281535869042 199.82436175337185
 29204408 32 2337.792 2341.888 2370.56 788.4559395248381 798.1090948841278 799.5074463425318 197.11398488120952 199.52727372103195 199.87686158563295
 32124848 32 2580.48 2586.624 2616.32 785.8328767123287 794.8547110055424 796.7472222222221 196.45821917808217 198.7136777513856 199.18680555555554
 35337328 16 1418.208 1426.432 1439.744 785.4135846372689 792.7433596554199 797.3403732033665 196.3533961593172 198.18583991385498 199.33509330084163
 38871056 16 1560.576 1577.984 1585.152 784.703165374677 788.2676833225179 797.0606955380578 196.17579134366926 197.06692083062947 199.26517388451444
 42758160 16 1729.568 1734.656 1756.16 779.1209912536443 788.7795159386069 791.0999278432535 194.78024781341108 197.19487898465172 197.77498196081336
 47033976 16 1906.656 1915.904 1931.264 779.327545068929 785.5754943880278 789.3858315291275 194.83188626723225 196.39387359700694 197.34645788228187
 51737368 16 2107.392 2129.92 2131.968 776.557516810759 777.3042067307692 785.6135811467444 194.13937920268975 194.3260516826923 196.4033952866861
 56911104 16 2335.744 2339.84 2364.416 770.234733650931 778.324726477024 779.6896098202542 192.55868341273276 194.581181619256 194.92240245506355
 62602208 16 2577.408 2599.936 2604.032 769.2957137239482 770.5076801890508 777.2423520063569 192.32392843098705 192.6269200472627 194.31058800158922
 68862424 8 1398.784 1412.096 1418.24 776.8775270758123 780.2577048585932 787.6832906295754 194.21938176895307 195.0644262146483 196.92082265739384
 75748664 8 1543.168 1557.504 1560.544 776.6385465581233 778.1544214332675 785.3834605175846 194.15963663953082 194.5386053583169 196.34586512939615
 83323528 8 1713.152 1716.256 1725.44 772.658827893175 776.7934667089291 778.2009115361625 193.16470697329376 194.1983666772323 194.55022788404062
 91655880 8 1872.896 1884.16 1894.4 774.1206081081081 778.3277853260869 783.0088162930563 193.53015202702701 194.58194633152172 195.75220407326407
 100821464 8 2066.432 2080.768 2083.84 774.1205773955774 775.2634719488188 780.6419103072349 193.53014434889434 193.8158679872047 195.16047757680872
 110903608 8 2281.472 2294.784 2300.928 771.1922007120606 773.2569723337795 777.7687948833034 192.79805017801516 193.31424308344486 194.44219872082584
 121993968 8 2513.92 2522.112 2558.976 762.767406962785 773.9162606577345 776.4381873727086 190.69185174069625 193.47906516443362 194.10954684317716
 134193360 8 2763.776 2781.184 2810.88 763.8510928961749 772.007087628866 776.8696739533161 190.96277322404373 193.0017719072165 194.21741848832903
 147612696 4 1502.208 1504.256 1512.448 780.7882109004738 785.0402910142953 786.1105572597136 195.19705272511845 196.26007275357384 196.5276393149284
 162373960 4 1649.664 1664.0 1676.288 774.9215409285279 780.6440384615386 787.4280338299194 193.73038523213197 195.16100961538464 196.85700845747985
 178611352 4 1811.456 1835.008 1844.256 774.7789981434247 778.6836983816964 788.80790700961 193.69474953585618 194.6709245954241 197.2019767524025
 196472480 4 2019.328 2024.448 2035.712 772.1032444668009 776.3992159838137 778.3677738336714 193.02581111670023 194.09980399595344 194.59194345841786
 216119728 4 2228.224 2233.344 2237.44 772.7393020594965 774.1565222375058 775.9353745404412 193.18482551487412 193.53913055937645 193.9838436351103
 237731696 4 2448.352 2464.768 2504.704 759.3127044153719 771.6156522642293 776.7892721308046 189.82817610384296 192.90391306605733 194.19731803270116
 261504864 4 2697.216 2711.552 2715.648 770.364536199095 771.5282288519637 775.628986332574 192.59113404977376 192.88205721299093 193.9072465831435
 287655344 2 1467.392 1471.488 1473.536 780.8573227936065 781.9441109951287 784.1267882065596 195.21433069840162 195.48602774878216 196.0316970516399
 316420872 2 1607.68 1626.112 1627.136 777.8596798300819 778.3495159005038 787.273268312102 194.46491995752046 194.58737897512594 196.8183170780255
 348062952 2 1769.472 1781.76 1801.216 772.951055287095 781.3913254310344 786.8176540798611 193.23776382177374 195.3478313577586 196.70441351996527
 382869240 2 1960.96 1967.104 1988.576 770.137505431022 778.5439712389381 780.9832734986945 192.5343763577555 194.63599280973452 195.24581837467363
 421156160 2 2152.448 2171.904 2179.072 773.0926926691728 775.6441537010844 782.6552093244529 193.2731731672932 193.9110384252711 195.66380233111323
 463271776 2 2391.04 2393.088 2401.312 771.6977652216789 774.3497539580659 775.0130085653105 192.92444130541972 193.58743848951647 193.75325214132764
 509598952 2 2623.488 2646.016 2661.376 765.9180093305118 770.3641278057275 776.9792764441844 191.47950233262796 192.5910319514319 194.2448191110461
 560558840 1 1429.472 1447.2 1452.064 772.0855830046058 774.6805417357656 784.287960869468 193.02139575115146 193.6701354339414 196.071990217367
 616614720 1 1576.64 1580.128 1597.312 772.0654699895825 780.4617347455396 782.1883499086664 193.01636749739563 195.1154336863849 195.5470874771666
 678276192 1 1736.8 1749.632 1762.656 769.6069930831654 775.3358329065769 781.0642468908337 192.40174827079136 193.83395822664423 195.26606172270843
 746103808 1 1926.848 1934.432 1949.248 765.5298946055094 771.3931614034507 774.4293353705119 191.38247365137735 192.84829035086267 193.60733384262798
 820714184 1 2113.376 2117.952 2149.92 763.4834635707375 775.0073504970838 776.6854397892281 190.87086589268438 193.75183762427096 194.17135994730702
 902785600 1 2339.36 2348.16 2351.52 767.8315302442675 768.9302262196784 771.8227207441352 191.95788256106687 192.2325565549196 192.9556801860338
 993064160 1 2582.784 2586.688 2590.784 766.6128554136508 767.8267808100551 768.9873872534442 191.6532138534127 191.95669520251377 192.24684681336106
 
META_DATA
 FLOPS          4
 MPI_PROCS      1
 GPU_BLOCKS     160
 GPU_THREADS    1024
 ERT_VERSION  1.1.0
 HOSTNAME  ('deepv.deep', [], ['10.2.8.6'])
 UNAME  uname_result(system='Linux', node='deepv', release='4.18.0-513.11.1.el8_9.0.1.x86_64', version='#1 SMP Sun Feb 11 10:42:18 UTC 2024', machine='x86_64')
 TIMESTAMP_DATA  1710681774.9136114
 CONFIG  {'ERT_RESULTS': ['Results.esb.deep.fz-juelich.de.01-gcc2023'], 'ERT_DRIVER': ['driver1'], 'ERT_KERNEL': ['kernel1'], 'ERT_MPI': ['True'], 'ERT_MPI_CFLAGS': ['-I', '/p/software/deep/stages/2023/software/psmpi/5.9.2-1-GCC-11.3.0/include'], 'ERT_MPI_LDFLAGS': ['-L', '/p/software/deep/stages/2023/software/psmpi/5.9.2-1-GCC-11.3.0/lib', '-lmpi'], 'ERT_GPU': ['True'], 'ERT_GPU_CFLAGS': ['-x', 'cu', '-arch=sm_70'], 'ERT_GPU_LDFLAGS': [], 'ERT_FLOPS': ['1,2,4,8,16,32,64,128'], 'ERT_ALIGN': ['64'], 'ERT_CC': ['nvcc'], 'ERT_CFLAGS': ['-O3'], 'ERT_LD': ['nvcc'], 'ERT_LDFLAGS': [], 'ERT_LDLIBS': [], 'ERT_PRECISION': ['FP64'], 'ERT_RUN': ['srun', '-p', 'dp-esb', '-n', 'ERT_MPI_PROCS', '-c', '8', 'ERT_CODE'], 'ERT_MPI_PROCS': ['1'], 'ERT_BLOCKS_THREADS': ['163840'], 'ERT_GPU_BLOCKS': ['80,160,320'], 'ERT_GPU_THREADS': ['256,512,1024'], 'ERT_NUM_EXPERIMENTS': ['5'], 'ERT_MEMORY_MAX': ['1073741824'], 'ERT_WORKING_SET_MIN': ['128'], 'ERT_TRIALS_MIN': ['1'], 'ERT_GNUPLOT': ['gnuplot'], 'ERT_OPENMP': [False], 'ERT_HIP': [False], 'ERT_OCL': [False], 'ERT_SYCL': [False], 'ERT_WSS_MULT': [1.1]}
 TIMESTAMP_DATA  1710681829.7691777
 TIMESTAMP_DATA  1710681872.2527878
 TIMESTAMP_DATA  1710681930.879363
 TIMESTAMP_DATA  1710681971.8682454
 